,0,1,2,3,4,5,6,7,8,9,10,11
0,1.5139782e+12,0.00012783,0.00012938,0.00012783,0.00012938,704.0,1.5139785e+12,0.09020928,7.0,704.0,0.09020928,0.0
1,1.5139785e+12,0.00012938,0.00012938,0.00012814,0.00012814,141.0,1.5139788e+12,0.01814214,3.0,60.0,0.0077628,0.0
2,1.5139788e+12,0.0001298,0.00013,0.0001289,0.00013,140.0,1.5139791e+12,0.01815531,6.0,73.0,0.0094784,0.0
3,1.5139791e+12,0.0001321,0.0001321,0.00013008,0.00013008,1008.0,1.5139794e+12,0.13314064,4.0,554.0,0.0731834,0.0
4,1.5139794e+12,0.0001321,0.0001321,0.0001321,0.0001321,297.0,1.5139797e+12,0.0392337,2.0,297.0,0.0392337,0.0
5,1.5139797e+12,0.00013211,0.00013211,0.00013211,0.00013211,15.0,1.51398e+12,0.00198165,1.0,15.0,0.00198165,0.0
6,1.51398e+12,0.0001321,0.00013211,0.00013024,0.00013024,153.0,1.5139803e+12,0.02000708,3.0,38.0,0.00502018,0.0
7,1.5139803e+12,0.00013198,0.000132,0.00013198,0.000132,448.0,1.5139806e+12,0.05913497,4.0,448.0,0.05913497,0.0
8,1.5139806e+12,0.000132,0.0001321,0.000132,0.0001321,993.0,1.5139809e+12,0.1311531,3.0,993.0,0.1311531,0.0
9,1.5139809e+12,0.0001321,0.0001321,0.0001321,0.0001321,0.0,1.5139812e+12,0.0,0.0,0.0,0.0,0.0
10,1.5139812e+12,0.0001321,0.0001321,0.0001321,0.0001321,0.0,1.5139815e+12,0.0,0.0,0.0,0.0,0.0
11,1.5139815e+12,0.00013211,0.00013211,0.00013211,0.00013211,687.0,1.5139818e+12,0.09075957,2.0,687.0,0.09075957,0.0
12,1.5139818e+12,0.0001337,0.00014,0.0001337,0.0001368,4517.0,1.5139821e+12,0.62262425,19.0,4509.0,0.62152985,0.0
13,1.5139821e+12,0.00014,0.00014,0.00014,0.00014,1.0,1.5139824e+12,0.00014,1.0,1.0,0.00014,0.0
14,1.5139824e+12,0.00014,0.00014,0.00014,0.00014,0.0,1.5139827e+12,0.0,0.0,0.0,0.0,0.0
15,1.5139827e+12,0.00014,0.00014,0.00014,0.00014,0.0,1.513983e+12,0.0,0.0,0.0,0.0,0.0
16,1.513983e+12,0.00014,0.00014,0.00014,0.00014,14.0,1.5139833e+12,0.00196,1.0,14.0,0.00196,0.0
17,1.5139833e+12,0.0001368,0.0001368,0.00013541,0.0001356,1590.0,1.5139836e+12,0.21554144,7.0,0.0,0.0,0.0
18,1.5139836e+12,0.0001356,0.0001356,0.0001356,0.0001356,0.0,1.5139839e+12,0.0,0.0,0.0,0.0,0.0
19,1.5139839e+12,0.0001367,0.0001367,0.0001367,0.0001367,140.0,1.5139842e+12,0.019138,2.0,0.0,0.0,0.0
20,1.5139842e+12,0.0001367,0.00013814,0.0001367,0.00013814,790.0,1.5139845e+12,0.10883504,6.0,244.0,0.03360356,0.0
21,1.5139845e+12,0.00013815,0.00013815,0.00013815,0.00013815,528.0,1.5139848e+12,0.0729432,2.0,528.0,0.0729432,0.0
22,1.5139848e+12,0.0001385,0.0001385,0.00013823,0.00013823,180.0,1.5139851e+12,0.02489922,3.0,0.0,0.0,0.0
23,1.5139851e+12,0.00013995,0.00013995,0.00013818,0.00013818,184.0,1.5139854e+12,0.02546762,4.0,13.0,0.00181726,0.0
24,1.5139854e+12,0.00013859,0.00013859,0.00013859,0.00013859,362.0,1.5139857e+12,0.05016958,2.0,0.0,0.0,0.0
25,1.5139857e+12,0.00014,0.00014,0.00013819,0.00014,94.0,1.513986e+12,0.01312018,4.0,72.0,0.01008,0.0
26,1.513986e+12,0.00013999,0.00014092,0.00013999,0.00014084,1047.0,1.5139863e+12,0.14693719,9.0,648.0,0.0907193,0.0
27,1.5139863e+12,0.00014095,0.00014095,0.00014093,0.00014093,275.0,1.5139866e+12,0.03875777,3.0,0.0,0.0,0.0
28,1.5139866e+12,0.00014092,0.00014285,0.00014017,0.00014057,2241.0,1.5139869e+12,0.31653075,9.0,88.0,0.0124475,0.0
29,1.5139869e+12,0.00014057,0.00014057,0.00014057,0.00014057,0.0,1.5139872e+12,0.0,0.0,0.0,0.0,0.0
30,1.5139872e+12,0.00014063,0.00014263,0.00014057,0.00014057,685.0,1.5139875e+12,0.09651955,4.0,109.0,0.01552123,0.0
31,1.5139875e+12,0.0001406,0.0001406,0.0001406,0.0001406,105.0,1.5139878e+12,0.014763,1.0,0.0,0.0,0.0
32,1.5139878e+12,0.00014199,0.000142,0.00014199,0.000142,550.0,1.5139881e+12,0.0780965,3.0,550.0,0.0780965,0.0
33,1.5139881e+12,0.00014199,0.00014199,0.00014199,0.00014199,3.0,1.5139884e+12,0.00042597,1.0,3.0,0.00042597,0.0
34,1.5139884e+12,0.00014199,0.00014199,0.00014199,0.00014199,0.0,1.5139887e+12,0.0,0.0,0.0,0.0,0.0
35,1.5139887e+12,0.00014199,0.00014225,0.00014086,0.00014086,1390.0,1.513989e+12,0.19705622,6.0,998.0,0.1418391,0.0
36,1.513989e+12,0.00014086,0.00014086,0.00014086,0.00014086,0.0,1.5139893e+12,0.0,0.0,0.0,0.0,0.0
37,1.5139893e+12,0.00014057,0.00014057,0.00013828,0.00013828,1179.0,1.5139896e+12,0.16327044,6.0,70.0,0.0098,0.0
38,1.5139896e+12,0.00013817,0.00013817,0.00013815,0.00013817,3541.0,1.5139899e+12,0.48922173,9.0,98.0,0.01354066,0.0
39,1.5139899e+12,0.00013815,0.00013815,0.00013063,0.00013459,1900.0,1.5139902e+12,0.25727904,16.0,980.0,0.13308318,0.0
40,1.5139902e+12,0.00013459,0.00013459,0.00013459,0.00013459,0.0,1.5139905e+12,0.0,0.0,0.0,0.0,0.0
41,1.5139905e+12,0.00013478,0.00013478,0.00013478,0.00013478,422.0,1.5139908e+12,0.05687716,1.0,422.0,0.05687716,0.0
42,1.5139908e+12,0.00013478,0.00013478,0.00013468,0.00013469,860.0,1.5139911e+12,0.1158319,10.0,474.0,0.06384084,0.0
43,1.5139911e+12,0.00013469,0.00013469,0.00013469,0.00013469,173.0,1.5139914e+12,0.02330137,2.0,0.0,0.0,0.0
44,1.5139914e+12,0.00013593,0.00013593,0.0001338,0.00013511,1746.0,1.5139917e+12,0.23487494,5.0,746.0,0.10107494,0.0
45,1.5139917e+12,0.00013511,0.00013511,0.00013511,0.00013511,0.0,1.513992e+12,0.0,0.0,0.0,0.0,0.0
46,1.513992e+12,0.0001335,0.00013554,0.0001331,0.00013554,3017.0,1.5139923e+12,0.40191076,8.0,17.0,0.00230418,0.0
47,1.5139923e+12,0.00013554,0.00013554,0.00013554,0.00013554,0.0,1.5139926e+12,0.0,0.0,0.0,0.0,0.0
48,1.5139926e+12,0.00013554,0.00013554,0.00013554,0.00013554,0.0,1.5139929e+12,0.0,0.0,0.0,0.0,0.0
49,1.5139929e+12,0.00013554,0.00013554,0.00013554,0.00013554,0.0,1.5139932e+12,0.0,0.0,0.0,0.0,0.0
50,1.5139932e+12,0.00013467,0.00013467,0.00013312,0.00013312,417.0,1.5139935e+12,0.0555665,4.0,22.0,0.00296274,0.0
51,1.5139935e+12,0.00013321,0.00013561,0.00013321,0.00013336,945.0,1.5139938e+12,0.12605751,10.0,439.0,0.05856439,0.0
52,1.5139938e+12,0.00013335,0.0001335,0.00013335,0.0001335,1761.0,1.5139941e+12,0.23501103,4.0,573.0,0.07641303,0.0
53,1.5139941e+12,0.0001335,0.00013356,0.0001335,0.00013356,427.0,1.5139944e+12,0.05702334,2.0,427.0,0.05702334,0.0
54,1.5139944e+12,0.00013356,0.00013356,0.00013356,0.00013356,0.0,1.5139947e+12,0.0,0.0,0.0,0.0,0.0
55,1.5139947e+12,0.00013354,0.00013356,0.00013336,0.00013356,1528.0,1.513995e+12,0.20403414,4.0,1186.0,0.15840216,0.0
56,1.513995e+12,0.00013356,0.00013356,0.00013356,0.00013356,0.0,1.5139953e+12,0.0,0.0,0.0,0.0,0.0
57,1.5139953e+12,0.00013533,0.00013533,0.00013523,0.00013523,122.0,1.5139956e+12,0.01651016,2.0,122.0,0.01651016,0.0
58,1.5139956e+12,0.00013336,0.00013336,0.000132,0.00013231,1512.0,1.5139959e+12,0.20081045,10.0,0.0,0.0,0.0
59,1.5139959e+12,0.00013262,0.00013262,0.00013262,0.00013262,38.0,1.5139962e+12,0.00503956,1.0,0.0,0.0,0.0
60,1.5139962e+12,0.00013325,0.00013493,0.00013325,0.00013493,560.0,1.5139965e+12,0.0747208,2.0,60.0,0.0080958,0.0
61,1.5139965e+12,0.00013494,0.00013562,0.00013494,0.00013555,3850.0,1.5139968e+12,0.52161195,16.0,3593.0,0.4867756,0.0
62,1.5139968e+12,0.00013555,0.00013555,0.00013555,0.00013555,298.0,1.5139971e+12,0.0403939,2.0,0.0,0.0,0.0
63,1.5139971e+12,0.0001356,0.00013741,0.0001356,0.00013741,794.0,1.5139974e+12,0.10829903,7.0,794.0,0.10829903,0.0
64,1.5139974e+12,0.000139,0.000139,0.00013756,0.00013771,1161.0,1.5139977e+12,0.1606767,6.0,500.0,0.0695,0.0
65,1.5139977e+12,0.00013807,0.00014,0.00013806,0.00013904,2023.0,1.513998e+12,0.28184081,16.0,0.0,0.0,0.0
66,1.513998e+12,0.00014093,0.00014142,0.00013952,0.00014142,388.0,1.5139983e+12,0.05482342,5.0,246.0,0.03474558,0.0
67,1.5139983e+12,0.00014101,0.000142,0.00014101,0.00014103,835.0,1.5139986e+12,0.11826068,6.0,466.0,0.06607414,0.0
68,1.5139986e+12,0.00014121,0.00014121,0.00014121,0.00014121,8.0,1.5139989e+12,0.00112968,1.0,0.0,0.0,0.0
69,1.5139989e+12,0.000142,0.00014226,0.00013493,0.00013493,2953.0,1.5139992e+12,0.41611943,13.0,375.0,0.05325208,0.0
70,1.5139992e+12,0.00014213,0.00014213,0.00014001,0.00014001,525.0,1.5139995e+12,0.07355825,2.0,25.0,0.00355325,0.0
71,1.5139995e+12,0.00014,0.00014177,0.00014,0.00014177,2147.0,1.5139998e+12,0.30320365,12.0,1647.0,0.23320365,0.0
72,1.5139998e+12,0.00014225,0.00014226,0.00014225,0.00014225,2634.0,1.5140001e+12,0.37469605,9.0,2584.0,0.36758355,0.0
73,1.5140001e+12,0.00014223,0.00014225,0.000142,0.000142,1097.0,1.5140004e+12,0.155877,6.0,424.0,0.060311,0.0
74,1.5140004e+12,0.000142,0.0001435,0.00014026,0.0001425,2355.0,1.5140007e+12,0.33555011,16.0,370.0,0.05309244,0.0
75,1.5140007e+12,0.00014251,0.00014251,0.00014251,0.00014251,293.0,1.514001e+12,0.04175543,2.0,0.0,0.0,0.0
76,1.514001e+12,0.00014493,0.00014494,0.00014251,0.00014494,1082.0,1.5140013e+12,0.15656053,4.0,984.0,0.14259455,0.0
77,1.5140013e+12,0.00014206,0.00014494,0.000142,0.00014236,12038.0,1.5140016e+12,1.71480208,14.0,10384.0,1.47925696,0.0
78,1.5140016e+12,0.0001422,0.0001422,0.00014187,0.00014187,380.0,1.5140019e+12,0.05401684,4.0,32.0,0.00453984,0.0
79,1.5140019e+12,0.00014025,0.00014025,0.00014025,0.00014025,1292.0,1.5140022e+12,0.181203,2.0,128.0,0.017952,0.0
80,1.5140022e+12,0.00014107,0.0001412,0.00014107,0.0001412,887.0,1.5140025e+12,0.12523228,4.0,887.0,0.12523228,0.0
81,1.5140025e+12,0.00014,0.00014,0.00014,0.00014,120.0,1.5140028e+12,0.0168,2.0,0.0,0.0,0.0
82,1.5140028e+12,0.00013998,0.00013998,0.00013774,0.00013984,4722.0,1.5140031e+12,0.65578827,18.0,4008.0,0.55734957,0.0
83,1.5140031e+12,0.00013993,0.00013993,0.00013993,0.00013993,250.0,1.5140034e+12,0.0349825,2.0,250.0,0.0349825,0.0
84,1.5140034e+12,0.00013671,0.00013671,0.00013671,0.00013671,250.0,1.5140037e+12,0.0341775,1.0,0.0,0.0,0.0
85,1.5140037e+12,0.00013671,0.00013671,0.00013671,0.00013671,0.0,1.514004e+12,0.0,0.0,0.0,0.0,0.0
86,1.514004e+12,0.00013991,0.00013996,0.00013991,0.00013996,747.0,1.5140043e+12,0.10453166,5.0,747.0,0.10453166,0.0
87,1.5140043e+12,0.00013753,0.00014,0.00013753,0.00014,576.0,1.5140046e+12,0.07958778,2.0,0.0,0.0,0.0
88,1.5140046e+12,0.00014186,0.00014186,0.00013777,0.00013777,114.0,1.5140049e+12,0.01576304,2.0,14.0,0.00198604,0.0
89,1.5140049e+12,0.00013802,0.00013802,0.00013802,0.00013802,447.0,1.5140052e+12,0.06169494,1.0,0.0,0.0,0.0
90,1.5140052e+12,0.00013824,0.00013852,0.00013824,0.00013852,482.0,1.5140055e+12,0.06663922,3.0,0.0,0.0,0.0
91,1.5140055e+12,0.00013852,0.00013852,0.00013852,0.00013852,0.0,1.5140058e+12,0.0,0.0,0.0,0.0,0.0
92,1.5140058e+12,0.00013961,0.00013961,0.00013957,0.00013957,1050.0,1.5140061e+12,0.14657691,4.0,15.0,0.00209355,0.0
93,1.5140061e+12,0.00013961,0.00014097,0.00013924,0.00014051,1693.0,1.5140064e+12,0.23617217,6.0,296.0,0.04163006,0.0
94,1.5140064e+12,0.00013817,0.00013817,0.00013817,0.00013817,20.0,1.5140067e+12,0.0027634,1.0,0.0,0.0,0.0
95,1.5140067e+12,0.00013813,0.00013813,0.00013503,0.00013503,891.0,1.514007e+12,0.12199233,6.0,0.0,0.0,0.0
96,1.514007e+12,0.00013515,0.00013515,0.00013515,0.00013515,554.0,1.5140073e+12,0.0748731,1.0,0.0,0.0,0.0
97,1.5140073e+12,0.0001352,0.0001352,0.000135,0.000135,1754.0,1.5140076e+12,0.2369735,9.0,0.0,0.0,0.0
98,1.5140076e+12,0.00013496,0.00013496,0.00013431,0.00013431,1931.0,1.5140079e+12,0.25944219,13.0,1280.0,0.17198685,0.0
99,1.5140079e+12,0.00013326,0.00013434,0.00013326,0.00013434,1669.0,1.5140082e+12,0.2224362,4.0,838.0,0.11168052,0.0
100,1.5140082e+12,0.00013502,0.00013502,0.00013324,0.00013324,571.0,1.5140085e+12,0.07609788,5.0,8.0,0.00108016,0.0
101,1.5140085e+12,0.00013454,0.0001352,0.0001345,0.00013511,2302.0,1.5140088e+12,0.31038308,9.0,2302.0,0.31038308,0.0
102,1.5140088e+12,0.00013324,0.00013324,0.00013324,0.00013324,113.0,1.5140091e+12,0.01505612,2.0,58.0,0.00772792,0.0
103,1.5140091e+12,0.00013443,0.00013443,0.000132,0.000132,1688.0,1.5140094e+12,0.2243991,8.0,637.0,0.08562531,0.0
104,1.5140094e+12,0.000132,0.00013289,0.000132,0.00013289,320.0,1.5140097e+12,0.0422576,9.0,298.0,0.0393536,0.0
105,1.5140097e+12,0.00013284,0.00013284,0.00013118,0.00013118,290.0,1.51401e+12,0.03806792,3.0,15.0,0.0019926,0.0
106,1.51401e+12,0.00013066,0.00013149,0.00013027,0.00013149,1542.0,1.5140103e+12,0.20105933,7.0,114.0,0.01497644,0.0
107,1.5140103e+12,0.00013101,0.00013101,0.00013,0.00013,651.0,1.5140106e+12,0.08517007,4.0,0.0,0.0,0.0
108,1.5140106e+12,0.00013193,0.00013193,0.00013192,0.00013192,231.0,1.5140109e+12,0.03047443,3.0,0.0,0.0,0.0
109,1.5140109e+12,0.00013191,0.00013192,0.00013191,0.00013192,180.0,1.5140112e+12,0.0237447,3.0,180.0,0.0237447,0.0
110,1.5140112e+12,0.00013192,0.00013192,0.00013192,0.00013192,0.0,1.5140115e+12,0.0,0.0,0.0,0.0,0.0
111,1.5140115e+12,0.00013192,0.00013192,0.00013192,0.00013192,0.0,1.5140118e+12,0.0,0.0,0.0,0.0,0.0
112,1.5140118e+12,0.00013029,0.00013135,0.00013001,0.00013135,1404.0,1.5140121e+12,0.18272042,11.0,22.0,0.0028897,0.0
113,1.5140121e+12,0.00013135,0.00013135,0.00013135,0.00013135,0.0,1.5140124e+12,0.0,0.0,0.0,0.0,0.0
114,1.5140124e+12,0.000131,0.00013191,0.00013,0.00013191,2206.0,1.5140127e+12,0.28835312,14.0,1439.0,0.18856178,0.0
115,1.5140127e+12,0.00013193,0.00013294,0.00013193,0.00013291,195.0,1.514013e+12,0.02573933,4.0,195.0,0.02573933,0.0
116,1.514013e+12,0.00013291,0.00013291,0.00013291,0.00013291,0.0,1.5140133e+12,0.0,0.0,0.0,0.0,0.0
117,1.5140133e+12,0.0001301,0.0001301,0.00013,0.00013,7110.0,1.5140136e+12,0.92442966,7.0,5307.0,0.68991,0.0
118,1.5140136e+12,0.0001321,0.00013236,0.00013162,0.00013162,24.0,1.5140139e+12,0.00316864,3.0,24.0,0.00316864,0.0
119,1.5140139e+12,0.00013105,0.00013199,0.000131,0.00013199,27.0,1.5140142e+12,0.00354532,3.0,16.0,0.00210432,0.0
120,1.5140142e+12,0.00013126,0.00013126,0.00013123,0.00013123,1021.0,1.5140145e+12,0.13399019,3.0,1021.0,0.13399019,0.0
121,1.5140145e+12,0.00013126,0.00013126,0.00013126,0.00013126,346.0,1.5140148e+12,0.04541596,2.0,346.0,0.04541596,0.0
122,1.5140148e+12,0.00012996,0.00012996,0.00012993,0.00012993,1901.0,1.5140151e+12,0.24700498,9.0,642.0,0.08341506,0.0
123,1.5140151e+12,0.00012993,0.00012993,0.00012993,0.00012993,0.0,1.5140154e+12,0.0,0.0,0.0,0.0,0.0
124,1.5140154e+12,0.00013093,0.00013093,0.00013085,0.00013092,489.0,1.5140157e+12,0.06399226,6.0,489.0,0.06399226,0.0
125,1.5140157e+12,0.00013094,0.00013094,0.00013094,0.00013094,108.0,1.514016e+12,0.01414152,2.0,100.0,0.013094,0.0
126,1.514016e+12,0.00013092,0.00013093,0.00012997,0.00012997,794.0,1.5140163e+12,0.10390973,3.0,745.0,0.0975412,0.0
127,1.5140163e+12,0.00012999,0.00012999,0.00012999,0.00012999,20.0,1.5140166e+12,0.0025998,1.0,0.0,0.0,0.0
128,1.5140166e+12,0.00012999,0.00012999,0.00012999,0.00012999,0.0,1.5140169e+12,0.0,0.0,0.0,0.0,0.0
129,1.5140169e+12,0.00013093,0.00013093,0.00013011,0.00013011,490.0,1.5140172e+12,0.06412536,4.0,453.0,0.05931129,0.0
130,1.5140172e+12,0.00013011,0.00013011,0.00013011,0.00013011,0.0,1.5140175e+12,0.0,0.0,0.0,0.0,0.0
131,1.5140175e+12,0.00013011,0.00013011,0.00013011,0.00013011,0.0,1.5140178e+12,0.0,0.0,0.0,0.0,0.0
132,1.5140178e+12,0.00013165,0.00013165,0.00013165,0.00013165,681.0,1.5140181e+12,0.08965365,1.0,681.0,0.08965365,0.0
133,1.5140181e+12,0.00013165,0.00013165,0.00013165,0.00013165,606.0,1.5140184e+12,0.0797799,4.0,196.0,0.0258034,0.0
134,1.5140184e+12,0.00013132,0.00013165,0.00013132,0.00013165,816.0,1.5140187e+12,0.10721817,2.0,631.0,0.08286292,0.0
135,1.5140187e+12,0.00013165,0.00013176,0.00013165,0.00013176,2631.0,1.514019e+12,0.34649242,11.0,908.0,0.119629,0.0
136,1.514019e+12,0.00013177,0.00013347,0.00013177,0.0001318,5735.0,1.5140193e+12,0.7557958,27.0,2727.0,0.35936933,0.0
137,1.5140193e+12,0.0001318,0.0001318,0.00013176,0.00013176,4067.0,1.5140196e+12,0.53595094,11.0,0.0,0.0,0.0
138,1.5140196e+12,0.00013152,0.00013185,0.00013152,0.00013184,5082.0,1.5140199e+12,0.6695333,7.0,5082.0,0.6695333,0.0
139,1.5140199e+12,0.00013185,0.00013185,0.00013183,0.00013185,2528.0,1.5140202e+12,0.33329539,5.0,411.0,0.05419011,0.0
140,1.5140202e+12,0.00013185,0.00013608,0.00013177,0.00013177,2507.0,1.5140205e+12,0.33602159,8.0,2208.0,0.29660826,0.0
141,1.5140205e+12,0.00013248,0.00013445,0.00013245,0.00013445,1635.0,1.5140208e+12,0.2177237,8.0,700.0,0.09386156,0.0
142,1.5140208e+12,0.00013352,0.00013352,0.000133,0.000133,1868.0,1.5140211e+12,0.24885116,4.0,0.0,0.0,0.0
143,1.5140211e+12,0.00013364,0.00013376,0.00013364,0.00013376,75.0,1.5140214e+12,0.01002985,4.0,75.0,0.01002985,0.0
144,1.5140214e+12,0.00013353,0.00014123,0.00013353,0.00013538,2730.0,1.5140217e+12,0.36948673,22.0,2500.0,0.33822753,0.0
145,1.5140217e+12,0.00013538,0.00013538,0.00013271,0.00013288,1070.0,1.514022e+12,0.14229691,5.0,0.0,0.0,0.0
146,1.514022e+12,0.00013625,0.00013694,0.00013625,0.00013694,315.0,1.5140223e+12,0.04311676,5.0,227.0,0.03106604,0.0
147,1.5140223e+12,0.00013857,0.000142,0.00013618,0.00013812,3391.0,1.5140226e+12,0.47616039,14.0,3242.0,0.45558245,0.0
148,1.5140226e+12,0.00013812,0.00013812,0.00013636,0.00013636,274.0,1.5140229e+12,0.03782552,3.0,0.0,0.0,0.0
149,1.5140229e+12,0.00013812,0.000142,0.00013812,0.00013881,1968.0,1.5140232e+12,0.27748058,12.0,1848.0,0.26061748,0.0
150,1.5140232e+12,0.00013897,0.00014567,0.00013897,0.00013988,6416.0,1.5140235e+12,0.91825102,23.0,5500.0,0.79036943,0.0
151,1.5140235e+12,0.00014024,0.00014535,0.00014024,0.00014359,1457.0,1.5140238e+12,0.21101769,11.0,156.0,0.02265575,0.0
152,1.5140238e+12,0.00014533,0.00014533,0.00014028,0.00014028,2042.0,1.5140241e+12,0.29077871,13.0,422.0,0.06040854,0.0
153,1.5140241e+12,0.0001399,0.00013991,0.00013766,0.00013767,3501.0,1.5140244e+12,0.48309527,8.0,17.0,0.0023783,0.0
154,1.5140244e+12,0.00013991,0.00014185,0.00013811,0.00013811,204.0,1.5140247e+12,0.02889372,4.0,196.0,0.02778884,0.0
155,1.5140247e+12,0.00013865,0.00014086,0.00013865,0.0001388,2078.0,1.514025e+12,0.28954412,10.0,1209.0,0.16892624,0.0
156,1.514025e+12,0.000138,0.00014011,0.000138,0.00014011,2807.0,1.5140253e+12,0.38903251,10.0,2528.0,0.35014855,0.0
157,1.5140253e+12,0.00013869,0.00014003,0.00013814,0.0001399,4802.0,1.5140256e+12,0.66936383,19.0,3878.0,0.54135034,0.0
158,1.5140256e+12,0.00013822,0.00013986,0.00013773,0.00013773,3514.0,1.5140259e+12,0.48575474,12.0,501.0,0.07006486,0.0
159,1.5140259e+12,0.00013779,0.00013869,0.00013631,0.00013869,4320.0,1.5140262e+12,0.59023709,9.0,8.0,0.00110952,0.0
160,1.5140262e+12,0.00013779,0.00013779,0.00013521,0.00013521,2780.0,1.5140265e+12,0.37745298,12.0,450.0,0.06086514,0.0
161,1.5140265e+12,0.00013516,0.00013516,0.00013514,0.00013514,296.0,1.5140268e+12,0.04000449,8.0,0.0,0.0,0.0
162,1.5140268e+12,0.00013514,0.00013514,0.000135,0.000135,2041.0,1.5140271e+12,0.27564079,17.0,36.0,0.00486492,0.0
163,1.5140271e+12,0.000135,0.000135,0.00013487,0.00013487,2046.0,1.5140274e+12,0.27620857,4.0,11.0,0.00148357,0.0
164,1.5140274e+12,0.00013405,0.00013406,0.0001336,0.00013384,500.0,1.5140277e+12,0.06696619,6.0,367.0,0.04919739,0.0
165,1.5140277e+12,0.0001336,0.0001336,0.00013354,0.00013354,954.0,1.514028e+12,0.12744303,8.0,232.0,0.03098548,0.0
166,1.514028e+12,0.00013242,0.00013344,0.00013238,0.00013344,2378.0,1.5140283e+12,0.31549249,11.0,1787.0,0.23723476,0.0
167,1.5140283e+12,0.00013344,0.00013494,0.00013259,0.00013494,846.0,1.5140286e+12,0.11326364,4.0,560.0,0.0753429,0.0
168,1.5140286e+12,0.00013274,0.000135,0.00013274,0.000135,326.0,1.5140289e+12,0.04354729,4.0,126.0,0.01699929,0.0
169,1.5140289e+12,0.000135,0.000135,0.000135,0.000135,0.0,1.5140292e+12,0.0,0.0,0.0,0.0,0.0
170,1.5140292e+12,0.00013449,0.00013449,0.0001316,0.00013197,2778.0,1.5140295e+12,0.37045607,7.0,302.0,0.04000542,0.0
171,1.5140295e+12,0.0001341,0.0001341,0.000132,0.000132,272.0,1.5140298e+12,0.036324,2.0,272.0,0.036324,0.0
172,1.5140298e+12,0.00013214,0.00013432,0.00013214,0.00013432,70.0,1.5140301e+12,0.0093193,3.0,28.0,0.00376096,0.0
173,1.5140301e+12,0.00013261,0.00013421,0.00013261,0.00013421,20.0,1.5140304e+12,0.0026682,2.0,0.0,0.0,0.0
174,1.5140304e+12,0.000134,0.000134,0.000134,0.000134,55.0,1.5140307e+12,0.00737,1.0,0.0,0.0,0.0
175,1.5140307e+12,0.000134,0.000134,0.000134,0.000134,0.0,1.514031e+12,0.0,0.0,0.0,0.0,0.0
176,1.514031e+12,0.00013366,0.00013366,0.00013292,0.00013292,212.0,1.5140313e+12,0.02822174,4.0,39.0,0.0052046,0.0
177,1.5140313e+12,0.000133,0.000133,0.00013265,0.00013265,553.0,1.5140316e+12,0.07349121,8.0,553.0,0.07349121,0.0
178,1.5140316e+12,0.00013265,0.00013265,0.00013265,0.00013265,0.0,1.5140319e+12,0.0,0.0,0.0,0.0,0.0
179,1.5140319e+12,0.00013339,0.00013363,0.0001323,0.0001323,2706.0,1.5140322e+12,0.36068438,7.0,2258.0,0.30141398,0.0
180,1.5140322e+12,0.00013351,0.00013468,0.00013276,0.00013383,1077.0,1.5140325e+12,0.14325245,8.0,310.0,0.04139778,0.0
181,1.5140325e+12,0.00013219,0.00013219,0.0001316,0.0001316,1785.0,1.5140328e+12,0.23531046,9.0,0.0,0.0,0.0
182,1.5140328e+12,0.00013183,0.00013183,0.000128,0.000128,24238.0,1.5140331e+12,3.15009162,35.0,17645.0,2.29377668,0.0
183,1.5140331e+12,0.00012976,0.00012976,0.00012523,0.0001286,10018.0,1.5140334e+12,1.26233946,33.0,4196.0,0.52995752,0.0
184,1.5140334e+12,0.00012831,0.00012832,0.00012808,0.00012832,2473.0,1.5140337e+12,0.31685199,6.0,2473.0,0.31685199,0.0
185,1.5140337e+12,0.00012928,0.00013,0.00012832,0.00013,6878.0,1.514034e+12,0.88420368,15.0,1035.0,0.13441406,0.0
186,1.514034e+12,0.00013,0.00013,0.00012533,0.00012533,1053.0,1.5140343e+12,0.13269611,6.0,1.0,0.00013,0.0
187,1.5140343e+12,0.00012871,0.00012871,0.00012845,0.0001285,2746.0,1.5140346e+12,0.35283843,8.0,2646.0,0.33998843,0.0
188,1.5140346e+12,0.00012846,0.00012846,0.0001255,0.0001255,4444.0,1.5140349e+12,0.56143774,11.0,779.0,0.10000978,0.0
189,1.5140349e+12,0.00012749,0.00012749,0.00012747,0.00012747,680.0,1.5140352e+12,0.08669296,2.0,680.0,0.08669296,0.0
190,1.5140352e+12,0.00012735,0.00012746,0.00012735,0.00012746,568.0,1.5140355e+12,0.07235742,4.0,568.0,0.07235742,0.0
191,1.5140355e+12,0.00012729,0.00012744,0.00012682,0.00012743,1160.0,1.5140358e+12,0.14757752,8.0,726.0,0.09251656,0.0
192,1.5140358e+12,0.00012743,0.00012746,0.00012668,0.00012746,1195.0,1.5140361e+12,0.15175794,7.0,564.0,0.07179621,0.0
193,1.5140361e+12,0.00012746,0.00012811,0.00012746,0.00012811,1232.0,1.5140364e+12,0.15709208,8.0,1232.0,0.15709208,0.0
194,1.5140364e+12,0.00012811,0.00012811,0.00012811,0.00012811,56.0,1.5140367e+12,0.00717416,1.0,56.0,0.00717416,0.0
195,1.5140367e+12,0.00012927,0.00012928,0.00012927,0.00012928,200.0,1.514037e+12,0.02585505,3.0,200.0,0.02585505,0.0
196,1.514037e+12,0.00012815,0.00012928,0.00012799,0.00012928,2461.0,1.5140373e+12,0.31598034,13.0,677.0,0.08750158,0.0
197,1.5140373e+12,0.00012932,0.00013,0.00012932,0.00013,2446.0,1.5140376e+12,0.3179579,8.0,2436.0,0.3166647,0.0
198,1.5140376e+12,0.00012823,0.00012823,0.00012784,0.00012785,1405.0,1.5140379e+12,0.17970743,7.0,0.0,0.0,0.0
199,1.5140379e+12,0.00012794,0.00013,0.00012794,0.00013,794.0,1.5140382e+12,0.10262483,11.0,631.0,0.08157697,0.0
200,1.5140382e+12,0.00012999,0.00012999,0.00012999,0.00012999,512.0,1.5140385e+12,0.06655488,4.0,64.0,0.00831936,0.0
201,1.5140385e+12,0.00012994,0.00012994,0.00012783,0.00012783,8782.0,1.5140388e+12,1.12490893,14.0,174.0,0.02255892,0.0
202,1.5140388e+12,0.00012783,0.00012783,0.0001265,0.0001265,3006.0,1.5140391e+12,0.38074058,15.0,101.0,0.01280373,0.0
203,1.5140391e+12,0.00012528,0.00012672,0.00012526,0.00012529,4585.0,1.5140394e+12,0.57456445,14.0,1661.0,0.2082239,0.0
204,1.5140394e+12,0.00012529,0.00012677,0.00012529,0.00012677,3217.0,1.5140397e+12,0.40428186,9.0,869.0,0.10988241,0.0
205,1.5140397e+12,0.000127,0.00012755,0.00012606,0.00012754,3808.0,1.51404e+12,0.48288637,13.0,2862.0,0.36264586,0.0
206,1.51404e+12,0.000128,0.0001285,0.000128,0.00012849,2467.0,1.5140403e+12,0.31671443,9.0,2467.0,0.31671443,0.0
207,1.5140403e+12,0.00012619,0.0001282,0.00012619,0.00012809,3316.0,1.5140406e+12,0.42246566,11.0,2101.0,0.26907171,0.0
208,1.5140406e+12,0.00012809,0.00012809,0.000128,0.00012809,2425.0,1.5140409e+12,0.3106172,21.0,2425.0,0.3106172,0.0
209,1.5140409e+12,0.00012809,0.00013373,0.00012809,0.00012863,4584.0,1.5140412e+12,0.59239331,29.0,1632.0,0.21103393,0.0
210,1.5140412e+12,0.00013094,0.00013094,0.00013067,0.00013067,84.0,1.5140415e+12,0.01097844,3.0,84.0,0.01097844,0.0
211,1.5140415e+12,0.00013051,0.00013051,0.00013051,0.00013051,16.0,1.5140418e+12,0.00208816,1.0,16.0,0.00208816,0.0
212,1.5140418e+12,0.00012874,0.00012989,0.00012874,0.00012874,1647.0,1.5140421e+12,0.21206353,5.0,1297.0,0.16700453,0.0
213,1.5140421e+12,0.00012989,0.00012989,0.00012811,0.00012989,4328.0,1.5140424e+12,0.55819989,12.0,721.0,0.09321725,0.0
214,1.5140424e+12,0.0001296,0.0001296,0.00012809,0.00012809,2365.0,1.5140427e+12,0.3049333,16.0,1577.0,0.20398568,0.0
215,1.5140427e+12,0.00012792,0.0001291,0.00012792,0.00012896,594.0,1.514043e+12,0.07623,4.0,237.0,0.03056256,0.0
216,1.514043e+12,0.00012855,0.00012855,0.00012849,0.00012849,468.0,1.5140433e+12,0.06014188,6.0,468.0,0.06014188,0.0
217,1.5140433e+12,0.00012858,0.00012894,0.00012858,0.00012859,872.0,1.5140436e+12,0.11233046,6.0,872.0,0.11233046,0.0
218,1.5140436e+12,0.00012859,0.00012895,0.0001285,0.00012895,5454.0,1.5140439e+12,0.70241916,24.0,5452.0,0.70216126,0.0
219,1.5140439e+12,0.00012935,0.0001318,0.00012935,0.0001318,1966.0,1.5140442e+12,0.25574192,7.0,1966.0,0.25574192,0.0
220,1.5140442e+12,0.00013024,0.000133,0.00013024,0.0001318,6055.0,1.5140445e+12,0.80125234,17.0,3586.0,0.47476056,0.0
221,1.5140445e+12,0.00013298,0.00013499,0.00013298,0.00013491,958.0,1.5140448e+12,0.12746488,4.0,958.0,0.12746488,0.0
222,1.5140448e+12,0.00013457,0.00013457,0.00013293,0.00013293,921.0,1.5140451e+12,0.12269749,3.0,164.0,0.02206948,0.0
223,1.5140451e+12,0.0001344,0.00013457,0.0001344,0.00013457,3827.0,1.5140454e+12,0.51491277,8.0,3783.0,0.50899213,0.0
224,1.5140454e+12,0.00013491,0.00013499,0.00013457,0.00013457,1114.0,1.5140457e+12,0.15026116,8.0,1014.0,0.13680328,0.0
225,1.5140457e+12,0.00013457,0.00013457,0.00013456,0.00013456,1275.0,1.514046e+12,0.17156546,6.0,194.0,0.02610464,0.0
226,1.514046e+12,0.00013255,0.00013305,0.0001318,0.00013305,10712.0,1.5140463e+12,1.41541935,19.0,7006.0,0.9248004,0.0
227,1.5140463e+12,0.00013297,0.00013297,0.00013297,0.00013297,8.0,1.5140466e+12,0.00106376,1.0,8.0,0.00106376,0.0
228,1.5140466e+12,0.00013297,0.00013297,0.00013297,0.00013297,0.0,1.5140469e+12,0.0,0.0,0.0,0.0,0.0
229,1.5140469e+12,0.00013099,0.00013099,0.00013099,0.00013099,239.0,1.5140472e+12,0.03130661,2.0,0.0,0.0,0.0
230,1.5140472e+12,0.00013277,0.00013329,0.00013099,0.00013329,790.0,1.5140475e+12,0.10488901,5.0,788.0,0.10462692,0.0
231,1.5140475e+12,0.0001335,0.0001335,0.0001314,0.00013333,5.0,1.5140478e+12,0.00066523,3.0,4.0,0.00053383,0.0
232,1.5140478e+12,0.00013114,0.00013301,0.00013114,0.00013121,102.0,1.5140481e+12,0.01339802,8.0,9.0,0.00119629,0.0
233,1.5140481e+12,0.00013122,0.00013347,0.00013122,0.00013337,294.0,1.5140484e+12,0.03908428,4.0,226.0,0.03016132,0.0
234,1.5140484e+12,0.00013365,0.00013365,0.00013132,0.00013344,24.0,1.5140487e+12,0.00318728,3.0,16.0,0.00213672,0.0
235,1.5140487e+12,0.00013344,0.00013344,0.00013344,0.00013344,0.0,1.514049e+12,0.0,0.0,0.0,0.0,0.0
236,1.514049e+12,0.00013205,0.00013563,0.00013204,0.00013563,10737.0,1.5140493e+12,1.44632748,24.0,7676.0,1.03552125,0.0
237,1.5140493e+12,0.00013499,0.00013499,0.00013294,0.00013303,513.0,1.5140496e+12,0.06852092,7.0,128.0,0.01701632,0.0
238,1.5140496e+12,0.00013328,0.00013328,0.000131,0.000131,3928.0,1.5140499e+12,0.52089408,12.0,437.0,0.057247,0.0
239,1.5140499e+12,0.00013159,0.00013159,0.00013159,0.00013159,32.0,1.5140502e+12,0.00421088,1.0,0.0,0.0,0.0
240,1.5140502e+12,0.00013277,0.00013418,0.00013178,0.00013418,185.0,1.5140505e+12,0.0244132,3.0,10.0,0.0013418,0.0
241,1.5140505e+12,0.00013395,0.00013395,0.00013395,0.00013395,11.0,1.5140508e+12,0.00147345,1.0,11.0,0.00147345,0.0
242,1.5140508e+12,0.00013395,0.00013395,0.00013395,0.00013395,0.0,1.5140511e+12,0.0,0.0,0.0,0.0,0.0
243,1.5140511e+12,0.00013286,0.00013286,0.00013154,0.00013154,401.0,1.5140514e+12,0.05275995,3.0,0.0,0.0,0.0
244,1.5140514e+12,0.00013175,0.00013175,0.00013172,0.00013172,2320.0,1.5140517e+12,0.30561637,5.0,0.0,0.0,0.0
245,1.5140517e+12,0.00013125,0.00013436,0.00013125,0.00013436,515.0,1.514052e+12,0.06876311,3.0,376.0,0.05051936,0.0
246,1.514052e+12,0.0001313,0.0001313,0.00013,0.0001311,2006.0,1.5140523e+12,0.26310053,9.0,1875.0,0.24593178,0.0
247,1.5140523e+12,0.0001313,0.0001313,0.00012986,0.00012993,778.0,1.5140526e+12,0.10153064,7.0,342.0,0.0449046,0.0
248,1.5140526e+12,0.00013086,0.0001309,0.00013086,0.0001309,127.0,1.5140529e+12,0.01662346,2.0,106.0,0.0138754,0.0
249,1.5140529e+12,0.00013241,0.00013241,0.00013241,0.00013241,346.0,1.5140532e+12,0.04581386,1.0,346.0,0.04581386,0.0
250,1.5140532e+12,0.00013241,0.00013241,0.00013241,0.00013241,15.0,1.5140535e+12,0.00198615,1.0,15.0,0.00198615,0.0
251,1.5140535e+12,0.00013269,0.00013329,0.000132,0.00013329,384.0,1.5140538e+12,0.0508884,3.0,150.0,0.0199935,0.0
252,1.5140538e+12,0.00013212,0.00013354,0.00013211,0.00013354,293.0,1.5140541e+12,0.03880308,3.0,65.0,0.0086801,0.0
253,1.5140541e+12,0.00013287,0.00013287,0.00013155,0.00013155,33.0,1.5140544e+12,0.00435171,2.0,8.0,0.00106296,0.0
254,1.5140544e+12,0.00013396,0.00013899,0.00013396,0.00013611,6031.0,1.5140547e+12,0.82334448,21.0,5119.0,0.69959678,0.0
255,1.5140547e+12,0.00013607,0.00013607,0.000136,0.000136,16.0,1.514055e+12,0.00217656,2.0,16.0,0.00217656,0.0
256,1.514055e+12,0.00013597,0.00013597,0.00013465,0.00013465,1578.0,1.5140553e+12,0.2125662,5.0,24.0,0.0032424,0.0
257,1.5140553e+12,0.00013461,0.00013461,0.00013461,0.00013461,8.0,1.5140556e+12,0.00107688,1.0,8.0,0.00107688,0.0
258,1.5140556e+12,0.00013457,0.00013457,0.00013457,0.00013457,302.0,1.5140559e+12,0.04064014,2.0,302.0,0.04064014,0.0
259,1.5140559e+12,0.00013468,0.00013468,0.00013432,0.00013432,866.0,1.5140562e+12,0.11662172,2.0,835.0,0.1124578,0.0
260,1.5140562e+12,0.00013469,0.0001347,0.00013469,0.0001347,1432.0,1.5140565e+12,0.19288591,7.0,1432.0,0.19288591,0.0
261,1.5140565e+12,0.0001347,0.0001347,0.0001347,0.0001347,0.0,1.5140568e+12,0.0,0.0,0.0,0.0,0.0
262,1.5140568e+12,0.0001347,0.0001347,0.0001347,0.0001347,0.0,1.5140571e+12,0.0,0.0,0.0,0.0,0.0
263,1.5140571e+12,0.00013471,0.000136,0.00013471,0.000136,1151.0,1.5140574e+12,0.15546014,5.0,82.0,0.01104622,0.0
264,1.5140574e+12,0.000136,0.000136,0.000136,0.000136,0.0,1.5140577e+12,0.0,0.0,0.0,0.0,0.0
265,1.5140577e+12,0.000136,0.0001361,0.000136,0.0001361,471.0,1.514058e+12,0.0640647,4.0,87.0,0.0118407,0.0
266,1.514058e+12,0.0001361,0.0001361,0.0001361,0.0001361,164.0,1.5140583e+12,0.0223204,1.0,164.0,0.0223204,0.0
267,1.5140583e+12,0.0001361,0.00013617,0.0001361,0.00013617,673.0,1.5140586e+12,0.09160462,8.0,673.0,0.09160462,0.0
268,1.5140586e+12,0.00013612,0.00013612,0.000136,0.000136,1609.0,1.5140589e+12,0.21891048,4.0,0.0,0.0,0.0
269,1.5140589e+12,0.000136,0.000136,0.000136,0.000136,0.0,1.5140592e+12,0.0,0.0,0.0,0.0,0.0
270,1.5140592e+12,0.000136,0.000136,0.000136,0.000136,0.0,1.5140595e+12,0.0,0.0,0.0,0.0,0.0
271,1.5140595e+12,0.000136,0.0001365,0.000136,0.0001365,144.0,1.5140598e+12,0.019595,2.0,22.0,0.003003,0.0
272,1.5140598e+12,0.0001365,0.0001365,0.000136,0.000136,147.0,1.5140601e+12,0.0200415,2.0,99.0,0.0135135,0.0
273,1.5140601e+12,0.000136,0.000136,0.000136,0.000136,0.0,1.5140604e+12,0.0,0.0,0.0,0.0,0.0
274,1.5140604e+12,0.000136,0.000136,0.000136,0.000136,27.0,1.5140607e+12,0.003672,1.0,0.0,0.0,0.0
275,1.5140607e+12,0.000136,0.000136,0.000136,0.000136,0.0,1.514061e+12,0.0,0.0,0.0,0.0,0.0
276,1.514061e+12,0.000136,0.000136,0.000136,0.000136,0.0,1.5140613e+12,0.0,0.0,0.0,0.0,0.0
277,1.5140613e+12,0.00013621,0.00013771,0.00013621,0.00013771,111.0,1.5140616e+12,0.01526931,2.0,100.0,0.013771,0.0
278,1.5140616e+12,0.00013771,0.00013771,0.00013771,0.00013771,0.0,1.5140619e+12,0.0,0.0,0.0,0.0,0.0
279,1.5140619e+12,0.00013771,0.00013771,0.00013771,0.00013771,0.0,1.5140622e+12,0.0,0.0,0.0,0.0,0.0
280,1.5140622e+12,0.00013811,0.00013811,0.00013811,0.00013811,51.0,1.5140625e+12,0.00704361,2.0,51.0,0.00704361,0.0
281,1.5140625e+12,0.00013811,0.00013811,0.00013811,0.00013811,0.0,1.5140628e+12,0.0,0.0,0.0,0.0,0.0
282,1.5140628e+12,0.00013815,0.00013815,0.00013815,0.00013815,49.0,1.5140631e+12,0.00676935,1.0,0.0,0.0,0.0
283,1.5140631e+12,0.00013819,0.00013819,0.00013819,0.00013819,10.0,1.5140634e+12,0.0013819,1.0,10.0,0.0013819,0.0
284,1.5140634e+12,0.0001382,0.00013895,0.0001382,0.00013888,129.0,1.5140637e+12,0.01791159,4.0,129.0,0.01791159,0.0
285,1.5140637e+12,0.0001388,0.0001389,0.00013621,0.0001389,1124.0,1.514064e+12,0.15545735,10.0,736.0,0.10203268,0.0
286,1.514064e+12,0.00013681,0.00014,0.00013681,0.00014,3825.0,1.5140643e+12,0.53179057,20.0,2278.0,0.31680617,0.0
287,1.5140643e+12,0.0001403,0.00014098,0.0001403,0.00014098,1501.0,1.5140646e+12,0.21136374,6.0,1353.0,0.1904987,0.0
288,1.5140646e+12,0.00014311,0.00014311,0.0001414,0.00014141,1403.0,1.5140649e+12,0.19842043,10.0,8.0,0.00114487,0.0
289,1.5140649e+12,0.00014098,0.00014294,0.00014015,0.00014294,498.0,1.5140652e+12,0.07073167,6.0,304.0,0.04345376,0.0
290,1.5140652e+12,0.00014211,0.00014294,0.00014211,0.00014294,157.0,1.5140655e+12,0.02234696,4.0,43.0,0.00614642,0.0
291,1.5140655e+12,0.00014211,0.00014211,0.00014211,0.00014211,10.0,1.5140658e+12,0.0014211,1.0,0.0,0.0,0.0
292,1.5140658e+12,0.0001428,0.0001431,0.00014215,0.0001431,1714.0,1.5140661e+12,0.24482004,5.0,1672.0,0.23884974,0.0
293,1.5140661e+12,0.00014215,0.0001431,0.00014211,0.0001431,320.0,1.5140664e+12,0.04549706,6.0,214.0,0.0304334,0.0
294,1.5140664e+12,0.00014055,0.00014298,0.00014053,0.00014298,659.0,1.5140667e+12,0.09263732,3.0,7.0,0.00100086,0.0
295,1.5140667e+12,0.00014298,0.00014298,0.00014298,0.00014298,0.0,1.514067e+12,0.0,0.0,0.0,0.0,0.0
296,1.514067e+12,0.00014298,0.00014298,0.00014298,0.00014298,0.0,1.5140673e+12,0.0,0.0,0.0,0.0,0.0
297,1.5140673e+12,0.00014298,0.00014311,0.00014099,0.00014298,396.0,1.5140676e+12,0.05659371,4.0,364.0,0.05208203,0.0
298,1.5140676e+12,0.00014114,0.00014213,0.00014099,0.00014213,2323.0,1.5140679e+12,0.32800492,11.0,8.0,0.00113704,0.0
299,1.5140679e+12,0.00014275,0.00014275,0.0001419,0.0001419,16.0,1.5140682e+12,0.0022772,2.0,16.0,0.0022772,0.0
300,1.5140682e+12,0.00014277,0.00014277,0.00014277,0.00014277,8.0,1.5140685e+12,0.00114216,1.0,8.0,0.00114216,0.0
301,1.5140685e+12,0.00014194,0.00014194,0.00014129,0.00014129,16.0,1.5140688e+12,0.00226584,2.0,16.0,0.00226584,0.0
302,1.5140688e+12,0.00014129,0.00014129,0.00014129,0.00014129,0.0,1.5140691e+12,0.0,0.0,0.0,0.0,0.0
303,1.5140691e+12,0.00014129,0.00014254,0.00014129,0.00014187,426.0,1.5140694e+12,0.06060228,6.0,426.0,0.06060228,0.0
304,1.5140694e+12,0.00014185,0.00014233,0.00014185,0.00014189,3918.0,1.5140697e+12,0.55665425,10.0,2230.0,0.31717729,0.0
305,1.5140697e+12,0.00014304,0.00014304,0.00014304,0.00014304,75.0,1.51407e+12,0.010728,2.0,75.0,0.010728,0.0
306,1.51407e+12,0.00014196,0.00014196,0.00014189,0.00014189,4621.0,1.5140703e+12,0.65571373,9.0,0.0,0.0,0.0
307,1.5140703e+12,0.00014189,0.00014189,0.00014189,0.00014189,0.0,1.5140706e+12,0.0,0.0,0.0,0.0,0.0
308,1.5140706e+12,0.00014188,0.000143,0.00014188,0.000143,1187.0,1.5140709e+12,0.16969844,6.0,0.0,0.0,0.0
309,1.5140709e+12,0.000143,0.000145,0.00014196,0.00014198,5399.0,1.5140712e+12,0.77738377,18.0,4456.0,0.642762,0.0
310,1.5140712e+12,0.00014254,0.00014487,0.00014254,0.00014357,519.0,1.5140715e+12,0.07417085,8.0,14.0,0.0020272,0.0
311,1.5140715e+12,0.00014362,0.00014372,0.000143,0.000143,2126.0,1.5140718e+12,0.30545926,7.0,7.0,0.001001,0.0
312,1.5140718e+12,0.00014228,0.00014353,0.00014228,0.00014353,55.0,1.5140721e+12,0.00788018,4.0,54.0,0.0077379,0.0
313,1.5140721e+12,0.00014232,0.00014328,0.00014211,0.00014328,11406.0,1.5140724e+12,1.62209209,9.0,54.0,0.00772524,0.0
314,1.5140724e+12,0.0001422,0.00014286,0.00014189,0.00014286,1328.0,1.5140727e+12,0.18855004,9.0,120.0,0.0171432,0.0
315,1.5140727e+12,0.00014284,0.00014284,0.0001422,0.0001422,6355.0,1.514073e+12,0.90390788,7.0,355.0,0.05070788,0.0
316,1.514073e+12,0.00014189,0.0001422,0.00014189,0.0001422,4012.0,1.5140733e+12,0.56936924,8.0,843.0,0.11971983,0.0
317,1.5140733e+12,0.00014221,0.00014223,0.0001422,0.0001422,3122.0,1.5140736e+12,0.44397271,11.0,0.0,0.0,0.0
318,1.5140736e+12,0.0001422,0.0001422,0.0001422,0.0001422,369.0,1.5140739e+12,0.0524718,3.0,0.0,0.0,0.0
319,1.5140739e+12,0.0001422,0.00014221,0.0001422,0.0001422,1336.0,1.5140742e+12,0.18998179,6.0,0.0,0.0,0.0
320,1.5140742e+12,0.0001422,0.0001422,0.0001422,0.0001422,538.0,1.5140745e+12,0.0765036,2.0,0.0,0.0,0.0
321,1.5140745e+12,0.0001422,0.0001422,0.0001422,0.0001422,50.0,1.5140748e+12,0.00711,1.0,0.0,0.0,0.0
322,1.5140748e+12,0.0001422,0.0001422,0.00014199,0.00014199,5883.0,1.5140751e+12,0.83643541,5.0,0.0,0.0,0.0
323,1.5140751e+12,0.000142,0.000142,0.00014199,0.00014199,4962.0,1.5140754e+12,0.70455713,5.0,0.0,0.0,0.0
324,1.5140754e+12,0.00014189,0.00014189,0.00014189,0.00014189,2222.0,1.5140757e+12,0.31527958,2.0,0.0,0.0,0.0
325,1.5140757e+12,0.00014199,0.00014199,0.0001412,0.00014126,8004.0,1.514076e+12,1.13495773,10.0,0.0,0.0,0.0
326,1.514076e+12,0.0001412,0.0001412,0.00013861,0.00013861,5618.0,1.5140763e+12,0.78958925,21.0,546.0,0.07568106,0.0
327,1.5140763e+12,0.00013863,0.00013863,0.000136,0.00013609,8105.0,1.5140766e+12,1.11397965,37.0,470.0,0.06431534,0.0
328,1.5140766e+12,0.000136,0.00013862,0.000136,0.00013862,3154.0,1.5140769e+12,0.43100417,9.0,1605.0,0.22032707,0.0
329,1.5140769e+12,0.00013862,0.00013862,0.00013862,0.00013862,0.0,1.5140772e+12,0.0,0.0,0.0,0.0,0.0
330,1.5140772e+12,0.00013862,0.00013862,0.000136,0.000136,3158.0,1.5140775e+12,0.43283452,13.0,628.0,0.08705336,0.0
331,1.5140775e+12,0.000136,0.00013827,0.000136,0.00013827,776.0,1.5140778e+12,0.10565177,4.0,51.0,0.00705177,0.0
332,1.5140778e+12,0.000136,0.00013601,0.000136,0.000136,3147.0,1.5140781e+12,0.42799704,7.0,155.0,0.02108155,0.0
333,1.5140781e+12,0.000136,0.000136,0.000136,0.000136,1741.0,1.5140784e+12,0.236776,4.0,0.0,0.0,0.0
334,1.5140784e+12,0.00013601,0.00013601,0.00013601,0.00013601,1957.0,1.5140787e+12,0.26617157,5.0,514.0,0.06990914,0.0
335,1.5140787e+12,0.00013601,0.00013601,0.000136,0.000136,2052.0,1.514079e+12,0.27907344,3.0,0.0,0.0,0.0
336,1.514079e+12,0.00013599,0.00013604,0.0001347,0.00013604,2849.0,1.5140793e+12,0.38439245,9.0,39.0,0.00528416,0.0
337,1.5140793e+12,0.00013634,0.00013634,0.0001347,0.0001347,3320.0,1.5140796e+12,0.44995581,8.0,0.0,0.0,0.0
338,1.5140796e+12,0.0001347,0.0001347,0.0001347,0.0001347,0.0,1.5140799e+12,0.0,0.0,0.0,0.0,0.0
339,1.5140799e+12,0.0001352,0.00013533,0.0001347,0.0001347,1246.0,1.5140802e+12,0.16826752,5.0,741.0,0.10023143,0.0
340,1.5140802e+12,0.0001347,0.00013531,0.000134,0.00013531,3824.0,1.5140805e+12,0.51615688,8.0,2113.0,0.28590446,0.0
341,1.5140805e+12,0.00013401,0.00013533,0.000134,0.000134,3493.0,1.5140808e+12,0.46901517,11.0,0.0,0.0,0.0
342,1.5140808e+12,0.00013579,0.00013579,0.00013579,0.00013579,178.0,1.5140811e+12,0.02417062,1.0,178.0,0.02417062,0.0
343,1.5140811e+12,0.00013569,0.00013569,0.00013565,0.00013565,109.0,1.5140814e+12,0.01478673,2.0,109.0,0.01478673,0.0
344,1.5140814e+12,0.00013474,0.00013474,0.00013474,0.00013474,53.0,1.5140817e+12,0.00714122,1.0,53.0,0.00714122,0.0
345,1.5140817e+12,0.00013259,0.00013456,0.00013222,0.00013232,2898.0,1.514082e+12,0.3842128,10.0,67.0,0.00901552,0.0
346,1.514082e+12,0.00013251,0.00013256,0.00013248,0.00013256,622.0,1.5140823e+12,0.08243764,4.0,2.0,0.00026496,0.0
347,1.5140823e+12,0.00013257,0.00013257,0.00013256,0.00013256,51.0,1.5140826e+12,0.00676058,2.0,0.0,0.0,0.0
348,1.5140826e+12,0.00013256,0.00013256,0.00013248,0.00013248,2399.0,1.5140829e+12,0.31792744,9.0,0.0,0.0,0.0
349,1.5140829e+12,0.00013248,0.00013248,0.00013248,0.00013248,0.0,1.5140832e+12,0.0,0.0,0.0,0.0,0.0
350,1.5140832e+12,0.00013136,0.00013136,0.00013136,0.00013136,597.0,1.5140835e+12,0.07842192,1.0,0.0,0.0,0.0
351,1.5140835e+12,0.0001325,0.00013298,0.0001311,0.0001311,980.0,1.5140838e+12,0.12991433,6.0,959.0,0.12716123,0.0
352,1.5140838e+12,0.0001311,0.0001311,0.0001311,0.0001311,95.0,1.5140841e+12,0.0124545,1.0,95.0,0.0124545,0.0
353,1.5140841e+12,0.00013107,0.00013107,0.00013107,0.00013107,9.0,1.5140844e+12,0.00117963,1.0,9.0,0.00117963,0.0
354,1.5140844e+12,0.00013107,0.00013107,0.00013,0.00013021,6368.0,1.5140847e+12,0.82859104,13.0,1616.0,0.210431,0.0
355,1.5140847e+12,0.00013,0.00013058,0.00013,0.00013057,1383.0,1.514085e+12,0.18051287,21.0,1375.0,0.17947287,0.0
356,1.514085e+12,0.00013001,0.00013061,0.00013,0.00013061,997.0,1.5140853e+12,0.12975177,11.0,737.0,0.09595177,0.0
357,1.5140853e+12,0.00013,0.00013061,0.00013,0.00013061,1096.0,1.5140856e+12,0.14293079,3.0,739.0,0.09652079,0.0
358,1.5140856e+12,0.00013061,0.00013061,0.00013061,0.00013061,0.0,1.5140859e+12,0.0,0.0,0.0,0.0,0.0
359,1.5140859e+12,0.00013034,0.00013108,0.00013034,0.00013108,530.0,1.5140862e+12,0.06946574,3.0,521.0,0.06829268,0.0
360,1.5140862e+12,0.00013108,0.00013108,0.00013108,0.00013108,0.0,1.5140865e+12,0.0,0.0,0.0,0.0,0.0
361,1.5140865e+12,0.00013109,0.00013109,0.0001309,0.0001309,293.0,1.5140868e+12,0.03840234,2.0,256.0,0.03355904,0.0
362,1.5140868e+12,0.0001311,0.00013469,0.00013109,0.00013449,5773.0,1.5140871e+12,0.77405633,12.0,4896.0,0.65904243,0.0
363,1.5140871e+12,0.00013278,0.00013428,0.000132,0.000132,1739.0,1.5140874e+12,0.23097491,7.0,540.0,0.07226464,0.0
364,1.5140874e+12,0.00013192,0.000132,0.00013192,0.000132,599.0,1.5140877e+12,0.079064,3.0,549.0,0.072468,0.0
365,1.5140877e+12,0.00013373,0.00013373,0.00013091,0.00013091,987.0,1.514088e+12,0.13065492,4.0,500.0,0.066865,0.0
366,1.514088e+12,0.00013096,0.00013096,0.00013096,0.00013096,15.0,1.5140883e+12,0.0019644,1.0,0.0,0.0,0.0
367,1.5140883e+12,0.00013096,0.00013096,0.00013096,0.00013096,0.0,1.5140886e+12,0.0,0.0,0.0,0.0,0.0
368,1.5140886e+12,0.000133,0.00013319,0.00013013,0.00013319,2034.0,1.5140889e+12,0.2683916,10.0,859.0,0.11432167,0.0
369,1.5140889e+12,0.00013319,0.00013319,0.00013237,0.00013238,581.0,1.5140892e+12,0.07705572,3.0,367.0,0.04857979,0.0
370,1.5140892e+12,0.00013096,0.00013096,0.00013096,0.00013096,500.0,1.5140895e+12,0.06548,1.0,0.0,0.0,0.0
371,1.5140895e+12,0.00013094,0.000131,0.00013094,0.000131,1068.0,1.5140898e+12,0.13988592,5.0,933.0,0.12220902,0.0
372,1.5140898e+12,0.0001315,0.0001315,0.00013128,0.00013128,321.0,1.5140901e+12,0.04219082,3.0,321.0,0.04219082,0.0
373,1.5140901e+12,0.00013128,0.00013129,0.00012806,0.00013107,3913.0,1.5140904e+12,0.50656097,16.0,281.0,0.03688808,0.0
374,1.5140904e+12,0.00012857,0.00012857,0.00012857,0.00012857,8.0,1.5140907e+12,0.00102856,1.0,0.0,0.0,0.0
375,1.5140907e+12,0.00012865,0.00012865,0.00012864,0.00012864,1831.0,1.514091e+12,0.23554971,2.0,0.0,0.0,0.0
376,1.514091e+12,0.00013129,0.00013129,0.00013129,0.00013129,8.0,1.5140913e+12,0.00105032,1.0,8.0,0.00105032,0.0
377,1.5140913e+12,0.00013053,0.00013118,0.00013053,0.00013053,138.0,1.5140916e+12,0.01801834,3.0,16.0,0.00209368,0.0
378,1.5140916e+12,0.00013054,0.00013054,0.00013054,0.00013054,8.0,1.5140919e+12,0.00104432,1.0,8.0,0.00104432,0.0
379,1.5140919e+12,0.00013054,0.00013054,0.00012753,0.00013024,3578.0,1.5140922e+12,0.45800252,10.0,72.0,0.00937528,0.0
380,1.5140922e+12,0.00013021,0.00013021,0.00012912,0.00012912,494.0,1.5140925e+12,0.06431502,2.0,494.0,0.06431502,0.0
381,1.5140925e+12,0.00012821,0.00012821,0.00012817,0.00012817,1390.0,1.5140928e+12,0.17818266,5.0,121.0,0.01550857,0.0
382,1.5140928e+12,0.00012817,0.00012817,0.00012817,0.00012817,0.0,1.5140931e+12,0.0,0.0,0.0,0.0,0.0
383,1.5140931e+12,0.00012967,0.00013042,0.00012967,0.00013042,1881.0,1.5140934e+12,0.24511676,3.0,1881.0,0.24511676,0.0
384,1.5140934e+12,0.00013042,0.00013042,0.00013042,0.00013042,0.0,1.5140937e+12,0.0,0.0,0.0,0.0,0.0
385,1.5140937e+12,0.00013053,0.00013053,0.00013042,0.00013042,79.0,1.514094e+12,0.01030439,4.0,11.0,0.00143583,0.0
386,1.514094e+12,0.00013053,0.00013054,0.00013042,0.00013042,1794.0,1.5140943e+12,0.23415583,10.0,1650.0,0.21537535,0.0
387,1.5140943e+12,0.00013042,0.00013042,0.00013042,0.00013042,0.0,1.5140946e+12,0.0,0.0,0.0,0.0,0.0
388,1.5140946e+12,0.00013042,0.00013042,0.00013042,0.00013042,0.0,1.5140949e+12,0.0,0.0,0.0,0.0,0.0
389,1.5140949e+12,0.00013042,0.00013042,0.00013042,0.00013042,0.0,1.5140952e+12,0.0,0.0,0.0,0.0,0.0
390,1.5140952e+12,0.00013042,0.00013042,0.00013042,0.00013042,0.0,1.5140955e+12,0.0,0.0,0.0,0.0,0.0
391,1.5140955e+12,0.00013042,0.00013042,0.00013042,0.00013042,0.0,1.5140958e+12,0.0,0.0,0.0,0.0,0.0
392,1.5140958e+12,0.0001303,0.0001303,0.00013028,0.00013028,20.0,1.5140961e+12,0.00260582,2.0,20.0,0.00260582,0.0
393,1.5140961e+12,0.00013028,0.00013028,0.00013028,0.00013028,0.0,1.5140964e+12,0.0,0.0,0.0,0.0,0.0
394,1.5140964e+12,0.00013025,0.00013025,0.00013025,0.00013025,17.0,1.5140967e+12,0.00221425,1.0,17.0,0.00221425,0.0
395,1.5140967e+12,0.00013025,0.00013025,0.00012902,0.00012902,530.0,1.514097e+12,0.06902143,4.0,521.0,0.06786025,0.0
396,1.514097e+12,0.0001295,0.0001295,0.00012914,0.00012914,1774.0,1.5140973e+12,0.22951124,4.0,0.0,0.0,0.0
397,1.5140973e+12,0.0001303,0.00013042,0.0001303,0.00013042,659.0,1.5140976e+12,0.08587106,7.0,659.0,0.08587106,0.0
398,1.5140976e+12,0.00013054,0.00013129,0.00013054,0.00013129,333.0,1.5140979e+12,0.04353692,3.0,333.0,0.04353692,0.0
399,1.5140979e+12,0.00013129,0.00013129,0.00013129,0.00013129,70.0,1.5140982e+12,0.0091903,2.0,14.0,0.00183806,0.0
400,1.5140982e+12,0.00013129,0.00013129,0.00013009,0.00013026,175.0,1.5140985e+12,0.02283506,4.0,0.0,0.0,0.0
401,1.5140985e+12,0.00013026,0.00013026,0.00013026,0.00013026,0.0,1.5140988e+12,0.0,0.0,0.0,0.0,0.0
402,1.5140988e+12,0.00012997,0.00012997,0.00012997,0.00012997,69.0,1.5140991e+12,0.00896793,1.0,0.0,0.0,0.0
403,1.5140991e+12,0.0001303,0.0001303,0.00013029,0.00013029,488.0,1.5140994e+12,0.06358372,6.0,0.0,0.0,0.0
404,1.5140994e+12,0.00013009,0.00013053,0.00012921,0.00012921,2553.0,1.5140997e+12,0.33065667,10.0,438.0,0.056861,0.0
405,1.5140997e+12,0.00012921,0.00012921,0.00012921,0.00012921,0.0,1.5141e+12,0.0,0.0,0.0,0.0,0.0
406,1.5141e+12,0.00012934,0.0001302,0.00012934,0.00013014,1197.0,1.5141003e+12,0.15568868,5.0,1066.0,0.13874514,0.0
407,1.5141003e+12,0.00013014,0.00013014,0.00013014,0.00013014,0.0,1.5141006e+12,0.0,0.0,0.0,0.0,0.0
408,1.5141006e+12,0.00012933,0.00012933,0.000129,0.000129,3235.0,1.5141009e+12,0.41774583,10.0,770.0,0.09933,0.0
409,1.5141009e+12,0.00012822,0.00012892,0.00012822,0.0001289,1286.0,1.5141012e+12,0.16576655,5.0,1271.0,0.16384325,0.0
410,1.5141012e+12,0.00012826,0.000129,0.00012825,0.00012825,1819.0,1.5141015e+12,0.23385697,11.0,834.0,0.10750292,0.0
411,1.5141015e+12,0.000129,0.000129,0.00012825,0.00012825,373.0,1.5141018e+12,0.047838,3.0,1.0,0.000129,0.0
412,1.5141018e+12,0.00012828,0.000129,0.00012828,0.000129,2253.0,1.5141021e+12,0.2906337,8.0,2251.0,0.29037713,0.0
413,1.5141021e+12,0.000129,0.000129,0.000129,0.000129,0.0,1.5141024e+12,0.0,0.0,0.0,0.0,0.0
414,1.5141024e+12,0.00012833,0.000129,0.00012833,0.000129,14114.0,1.5141027e+12,1.82022628,4.0,13398.0,1.72833978,0.0
415,1.5141027e+12,0.00012942,0.00013626,0.00012903,0.00013046,12461.0,1.514103e+12,1.65659794,39.0,10307.0,1.37509341,0.0
416,1.514103e+12,0.00013125,0.00013239,0.00013125,0.00013149,873.0,1.5141033e+12,0.11497257,8.0,801.0,0.10551009,0.0
417,1.5141033e+12,0.00013149,0.0001315,0.00013067,0.00013067,10151.0,1.5141036e+12,1.33482406,15.0,7379.0,0.97030606,0.0
418,1.5141036e+12,0.00013143,0.00013466,0.00013067,0.00013462,6781.0,1.5141039e+12,0.89436011,29.0,2938.0,0.38770583,0.0
419,1.5141039e+12,0.00013462,0.00013462,0.00013311,0.00013311,4118.0,1.5141042e+12,0.55412348,9.0,3917.0,0.52729094,0.0
420,1.5141042e+12,0.00013462,0.00013961,0.00013462,0.00013961,2222.0,1.5141045e+12,0.30467144,28.0,1876.0,0.25660961,0.0
421,1.5141045e+12,0.00014197,0.000143,0.00014022,0.000143,5235.0,1.5141048e+12,0.74498474,37.0,4626.0,0.6588045,0.0
422,1.5141048e+12,0.00014468,0.0001462,0.0001442,0.0001462,5766.0,1.5141051e+12,0.83718051,36.0,4467.0,0.64841944,0.0
423,1.5141051e+12,0.0001462,0.00014887,0.00014435,0.00014887,305.0,1.5141054e+12,0.04424141,9.0,28.0,0.00411229,0.0
424,1.5141054e+12,0.00014887,0.000156,0.0001469,0.000156,18490.0,1.5141057e+12,2.83490432,64.0,11634.0,1.78969537,0.0
425,1.5141057e+12,0.00015458,0.000158,0.00015327,0.00015551,3962.0,1.514106e+12,0.61880077,50.0,1718.0,0.26869179,0.0
426,1.514106e+12,0.00015551,0.00016222,0.00015551,0.00016021,20646.0,1.5141063e+12,3.3108959,90.0,8344.0,1.33745236,0.0
427,1.5141063e+12,0.00015923,0.000165,0.00015923,0.00016113,19526.0,1.5141066e+12,3.20320356,64.0,13820.0,2.27311701,0.0
428,1.5141066e+12,0.00016113,0.0001648,0.00016049,0.00016068,5148.0,1.5141069e+12,0.84498333,42.0,2127.0,0.34960113,0.0
429,1.5141069e+12,0.00016073,0.00016164,0.00015061,0.00015376,12361.0,1.5141072e+12,1.9174306,59.0,5806.0,0.88170995,0.0
430,1.5141072e+12,0.00015368,0.00015788,0.0001506,0.00015358,5230.0,1.5141075e+12,0.79803579,45.0,1884.0,0.29254328,0.0
431,1.5141075e+12,0.00015357,0.00015878,0.00015084,0.00015669,811.0,1.5141078e+12,0.12722976,20.0,778.0,0.1221514,0.0
432,1.5141078e+12,0.00015417,0.0001558,0.00015416,0.00015472,1871.0,1.5141081e+12,0.29021959,11.0,1082.0,0.1685678,0.0
433,1.5141081e+12,0.00015525,0.0001558,0.00015472,0.00015472,1524.0,1.5141084e+12,0.23673038,19.0,867.0,0.13506687,0.0
434,1.5141084e+12,0.00015472,0.00015472,0.000153,0.00015416,6402.0,1.5141087e+12,0.98574986,23.0,665.0,0.10220301,0.0
435,1.5141087e+12,0.000153,0.000153,0.0001506,0.00015289,4293.0,1.514109e+12,0.65217021,18.0,1418.0,0.21679819,0.0
436,1.514109e+12,0.00015289,0.00015289,0.00015,0.00015,10296.0,1.5141093e+12,1.56123919,31.0,1607.0,0.24567997,0.0
437,1.5141093e+12,0.0001507,0.0001521,0.00015,0.00015039,4883.0,1.5141096e+12,0.73420808,43.0,2784.0,0.41852998,0.0
438,1.5141096e+12,0.00015123,0.0001558,0.00015123,0.0001558,10001.0,1.5141099e+12,1.53760019,29.0,3153.0,0.48231355,0.0
439,1.5141099e+12,0.00015241,0.00015577,0.0001487,0.00015577,10445.0,1.5141102e+12,1.60569471,36.0,6014.0,0.92754678,0.0
440,1.5141102e+12,0.00015312,0.00015578,0.00015312,0.00015577,2533.0,1.5141105e+12,0.39451169,17.0,1087.0,0.16928947,0.0
441,1.5141105e+12,0.00015428,0.00015428,0.00015287,0.00015288,839.0,1.5141108e+12,0.12829784,14.0,131.0,0.02003848,0.0
442,1.5141108e+12,0.00015233,0.000155,0.00015233,0.000155,1214.0,1.5141111e+12,0.18704863,13.0,453.0,0.06911443,0.0
443,1.5141111e+12,0.00015376,0.00015376,0.00015181,0.00015181,2064.0,1.5141114e+12,0.31410942,9.0,115.0,0.01745815,0.0
444,1.5141114e+12,0.0001537,0.00015436,0.0001537,0.00015436,1127.0,1.5141117e+12,0.17362813,12.0,32.0,0.00492368,0.0
445,1.5141117e+12,0.00015436,0.00015437,0.00015436,0.00015436,439.0,1.514112e+12,0.06776424,3.0,0.0,0.0,0.0
446,1.514112e+12,0.0001557,0.0001557,0.0001557,0.0001557,166.0,1.5141123e+12,0.0258462,1.0,166.0,0.0258462,0.0
447,1.5141123e+12,0.00015568,0.00015569,0.00015565,0.00015565,3038.0,1.5141126e+12,0.47291626,12.0,1887.0,0.29376311,0.0
448,1.5141126e+12,0.00015437,0.00015453,0.0001537,0.00015429,2163.0,1.5141129e+12,0.33288331,10.0,0.0,0.0,0.0
449,1.5141129e+12,0.00015372,0.00015401,0.0001537,0.0001537,11349.0,1.5141132e+12,1.74656983,7.0,0.0,0.0,0.0
450,1.5141132e+12,0.00015365,0.0001548,0.00015306,0.0001548,132.0,1.5141135e+12,0.0202407,7.0,21.0,0.00324632,0.0
451,1.5141135e+12,0.0001536,0.00015565,0.00015306,0.00015397,7844.0,1.5141138e+12,1.21398078,17.0,7800.0,1.20722294,0.0
452,1.5141138e+12,0.00015335,0.00015397,0.00015335,0.00015397,819.0,1.5141141e+12,0.12566945,4.0,124.0,0.0190912,0.0
453,1.5141141e+12,0.00015478,0.00015478,0.00015478,0.00015478,7.0,1.5141144e+12,0.00108346,1.0,7.0,0.00108346,0.0
454,1.5141144e+12,0.00015423,0.00015423,0.00015376,0.00015376,879.0,1.5141147e+12,0.13518993,7.0,16.0,0.00246768,0.0
455,1.5141147e+12,0.00015373,0.00015373,0.000152,0.000152,2351.0,1.514115e+12,0.35863667,17.0,460.0,0.07018141,0.0
456,1.514115e+12,0.00015191,0.00015191,0.00014986,0.00015134,1569.0,1.5141153e+12,0.23723456,24.0,1232.0,0.18650956,0.0
457,1.5141153e+12,0.00015106,0.00015174,0.00015,0.00015049,1962.0,1.5141156e+12,0.29499033,13.0,1464.0,0.220036,0.0
458,1.5141156e+12,0.00015169,0.00015169,0.00014954,0.00014958,989.0,1.5141159e+12,0.14794334,5.0,7.0,0.00106183,0.0
459,1.5141159e+12,0.0001501,0.0001501,0.00015,0.00015001,1054.0,1.5141162e+12,0.15815884,10.0,0.0,0.0,0.0
460,1.5141162e+12,0.00015007,0.00015052,0.00015,0.00015001,652.0,1.5141165e+12,0.09781346,8.0,39.0,0.00586038,0.0
461,1.5141165e+12,0.00015001,0.00015001,0.00014802,0.00014802,14779.0,1.5141168e+12,2.20953819,15.0,459.0,0.06794118,0.0
462,1.5141168e+12,0.00014903,0.00014971,0.000149,0.00014971,502.0,1.5141171e+12,0.07482188,11.0,482.0,0.07183888,0.0
463,1.5141171e+12,0.00014977,0.0001502,0.0001488,0.0001488,97.0,1.5141174e+12,0.01451109,7.0,66.0,0.00989584,0.0
464,1.5141174e+12,0.0001488,0.0001488,0.0001488,0.0001488,759.0,1.5141177e+12,0.1129392,7.0,0.0,0.0,0.0
465,1.5141177e+12,0.00014951,0.00014951,0.00014885,0.00014885,744.0,1.514118e+12,0.11122686,2.0,731.0,0.10929181,0.0
466,1.514118e+12,0.00014894,0.00014894,0.00014881,0.00014881,2716.0,1.5141183e+12,0.40418657,15.0,0.0,0.0,0.0
467,1.5141183e+12,0.00014881,0.00014881,0.0001488,0.0001488,13051.0,1.5141186e+12,1.94208011,12.0,0.0,0.0,0.0
468,1.5141186e+12,0.0001488,0.00014949,0.0001488,0.0001488,1709.0,1.5141189e+12,0.25429989,6.0,1.0,0.00014949,0.0
469,1.5141189e+12,0.0001488,0.00014949,0.0001488,0.00014949,95.0,1.5141192e+12,0.01419189,5.0,81.0,0.01210869,0.0
470,1.5141192e+12,0.0001488,0.00014932,0.0001453,0.0001485,19807.0,1.5141195e+12,2.93211673,30.0,5373.0,0.79773553,0.0
471,1.5141195e+12,0.00014851,0.00014853,0.0001485,0.00014851,12716.0,1.5141198e+12,1.88847416,8.0,2152.0,0.31959352,0.0
472,1.5141198e+12,0.00014851,0.00014851,0.00014547,0.00014781,3639.0,1.5141201e+12,0.53887336,13.0,10.0,0.0014754,0.0
473,1.5141201e+12,0.00014769,0.00014769,0.000145,0.00014651,1193.0,1.5141204e+12,0.17341154,12.0,63.0,0.00925955,0.0
474,1.5141204e+12,0.00014598,0.00014651,0.000145,0.00014651,411.0,1.5141207e+12,0.05963633,8.0,22.0,0.00321476,0.0
475,1.5141207e+12,0.00014607,0.00014704,0.00014607,0.00014704,607.0,1.514121e+12,0.08923555,12.0,99.0,0.01454796,0.0
476,1.514121e+12,0.00014704,0.00014704,0.00014704,0.00014704,0.0,1.5141213e+12,0.0,0.0,0.0,0.0,0.0
477,1.5141213e+12,0.00014704,0.0001476,0.00014615,0.00014615,2647.0,1.5141216e+12,0.38775855,9.0,633.0,0.0931732,0.0
478,1.5141216e+12,0.00014727,0.00014805,0.00014727,0.00014804,697.0,1.5141219e+12,0.10317856,5.0,594.0,0.08792941,0.0
479,1.5141219e+12,0.00014893,0.00015048,0.00014819,0.00014819,9811.0,1.5141222e+12,1.46622209,22.0,7550.0,1.12820855,0.0
480,1.5141222e+12,0.0001482,0.00015048,0.0001482,0.00015048,12786.0,1.5141225e+12,1.92126077,25.0,8834.0,1.32676783,0.0
481,1.5141225e+12,0.00015047,0.00015051,0.00014678,0.000148,10231.0,1.5141228e+12,1.53939053,15.0,10160.0,1.52892418,0.0
482,1.5141228e+12,0.000148,0.0001505,0.000148,0.00014952,326.0,1.5141231e+12,0.04883341,10.0,270.0,0.04050543,0.0
483,1.5141231e+12,0.00015,0.0001505,0.00014952,0.00014952,5975.0,1.5141234e+12,0.89612837,19.0,5603.0,0.84049193,0.0
484,1.5141234e+12,0.00014831,0.000152,0.00014745,0.000152,7056.0,1.5141237e+12,1.06245028,29.0,6558.0,0.98899777,0.0
485,1.5141237e+12,0.00015057,0.00015127,0.00014986,0.00015029,84.0,1.514124e+12,0.01263734,9.0,14.0,0.00211778,0.0
486,1.514124e+12,0.00015127,0.00015144,0.00015083,0.00015083,113.0,1.5141243e+12,0.01707178,5.0,47.0,0.007117,0.0
487,1.5141243e+12,0.00015085,0.000155,0.00015084,0.0001511,7626.0,1.5141246e+12,1.16235184,25.0,5322.0,0.81427631,0.0
488,1.5141246e+12,0.00015111,0.00015224,0.0001511,0.00015148,7257.0,1.5141249e+12,1.10101772,36.0,1021.0,0.15509288,0.0
489,1.5141249e+12,0.00015196,0.00015196,0.00015116,0.00015116,629.0,1.5141252e+12,0.09534377,4.0,371.0,0.05634449,0.0
490,1.5141252e+12,0.00015118,0.0001512,0.00015118,0.0001512,737.0,1.5141255e+12,0.11142889,8.0,619.0,0.09358965,0.0
491,1.5141255e+12,0.00015121,0.00015199,0.00015114,0.00015199,8409.0,1.5141258e+12,1.27131286,13.0,587.0,0.08876389,0.0
492,1.5141258e+12,0.00015209,0.00015209,0.00015209,0.00015209,58.0,1.5141261e+12,0.00882122,1.0,58.0,0.00882122,0.0
493,1.5141261e+12,0.00015097,0.00015143,0.0001504,0.00015143,178.0,1.5141264e+12,0.026809,4.0,8.0,0.00121144,0.0
494,1.5141264e+12,0.00015217,0.00015218,0.00015092,0.00015218,2293.0,1.5141267e+12,0.34863007,7.0,1943.0,0.29537715,0.0
495,1.5141267e+12,0.00015218,0.00015218,0.00015218,0.00015218,0.0,1.514127e+12,0.0,0.0,0.0,0.0,0.0
496,1.514127e+12,0.00015102,0.00015218,0.00015102,0.00015218,1703.0,1.5141273e+12,0.25859058,5.0,921.0,0.13998254,0.0
497,1.5141273e+12,0.00015224,0.00015582,0.00015218,0.00015401,766.0,1.5141276e+12,0.11687182,12.0,660.0,0.10071146,0.0
498,1.5141276e+12,0.00015303,0.00016,0.00015303,0.00015602,4065.0,1.5141279e+12,0.64197664,36.0,3842.0,0.6074706,0.0
499,1.5141279e+12,0.00015855,0.00016,0.00015806,0.00015857,1573.0,1.5141282e+12,0.25041634,17.0,406.0,0.064934,0.0
500,1.5141282e+12,0.00015857,0.00015996,0.00015857,0.00015996,1809.0,1.5141285e+12,0.28911744,12.0,926.0,0.14801176,0.0
501,1.5141285e+12,0.00015996,0.00015998,0.0001588,0.00015898,4303.0,1.5141288e+12,0.6864649,17.0,2035.0,0.3255111,0.0
502,1.5141288e+12,0.00015994,0.00015994,0.00015877,0.00015879,198.0,1.5141291e+12,0.03145799,8.0,49.0,0.00779002,0.0
503,1.5141291e+12,0.00015879,0.00015987,0.00015866,0.00015866,443.0,1.5141294e+12,0.07041416,6.0,75.0,0.01198841,0.0
504,1.5141294e+12,0.00015986,0.00015986,0.00015631,0.0001579,4657.0,1.5141297e+12,0.73443085,22.0,741.0,0.11842449,0.0
505,1.5141297e+12,0.0001586,0.00015997,0.00015722,0.00015976,3342.0,1.51413e+12,0.53315744,13.0,3182.0,0.50790126,0.0
506,1.51413e+12,0.00015742,0.00015889,0.00015651,0.00015651,11127.0,1.5141303e+12,1.7506956,32.0,3002.0,0.47465841,0.0
507,1.5141303e+12,0.0001565,0.0001565,0.00015542,0.00015542,852.0,1.5141306e+12,0.13272935,9.0,8.0,0.001252,0.0
508,1.5141306e+12,0.00015651,0.00015875,0.00015409,0.00015875,2917.0,1.5141309e+12,0.45323411,12.0,1896.0,0.29542007,0.0
509,1.5141309e+12,0.00015567,0.00015875,0.00015567,0.00015875,243.0,1.5141312e+12,0.03803417,4.0,67.0,0.01063625,0.0
510,1.5141312e+12,0.00015875,0.00015994,0.00015875,0.00015993,4022.0,1.5141315e+12,0.6420289,17.0,947.0,0.15133694,0.0
511,1.5141315e+12,0.00015993,0.00016,0.0001599,0.00016,4974.0,1.5141318e+12,0.79565289,13.0,4755.0,0.76061289,0.0
512,1.5141318e+12,0.00016,0.00016,0.00015878,0.00015911,2759.0,1.5141321e+12,0.43921831,15.0,1555.0,0.24772891,0.0
513,1.5141321e+12,0.00015877,0.00015911,0.00015877,0.00015911,1036.0,1.5141324e+12,0.16449048,5.0,14.0,0.00222754,0.0
514,1.5141324e+12,0.00015877,0.00016,0.00015559,0.00015756,1352.0,1.5141327e+12,0.21555707,14.0,650.0,0.10395028,0.0
515,1.5141327e+12,0.000159,0.000159,0.00015828,0.00015838,225.0,1.514133e+12,0.03570894,6.0,132.0,0.020988,0.0
516,1.514133e+12,0.0001595,0.00015998,0.0001595,0.00015998,287.0,1.5141333e+12,0.0458101,6.0,287.0,0.0458101,0.0
517,1.5141333e+12,0.00015983,0.00015983,0.00015801,0.00015801,131.0,1.5141336e+12,0.02079031,3.0,100.0,0.015892,0.0
518,1.5141336e+12,0.00015651,0.00016279,0.00015567,0.00016278,10389.0,1.5141339e+12,1.66562408,47.0,4286.0,0.69491389,0.0
519,1.5141339e+12,0.00016277,0.0001628,0.00016003,0.00016004,1905.0,1.5141342e+12,0.30579708,11.0,623.0,0.1006216,0.0
520,1.5141342e+12,0.00016236,0.00016273,0.00016003,0.00016253,2957.0,1.5141345e+12,0.47367858,13.0,437.0,0.07023241,0.0
521,1.5141345e+12,0.0001622,0.00016221,0.00015695,0.00015695,1697.0,1.5141348e+12,0.27023792,10.0,481.0,0.07761207,0.0
522,1.5141348e+12,0.00015978,0.0001598,0.00015978,0.0001598,300.0,1.5141351e+12,0.04793938,2.0,300.0,0.04793938,0.0
523,1.5141351e+12,0.0001595,0.0001595,0.0001595,0.0001595,20.0,1.5141354e+12,0.00319,1.0,20.0,0.00319,0.0
524,1.5141354e+12,0.00015987,0.00016222,0.00015987,0.00016202,2028.0,1.5141357e+12,0.32770594,7.0,1604.0,0.25992106,0.0
525,1.5141357e+12,0.00016101,0.0001628,0.000161,0.00016108,11099.0,1.514136e+12,1.79709772,16.0,5052.0,0.82152762,0.0
526,1.514136e+12,0.00016251,0.00016255,0.000162,0.000162,3130.0,1.5141363e+12,0.50867058,8.0,3100.0,0.50381058,0.0
527,1.5141363e+12,0.000162,0.00016251,0.00016109,0.00016251,560.0,1.5141366e+12,0.09032658,3.0,69.0,0.01121319,0.0
528,1.5141366e+12,0.0001611,0.0001611,0.00016108,0.00016108,1095.0,1.5141369e+12,0.1763898,6.0,0.0,0.0,0.0
529,1.5141369e+12,0.00016195,0.00016244,0.000159,0.000159,568.0,1.5141372e+12,0.09057953,9.0,18.0,0.00291981,0.0
530,1.5141372e+12,0.00016087,0.00016222,0.00015935,0.00016222,525.0,1.5141375e+12,0.08410693,4.0,284.0,0.04570358,0.0
531,1.5141375e+12,0.00016196,0.00016255,0.00016021,0.00016251,6467.0,1.5141378e+12,1.04694082,36.0,5451.0,0.88340085,0.0
532,1.5141378e+12,0.0001625,0.00016261,0.00016015,0.000161,3457.0,1.5141381e+12,0.56124089,8.0,2966.0,0.48219159,0.0
533,1.5141381e+12,0.0001626,0.00016268,0.0001626,0.00016268,1930.0,1.5141384e+12,0.31389968,9.0,1930.0,0.31389968,0.0
534,1.5141384e+12,0.00016268,0.0001628,0.00016015,0.00016279,1989.0,1.5141387e+12,0.32316121,10.0,1788.0,0.29092906,0.0
535,1.5141387e+12,0.00016279,0.0001631,0.00016279,0.0001631,2166.0,1.514139e+12,0.352609,7.0,570.0,0.09279616,0.0
536,1.514139e+12,0.00016279,0.00016358,0.00016279,0.00016279,716.0,1.5141393e+12,0.11670733,10.0,397.0,0.06477732,0.0
537,1.5141393e+12,0.00016279,0.00016279,0.00016086,0.00016105,1381.0,1.5141396e+12,0.22250967,4.0,0.0,0.0,0.0
538,1.5141396e+12,0.00016043,0.00016043,0.00016011,0.00016011,829.0,1.5141399e+12,0.1327541,3.0,0.0,0.0,0.0
539,1.5141399e+12,0.00016011,0.00016195,0.00016011,0.00016168,145.0,1.5141402e+12,0.02328346,6.0,131.0,0.02103996,0.0
540,1.5141402e+12,0.0001628,0.00016344,0.0001628,0.00016344,449.0,1.5141405e+12,0.07338008,4.0,7.0,0.0011396,0.0
541,1.5141405e+12,0.00016344,0.00016344,0.00015463,0.00016143,5060.0,1.5141408e+12,0.79661918,19.0,7.0,0.00113001,0.0
542,1.5141408e+12,0.00016121,0.00016121,0.0001603,0.00016035,24.0,1.5141411e+12,0.00385488,3.0,16.0,0.0025652,0.0
543,1.5141411e+12,0.00016075,0.00016116,0.00016075,0.00016116,37.0,1.5141414e+12,0.00595062,2.0,37.0,0.00595062,0.0
544,1.5141414e+12,0.00016112,0.00016344,0.00016112,0.00016344,933.0,1.5141417e+12,0.15186486,6.0,933.0,0.15186486,0.0
545,1.5141417e+12,0.00016287,0.00016287,0.00016278,0.0001628,148.0,1.514142e+12,0.02409573,3.0,28.0,0.00455973,0.0
546,1.514142e+12,0.00016199,0.00016199,0.0001593,0.0001613,1210.0,1.5141423e+12,0.19406252,14.0,764.0,0.12267754,0.0
547,1.5141423e+12,0.00016114,0.00016114,0.0001578,0.0001608,4113.0,1.5141426e+12,0.65381367,8.0,1199.0,0.18992946,0.0
548,1.5141426e+12,0.0001606,0.0001606,0.00015979,0.00016025,816.0,1.5141429e+12,0.13066669,6.0,816.0,0.13066669,0.0
549,1.5141429e+12,0.00016025,0.00016025,0.00016025,0.00016025,54.0,1.5141432e+12,0.0086535,3.0,54.0,0.0086535,0.0
550,1.5141432e+12,0.00016025,0.00016025,0.00016025,0.00016025,0.0,1.5141435e+12,0.0,0.0,0.0,0.0,0.0
551,1.5141435e+12,0.00016025,0.00016025,0.00015803,0.00015803,144.0,1.5141438e+12,0.02306039,4.0,107.0,0.01714668,0.0
552,1.5141438e+12,0.00015803,0.00016014,0.0001575,0.00016014,198.0,1.5141441e+12,0.03130758,7.0,150.0,0.02374727,0.0
553,1.5141441e+12,0.00015787,0.00015787,0.00015506,0.00015506,748.0,1.5141444e+12,0.11749005,7.0,17.0,0.00268311,0.0
554,1.5141444e+12,0.00015779,0.00015787,0.00015779,0.00015787,374.0,1.5141447e+12,0.0590198,6.0,142.0,0.02241252,0.0
555,1.5141447e+12,0.00015986,0.00015986,0.00015986,0.00015986,579.0,1.514145e+12,0.09255894,4.0,579.0,0.09255894,0.0
556,1.514145e+12,0.00015986,0.00015986,0.00015986,0.00015986,0.0,1.5141453e+12,0.0,0.0,0.0,0.0,0.0
557,1.5141453e+12,0.00016131,0.00016131,0.00016,0.00016,31.0,1.5141456e+12,0.00496917,2.0,7.0,0.00112917,0.0
558,1.5141456e+12,0.00016,0.00016,0.00016,0.00016,95.0,1.5141459e+12,0.0152,3.0,0.0,0.0,0.0
559,1.5141459e+12,0.00016,0.00016,0.00016,0.00016,59.0,1.5141462e+12,0.00944,2.0,0.0,0.0,0.0
560,1.5141462e+12,0.00016,0.00016499,0.00016,0.00016499,8885.0,1.5141465e+12,1.44494167,25.0,6671.0,1.08882593,0.0
561,1.5141465e+12,0.000165,0.000165,0.00016499,0.000165,2456.0,1.5141468e+12,0.40523942,10.0,2398.0,0.39567,0.0
562,1.5141468e+12,0.00016588,0.00016588,0.00016588,0.00016588,21.0,1.5141471e+12,0.00348348,1.0,21.0,0.00348348,0.0
563,1.5141471e+12,0.00016588,0.00016638,0.00016588,0.0001659,1335.0,1.5141474e+12,0.22152599,7.0,717.0,0.11900596,0.0
564,1.5141474e+12,0.00016638,0.00016758,0.00016591,0.00016595,14217.0,1.5141477e+12,2.37376486,14.0,10732.0,1.7917931,0.0
565,1.5141477e+12,0.00016758,0.00016758,0.00016758,0.00016758,639.0,1.514148e+12,0.10708362,3.0,365.0,0.0611667,0.0
566,1.514148e+12,0.00016758,0.00016758,0.00016758,0.00016758,0.0,1.5141483e+12,0.0,0.0,0.0,0.0,0.0
567,1.5141483e+12,0.00016787,0.00017,0.00016767,0.00016767,2495.0,1.5141486e+12,0.42007802,14.0,2225.0,0.37477496,0.0
568,1.5141486e+12,0.00016767,0.00016999,0.00016767,0.00016767,244.0,1.5141489e+12,0.04138012,4.0,202.0,0.03433798,0.0
569,1.5141489e+12,0.00016767,0.00017,0.00016762,0.00016764,1856.0,1.5141492e+12,0.3147197,11.0,1518.0,0.25805588,0.0
570,1.5141492e+12,0.00016764,0.00016764,0.00015922,0.00015999,6190.0,1.5141495e+12,0.99660601,34.0,349.0,0.05638973,0.0
571,1.5141495e+12,0.00015984,0.00015984,0.00015912,0.0001594,3680.0,1.5141498e+12,0.58643401,25.0,1193.0,0.1901727,0.0
572,1.5141498e+12,0.00015938,0.00015938,0.00015911,0.00015912,749.0,1.5141501e+12,0.11919903,11.0,255.0,0.040592,0.0
573,1.5141501e+12,0.00015912,0.00015912,0.00015874,0.00015874,729.0,1.5141504e+12,0.1157797,10.0,27.0,0.00429624,0.0
574,1.5141504e+12,0.00015717,0.00015729,0.00015717,0.00015724,1996.0,1.5141507e+12,0.31376761,7.0,0.0,0.0,0.0
575,1.5141507e+12,0.00015724,0.00015724,0.00015724,0.00015724,0.0,1.514151e+12,0.0,0.0,0.0,0.0,0.0
576,1.514151e+12,0.00015912,0.0001633,0.00015912,0.00016313,250.0,1.5141513e+12,0.04037311,8.0,210.0,0.03384111,0.0
577,1.5141513e+12,0.00016012,0.00016014,0.00016012,0.00016014,34.0,1.5141516e+12,0.00544432,3.0,0.0,0.0,0.0
578,1.5141516e+12,0.00016189,0.00016189,0.00016189,0.00016189,1.0,1.5141519e+12,0.00016189,1.0,1.0,0.00016189,0.0
579,1.5141519e+12,0.00016189,0.00016189,0.00016189,0.00016189,0.0,1.5141522e+12,0.0,0.0,0.0,0.0,0.0
580,1.5141522e+12,0.00016091,0.00016091,0.00016086,0.00016088,138.0,1.5141525e+12,0.02220032,4.0,44.0,0.00707948,0.0
581,1.5141525e+12,0.00016088,0.00016088,0.00016088,0.00016088,0.0,1.5141528e+12,0.0,0.0,0.0,0.0,0.0
582,1.5141528e+12,0.00016312,0.00016312,0.00016001,0.00016036,720.0,1.5141531e+12,0.11712297,8.0,628.0,0.10239862,0.0
583,1.5141531e+12,0.00016033,0.00016034,0.00016,0.00016,198.0,1.5141534e+12,0.03174176,4.0,183.0,0.02934176,0.0
584,1.5141534e+12,0.0001599,0.0001599,0.0001599,0.0001599,156.0,1.5141537e+12,0.0249444,3.0,156.0,0.0249444,0.0
585,1.5141537e+12,0.00016036,0.00016159,0.0001601,0.00016158,1222.0,1.514154e+12,0.19686122,8.0,1222.0,0.19686122,0.0
586,1.514154e+12,0.00016008,0.0001612,0.00015999,0.00016,664.0,1.5141543e+12,0.10625036,9.0,636.0,0.1017682,0.0
587,1.5141543e+12,0.00016054,0.00016157,0.00016054,0.00016157,15.0,1.5141546e+12,0.00241531,3.0,15.0,0.00241531,0.0
588,1.5141546e+12,0.00016144,0.00016144,0.00016144,0.00016144,7.0,1.5141549e+12,0.00113008,1.0,7.0,0.00113008,0.0
589,1.5141549e+12,0.00016118,0.00016119,0.00016118,0.00016119,35.0,1.5141552e+12,0.00564137,3.0,35.0,0.00564137,0.0
590,1.5141552e+12,0.00016119,0.00016119,0.00016119,0.00016119,0.0,1.5141555e+12,0.0,0.0,0.0,0.0,0.0
591,1.5141555e+12,0.00016084,0.00016084,0.00015613,0.000158,518.0,1.5141558e+12,0.08132943,10.0,99.0,0.01577346,0.0
592,1.5141558e+12,0.00015988,0.00015988,0.00015983,0.00015983,89.0,1.5141561e+12,0.0142259,3.0,89.0,0.0142259,0.0
593,1.5141561e+12,0.00015983,0.00015983,0.00015983,0.00015983,84.0,1.5141564e+12,0.01342572,4.0,84.0,0.01342572,0.0
594,1.5141564e+12,0.00015976,0.00015976,0.00015925,0.00015925,135.0,1.5141567e+12,0.02153802,4.0,135.0,0.02153802,0.0
595,1.5141567e+12,0.00015983,0.00015983,0.00015021,0.00015773,29060.0,1.514157e+12,4.44563957,28.0,46.0,0.00722884,0.0
596,1.514157e+12,0.00015638,0.00015638,0.00015637,0.00015637,38.0,1.5141573e+12,0.00594225,2.0,38.0,0.00594225,0.0
597,1.5141573e+12,0.00015687,0.00015687,0.0001562,0.0001562,1059.0,1.5141576e+12,0.1655196,8.0,1059.0,0.1655196,0.0
598,1.5141576e+12,0.0001562,0.0001562,0.0001562,0.0001562,0.0,1.5141579e+12,0.0,0.0,0.0,0.0,0.0
599,1.5141579e+12,0.00015615,0.0001562,0.00015615,0.0001562,172.0,1.5141582e+12,0.0268659,9.0,156.0,0.0243667,0.0
600,1.5141582e+12,0.00015621,0.00015621,0.00015621,0.00015621,357.0,1.5141585e+12,0.05576697,2.0,357.0,0.05576697,0.0
601,1.5141585e+12,0.00015621,0.00015632,0.00015615,0.00015615,833.0,1.5141588e+12,0.13011351,7.0,20.0,0.0031264,0.0
602,1.5141588e+12,0.00015615,0.00015615,0.00015615,0.00015615,0.0,1.5141591e+12,0.0,0.0,0.0,0.0,0.0
603,1.5141591e+12,0.00015582,0.00015582,0.00015582,0.00015582,66.0,1.5141594e+12,0.01028412,1.0,66.0,0.01028412,0.0
604,1.5141594e+12,0.00015262,0.00015575,0.00015262,0.00015575,1709.0,1.5141597e+12,0.26257254,4.0,494.0,0.07692672,0.0
605,1.5141597e+12,0.00015481,0.0001557,0.000154,0.000154,2511.0,1.51416e+12,0.38798392,10.0,1330.0,0.20610488,0.0
606,1.51416e+12,0.00015508,0.00015576,0.00015508,0.00015576,77.0,1.5141603e+12,0.01195824,5.0,77.0,0.01195824,0.0
607,1.5141603e+12,0.00015572,0.00015576,0.00015515,0.00015576,1353.0,1.5141606e+12,0.21071274,10.0,1254.0,0.19529547,0.0
608,1.5141606e+12,0.00015576,0.00015576,0.00015576,0.00015576,12.0,1.5141609e+12,0.00186912,1.0,12.0,0.00186912,0.0
609,1.5141609e+12,0.00015577,0.00015577,0.00015577,0.00015577,112.0,1.5141612e+12,0.01744624,3.0,8.0,0.00124616,0.0
610,1.5141612e+12,0.00015573,0.00015573,0.00014559,0.00015391,1772.0,1.5141615e+12,0.26946419,30.0,583.0,0.08981394,0.0
611,1.5141615e+12,0.0001539,0.00015391,0.00015285,0.00015285,4478.0,1.5141618e+12,0.68514459,17.0,590.0,0.09068892,0.0
612,1.5141618e+12,0.00015234,0.00015341,0.0001514,0.0001514,971.0,1.5141621e+12,0.14766003,24.0,692.0,0.10532587,0.0
613,1.5141621e+12,0.0001514,0.0001514,0.00015107,0.00015107,1203.0,1.5141624e+12,0.1820798,10.0,555.0,0.08398688,0.0
614,1.5141624e+12,0.00015134,0.00015162,0.00015001,0.00015077,163.0,1.5141627e+12,0.02454639,11.0,71.0,0.01073899,0.0
615,1.5141627e+12,0.00015002,0.00015002,0.00014915,0.00014997,3664.0,1.514163e+12,0.54875117,18.0,1927.0,0.28901052,0.0
616,1.514163e+12,0.00015082,0.00015187,0.00014998,0.00015185,756.0,1.5141633e+12,0.11369233,10.0,98.0,0.01487434,0.0
617,1.5141633e+12,0.00015013,0.00015186,0.00015013,0.00015186,1122.0,1.5141636e+12,0.16864827,7.0,110.0,0.0167046,0.0
618,1.5141636e+12,0.00015187,0.00015582,0.00015151,0.00015151,209.0,1.5141639e+12,0.03222175,8.0,201.0,0.03100967,0.0
619,1.5141639e+12,0.00015161,0.00015161,0.00015143,0.00015143,4696.0,1.5141642e+12,0.71131257,12.0,951.0,0.14401295,0.0
620,1.5141642e+12,0.00015129,0.00015332,0.00015115,0.00015332,6409.0,1.5141645e+12,0.97058032,6.0,6310.0,0.95561647,0.0
621,1.5141645e+12,0.00015313,0.00015313,0.00015074,0.0001523,38.0,1.5141648e+12,0.00576913,5.0,15.0,0.00229091,0.0
622,1.5141648e+12,0.00015051,0.00015187,0.00015015,0.00015015,5139.0,1.5141651e+12,0.77496047,20.0,1702.0,0.25844202,0.0
623,1.5141651e+12,0.00015016,0.00015094,0.00015016,0.00015094,1047.0,1.5141654e+12,0.15779985,12.0,567.0,0.08558265,0.0
624,1.5141654e+12,0.00015094,0.00015094,0.00015094,0.00015094,716.0,1.5141657e+12,0.10807304,2.0,716.0,0.10807304,0.0
625,1.5141657e+12,0.00015094,0.00015094,0.00015094,0.00015094,322.0,1.514166e+12,0.04860268,3.0,322.0,0.04860268,0.0
626,1.514166e+12,0.00015094,0.00015094,0.00015094,0.00015094,358.0,1.5141663e+12,0.05403652,4.0,358.0,0.05403652,0.0
627,1.5141663e+12,0.00015094,0.00015094,0.00015066,0.00015066,214.0,1.5141666e+12,0.03228996,4.0,174.0,0.02626356,0.0
628,1.5141666e+12,0.00015066,0.00015195,0.00015065,0.00015094,518.0,1.5141669e+12,0.07816725,6.0,352.0,0.0531531,0.0
629,1.5141669e+12,0.00015193,0.00015194,0.00015193,0.00015194,313.0,1.5141672e+12,0.04755577,2.0,313.0,0.04755577,0.0
630,1.5141672e+12,0.00015195,0.00015219,0.00015195,0.00015219,806.0,1.5141675e+12,0.1226637,7.0,806.0,0.1226637,0.0
631,1.5141675e+12,0.0001529,0.00015333,0.00015222,0.00015222,1365.0,1.5141678e+12,0.20874606,14.0,1357.0,0.2075283,0.0
632,1.5141678e+12,0.000154,0.00015442,0.000154,0.00015402,1137.0,1.5141681e+12,0.17527672,14.0,942.0,0.14524282,0.0
633,1.5141681e+12,0.00015442,0.00015442,0.00015402,0.00015402,962.0,1.5141684e+12,0.14853164,11.0,911.0,0.14067662,0.0
634,1.5141684e+12,0.000154,0.00015554,0.0001522,0.000154,1253.0,1.5141687e+12,0.19297016,10.0,35.0,0.0054054,0.0
635,1.5141687e+12,0.0001533,0.00015628,0.00015287,0.00015547,1210.0,1.514169e+12,0.18769013,15.0,1179.0,0.18292241,0.0
636,1.514169e+12,0.00015575,0.00015633,0.00015575,0.00015633,689.0,1.5141693e+12,0.10770673,10.0,689.0,0.10770673,0.0
637,1.5141693e+12,0.00015633,0.00016058,0.00015633,0.00016058,1308.0,1.5141696e+12,0.20469214,14.0,1308.0,0.20469214,0.0
638,1.5141696e+12,0.00016016,0.00016016,0.0001567,0.00015671,2247.0,1.5141699e+12,0.35449011,19.0,180.0,0.0287976,0.0
639,1.5141699e+12,0.00015674,0.00015674,0.00015674,0.00015674,8.0,1.5141702e+12,0.00125392,1.0,0.0,0.0,0.0
640,1.5141702e+12,0.00015674,0.00015674,0.00015674,0.00015674,0.0,1.5141705e+12,0.0,0.0,0.0,0.0,0.0
641,1.5141705e+12,0.00015896,0.00015948,0.00015894,0.00015948,3338.0,1.5141708e+12,0.53069205,9.0,1861.0,0.29589336,0.0
642,1.5141708e+12,0.00015865,0.00015896,0.00015851,0.00015851,61.0,1.5141711e+12,0.00967532,5.0,0.0,0.0,0.0
643,1.5141711e+12,0.00015689,0.00015854,0.00015632,0.00015633,767.0,1.5141714e+12,0.12014301,7.0,63.0,0.00986402,0.0
644,1.5141714e+12,0.00015634,0.00015634,0.00015634,0.00015634,14.0,1.5141717e+12,0.00218876,1.0,0.0,0.0,0.0
645,1.5141717e+12,0.00015824,0.00015824,0.00015637,0.00015645,1244.0,1.514172e+12,0.19466599,16.0,15.0,0.0023732,0.0
646,1.514172e+12,0.00015642,0.00015806,0.00015642,0.00015805,2313.0,1.5141723e+12,0.36523764,10.0,804.0,0.12683279,0.0
647,1.5141723e+12,0.00015806,0.00015945,0.00015806,0.00015806,4044.0,1.5141726e+12,0.64178323,10.0,2059.0,0.32796875,0.0
648,1.5141726e+12,0.00015806,0.00016069,0.00015654,0.00016069,3872.0,1.5141729e+12,0.61533127,18.0,1392.0,0.22224897,0.0
649,1.5141729e+12,0.00015939,0.0001595,0.00015108,0.0001595,4458.0,1.5141732e+12,0.69380378,27.0,1624.0,0.25843054,0.0
650,1.5141732e+12,0.00015944,0.0001598,0.00015944,0.0001598,3145.0,1.5141735e+12,0.50169895,17.0,2178.0,0.34749089,0.0
651,1.5141735e+12,0.00016025,0.00016025,0.00016025,0.00016025,295.0,1.5141738e+12,0.04727375,3.0,295.0,0.04727375,0.0
652,1.5141738e+12,0.00016025,0.00016025,0.00016025,0.00016025,62.0,1.5141741e+12,0.0099355,2.0,62.0,0.0099355,0.0
653,1.5141741e+12,0.00016086,0.00016166,0.00016025,0.00016033,2740.0,1.5141744e+12,0.44185948,28.0,305.0,0.04927885,0.0
654,1.5141744e+12,0.00016035,0.00016319,0.00016035,0.00016244,3173.0,1.5141747e+12,0.51218356,19.0,2495.0,0.40305834,0.0
655,1.5141747e+12,0.00016319,0.00016755,0.00016228,0.00016754,1125.0,1.514175e+12,0.18656365,17.0,1095.0,0.18169435,0.0
656,1.514175e+12,0.00016289,0.00016755,0.00016289,0.00016755,1436.0,1.5141753e+12,0.23705823,12.0,34.0,0.00566094,0.0
657,1.5141753e+12,0.00016586,0.00016986,0.00016516,0.00016624,2513.0,1.5141756e+12,0.42209829,34.0,1251.0,0.21140533,0.0
658,1.5141756e+12,0.00016872,0.00016982,0.00016636,0.00016982,1594.0,1.5141759e+12,0.26931652,19.0,802.0,0.13591807,0.0
659,1.5141759e+12,0.00016657,0.00016765,0.00016624,0.00016625,1841.0,1.5141762e+12,0.30710611,15.0,0.0,0.0,0.0
660,1.5141762e+12,0.00016697,0.00016868,0.00016589,0.00016868,1581.0,1.5141765e+12,0.26343585,25.0,584.0,0.09769716,0.0
661,1.5141765e+12,0.00016868,0.00016983,0.00016367,0.00016488,2597.0,1.5141768e+12,0.43460784,11.0,1585.0,0.26794947,0.0
662,1.5141768e+12,0.00016571,0.00017,0.00016521,0.00016521,7253.0,1.5141771e+12,1.22275403,21.0,4500.0,0.76475022,0.0
663,1.5141771e+12,0.00016523,0.0001675,0.00016501,0.00016501,2501.0,1.5141774e+12,0.41716587,7.0,1845.0,0.30888207,0.0
664,1.5141774e+12,0.00016502,0.0001652,0.00016488,0.00016488,1352.0,1.5141777e+12,0.22298403,7.0,60.0,0.009912,0.0
665,1.5141777e+12,0.00016493,0.00016493,0.00016493,0.00016493,67.0,1.514178e+12,0.01105031,2.0,0.0,0.0,0.0
666,1.514178e+12,0.00016554,0.00016555,0.00016554,0.00016554,450.0,1.5141783e+12,0.07449391,6.0,443.0,0.07333513,0.0
667,1.5141783e+12,0.00016493,0.00016493,0.00016488,0.00016489,555.0,1.5141786e+12,0.09151277,5.0,66.0,0.01088274,0.0
668,1.5141786e+12,0.00016489,0.00016489,0.00016367,0.00016367,1240.0,1.5141789e+12,0.20444685,8.0,1.0,0.00016489,0.0
669,1.5141789e+12,0.00016296,0.00016487,0.00016296,0.00016487,789.0,1.5141792e+12,0.12978947,10.0,342.0,0.05629778,0.0
670,1.5141792e+12,0.000164,0.00016401,0.000164,0.000164,1600.0,1.5141795e+12,0.26240898,4.0,0.0,0.0,0.0
671,1.5141795e+12,0.00016433,0.00016433,0.0001638,0.0001638,16.0,1.5141798e+12,0.00262504,2.0,8.0,0.00131464,0.0
672,1.5141798e+12,0.00016328,0.00016328,0.00016226,0.00016226,1028.0,1.5141801e+12,0.16725754,12.0,446.0,0.0725599,0.0
673,1.5141801e+12,0.0001625,0.0001625,0.0001625,0.0001625,1592.0,1.5141804e+12,0.2587,5.0,0.0,0.0,0.0
674,1.5141804e+12,0.0001625,0.00016345,0.00016233,0.00016233,862.0,1.5141807e+12,0.14028074,6.0,218.0,0.0356321,0.0
675,1.5141807e+12,0.00016177,0.00016178,0.00016177,0.00016177,485.0,1.514181e+12,0.07845875,4.0,45.0,0.00727965,0.0
676,1.514181e+12,0.00016286,0.00016341,0.00016279,0.00016279,252.0,1.5141813e+12,0.04114985,9.0,252.0,0.04114985,0.0
677,1.5141813e+12,0.00016341,0.00016341,0.00016332,0.00016332,708.0,1.5141816e+12,0.115677,6.0,655.0,0.10701627,0.0
678,1.5141816e+12,0.00016332,0.00016332,0.00016332,0.00016332,1.0,1.5141819e+12,0.00016332,1.0,1.0,0.00016332,0.0
679,1.5141819e+12,0.00016328,0.00016328,0.00016219,0.00016219,153.0,1.5141822e+12,0.02492118,3.0,92.0,0.01502176,0.0
680,1.5141822e+12,0.00016219,0.00016219,0.00016219,0.00016219,0.0,1.5141825e+12,0.0,0.0,0.0,0.0,0.0
681,1.5141825e+12,0.00016119,0.00016119,0.00016118,0.00016118,1773.0,1.5141828e+12,0.28577707,9.0,0.0,0.0,0.0
682,1.5141828e+12,0.00016119,0.00016119,0.00016118,0.00016118,720.0,1.5141831e+12,0.11605108,6.0,560.0,0.09026084,0.0
683,1.5141831e+12,0.00016116,0.00016116,0.0001596,0.00015961,298.0,1.5141834e+12,0.04777792,7.0,111.0,0.01784536,0.0
684,1.5141834e+12,0.0001596,0.00016117,0.0001596,0.00016117,862.0,1.5141837e+12,0.13800095,8.0,295.0,0.04750775,0.0
685,1.5141837e+12,0.00016116,0.00016357,0.00016116,0.00016357,4563.0,1.514184e+12,0.74307114,14.0,4563.0,0.74307114,0.0
686,1.514184e+12,0.00016357,0.00016357,0.00016267,0.00016267,29.0,1.5141843e+12,0.00473723,3.0,29.0,0.00473723,0.0
687,1.5141843e+12,0.00016267,0.00016357,0.000162,0.00016227,9113.0,1.5141846e+12,1.48911093,12.0,9098.0,1.48667945,0.0
688,1.5141846e+12,0.00016246,0.00016246,0.00016235,0.00016239,1329.0,1.5141849e+12,0.21580683,10.0,64.0,0.0103971,0.0
689,1.5141849e+12,0.00016343,0.00016356,0.00016254,0.00016356,2357.0,1.5141852e+12,0.38400993,11.0,946.0,0.1545672,0.0
690,1.5141852e+12,0.00016356,0.00016356,0.00016182,0.00016182,1926.0,1.5141855e+12,0.31354644,9.0,700.0,0.114492,0.0
691,1.5141855e+12,0.00016341,0.00016341,0.00016341,0.00016341,7.0,1.5141858e+12,0.00114387,1.0,7.0,0.00114387,0.0
692,1.5141858e+12,0.00016286,0.00016357,0.00016236,0.00016236,1841.0,1.5141861e+12,0.30103711,9.0,1834.0,0.29990059,0.0
693,1.5141861e+12,0.00016349,0.00016349,0.00016182,0.000162,663.0,1.5141864e+12,0.10734876,8.0,14.0,0.00228326,0.0
694,1.5141864e+12,0.00016268,0.00016268,0.00016211,0.00016211,846.0,1.5141867e+12,0.13714905,2.0,7.0,0.00113876,0.0
695,1.5141867e+12,0.00016214,0.00016214,0.000162,0.000162,1808.0,1.514187e+12,0.29303196,3.0,0.0,0.0,0.0
696,1.514187e+12,0.00016203,0.00016268,0.000162,0.000162,2435.0,1.5141873e+12,0.39449619,8.0,23.0,0.00374164,0.0
697,1.5141873e+12,0.00016268,0.00016268,0.0001613,0.00016268,164.0,1.5141876e+12,0.02657058,8.0,51.0,0.00829668,0.0
698,1.5141876e+12,0.00016142,0.00016254,0.0001612,0.00016254,2071.0,1.5141879e+12,0.33395765,5.0,71.0,0.01154034,0.0
699,1.5141879e+12,0.0001612,0.0001612,0.0001612,0.0001612,516.0,1.5141882e+12,0.0831792,1.0,0.0,0.0,0.0
700,1.5141882e+12,0.00016121,0.00016191,0.00016038,0.00016038,1699.0,1.5141885e+12,0.27360371,16.0,7.0,0.00113337,0.0
701,1.5141885e+12,0.00016039,0.00016039,0.00016038,0.00016038,769.0,1.5141888e+12,0.12333519,5.0,0.0,0.0,0.0
702,1.5141888e+12,0.00016039,0.00016039,0.0001596,0.00016037,1823.0,1.5141891e+12,0.29233342,13.0,841.0,0.13483348,0.0
703,1.5141891e+12,0.00015985,0.00015985,0.00015985,0.00015985,425.0,1.5141894e+12,0.06793625,6.0,125.0,0.01998125,0.0
704,1.5141894e+12,0.00015986,0.00015986,0.00015985,0.00015985,771.0,1.5141897e+12,0.12324443,9.0,8.0,0.00127888,0.0
705,1.5141897e+12,0.00015985,0.00015985,0.00015985,0.00015985,488.0,1.51419e+12,0.0780068,4.0,0.0,0.0,0.0
706,1.51419e+12,0.00016035,0.00016035,0.00016,0.00016033,210.0,1.5141903e+12,0.03362293,3.0,210.0,0.03362293,0.0
707,1.5141903e+12,0.00015961,0.00015961,0.00015961,0.00015961,57.0,1.5141906e+12,0.00909777,2.0,0.0,0.0,0.0
708,1.5141906e+12,0.00015961,0.00015961,0.0001596,0.0001596,230.0,1.5141909e+12,0.03670891,2.0,0.0,0.0,0.0
709,1.5141909e+12,0.00016021,0.00016039,0.00016021,0.00016038,6922.0,1.5141912e+12,1.10987858,11.0,3691.0,0.59169049,0.0
710,1.5141912e+12,0.00016038,0.00016136,0.00016038,0.00016042,1393.0,1.5141915e+12,0.22388107,9.0,454.0,0.07325713,0.0
711,1.5141915e+12,0.00016043,0.00016266,0.00016038,0.0001604,4009.0,1.5141918e+12,0.64742545,27.0,2409.0,0.39022305,0.0
712,1.5141918e+12,0.0001604,0.0001604,0.0001604,0.0001604,63.0,1.5141921e+12,0.0101052,1.0,0.0,0.0,0.0
713,1.5141921e+12,0.0001604,0.0001604,0.0001604,0.0001604,0.0,1.5141924e+12,0.0,0.0,0.0,0.0,0.0
714,1.5141924e+12,0.00016104,0.0001678,0.00016104,0.00016349,6016.0,1.5141927e+12,0.98378688,22.0,4348.0,0.71141856,0.0
715,1.5141927e+12,0.00016203,0.0001621,0.000162,0.00016203,4253.0,1.514193e+12,0.68909947,28.0,4091.0,0.66283983,0.0
716,1.514193e+12,0.00016274,0.00016274,0.00016201,0.00016274,425.0,1.5141933e+12,0.06914114,7.0,395.0,0.06428084,0.0
717,1.5141933e+12,0.0001627,0.00016781,0.0001627,0.00016535,1270.0,1.5141936e+12,0.20750904,21.0,949.0,0.15482592,0.0
718,1.5141936e+12,0.00016544,0.00016781,0.00016358,0.0001657,1966.0,1.5141939e+12,0.32585816,27.0,498.0,0.08330621,0.0
719,1.5141939e+12,0.00016532,0.00016532,0.00016469,0.00016469,16.0,1.5141942e+12,0.00264008,2.0,0.0,0.0,0.0
720,1.5141942e+12,0.00016381,0.00016401,0.00016299,0.00016315,1434.0,1.5141945e+12,0.23393441,8.0,255.0,0.04157148,0.0
721,1.5141945e+12,0.00016376,0.00016376,0.00016201,0.00016203,329.0,1.5141948e+12,0.05342987,4.0,0.0,0.0,0.0
722,1.5141948e+12,0.00016203,0.00016354,0.00016203,0.00016279,361.0,1.5141951e+12,0.05852911,4.0,20.0,0.0032708,0.0
723,1.5141951e+12,0.00016302,0.00016348,0.00015839,0.00015948,21732.0,1.5141954e+12,3.48556447,31.0,2397.0,0.38640729,0.0
724,1.5141954e+12,0.00015999,0.0001622,0.0001593,0.00016125,2981.0,1.5141957e+12,0.47723268,24.0,2623.0,0.42018928,0.0
725,1.5141957e+12,0.00015979,0.00016088,0.00015979,0.00016088,553.0,1.514196e+12,0.08844235,5.0,72.0,0.01158336,0.0
726,1.514196e+12,0.00016088,0.00016088,0.00016088,0.00016088,200.0,1.5141963e+12,0.032176,1.0,0.0,0.0,0.0
727,1.5141963e+12,0.00016088,0.00016112,0.00016087,0.00016087,2133.0,1.5141966e+12,0.34323502,10.0,902.0,0.14519174,0.0
728,1.5141966e+12,0.00016086,0.00016086,0.00015979,0.00015979,304.0,1.5141969e+12,0.0488351,3.0,242.0,0.03892812,0.0
729,1.5141969e+12,0.00015979,0.0001611,0.00015978,0.0001611,1380.0,1.5141972e+12,0.22132279,21.0,645.0,0.10387914,0.0
730,1.5141972e+12,0.00016116,0.00016117,0.00015944,0.00015944,3297.0,1.5141975e+12,0.53043183,4.0,1659.0,0.26737303,0.0
731,1.5141975e+12,0.00015944,0.00015944,0.00015944,0.00015944,0.0,1.5141978e+12,0.0,0.0,0.0,0.0,0.0
732,1.5141978e+12,0.00015944,0.00015944,0.00015934,0.00015944,1268.0,1.5141981e+12,0.20209872,5.0,104.0,0.01658176,0.0
733,1.5141981e+12,0.00015944,0.00015944,0.00015944,0.00015944,26.0,1.5141984e+12,0.00414544,2.0,26.0,0.00414544,0.0
734,1.5141984e+12,0.00016081,0.00016081,0.00016081,0.00016081,2.0,1.5141987e+12,0.00032162,1.0,2.0,0.00032162,0.0
735,1.5141987e+12,0.00015948,0.00015948,0.00015948,0.00015948,30.0,1.514199e+12,0.0047844,2.0,0.0,0.0,0.0
736,1.514199e+12,0.00015952,0.00015952,0.0001594,0.0001594,1650.0,1.5141993e+12,0.26316661,17.0,1000.0,0.15950469,0.0
737,1.5141993e+12,0.00015951,0.00015951,0.00015951,0.00015951,192.0,1.5141996e+12,0.03062592,6.0,192.0,0.03062592,0.0
738,1.5141996e+12,0.00015952,0.00016082,0.00015952,0.00016082,499.0,1.5141999e+12,0.08024788,3.0,489.0,0.07863968,0.0
739,1.5141999e+12,0.00016082,0.00016082,0.00016082,0.00016082,0.0,1.5142002e+12,0.0,0.0,0.0,0.0,0.0
740,1.5142002e+12,0.00016031,0.00016081,0.00016031,0.00016081,60.0,1.5142005e+12,0.0096446,3.0,60.0,0.0096446,0.0
741,1.5142005e+12,0.00015982,0.00015982,0.00015947,0.00015956,643.0,1.5142008e+12,0.10266213,4.0,0.0,0.0,0.0
742,1.5142008e+12,0.00016081,0.00016081,0.000159,0.000159,10004.0,1.5142011e+12,1.5917567,8.0,7575.0,1.20443405,0.0
743,1.5142011e+12,0.00015966,0.00015966,0.00015966,0.00015966,8.0,1.5142014e+12,0.00127728,1.0,0.0,0.0,0.0
744,1.5142014e+12,0.00016,0.00016,0.00015902,0.00015902,225.0,1.5142017e+12,0.03590494,2.0,0.0,0.0,0.0
745,1.5142017e+12,0.00015903,0.00015966,0.00015902,0.00015902,3561.0,1.514202e+12,0.56758197,13.0,49.0,0.00782334,0.0
746,1.514202e+12,0.00015902,0.00015902,0.00015902,0.00015902,1988.0,1.5142023e+12,0.31613176,2.0,0.0,0.0,0.0
747,1.5142023e+12,0.00015902,0.00015902,0.00015902,0.00015902,1658.0,1.5142026e+12,0.26365516,3.0,1658.0,0.26365516,0.0
748,1.5142026e+12,0.000159,0.000159,0.00015794,0.00015794,786.0,1.5142029e+12,0.12445242,8.0,109.0,0.0172205,0.0
749,1.5142029e+12,0.00015763,0.00015785,0.00015763,0.00015785,884.0,1.5142032e+12,0.13944898,5.0,884.0,0.13944898,0.0
750,1.5142032e+12,0.00015766,0.00015766,0.00015766,0.00015766,127.0,1.5142035e+12,0.02002282,1.0,127.0,0.02002282,0.0
751,1.5142035e+12,0.00015775,0.00015775,0.00015452,0.00015641,3872.0,1.5142038e+12,0.60228003,20.0,1144.0,0.17933338,0.0
752,1.5142038e+12,0.00015671,0.00015814,0.00015554,0.00015814,1968.0,1.5142041e+12,0.30821815,17.0,1960.0,0.30697383,0.0
753,1.5142041e+12,0.00015735,0.00015735,0.00015613,0.00015735,69.0,1.5142044e+12,0.01082475,9.0,24.0,0.00377128,0.0
754,1.5142044e+12,0.00015666,0.00015666,0.00015601,0.00015602,1766.0,1.5142047e+12,0.27568917,16.0,637.0,0.09938448,0.0
755,1.5142047e+12,0.00015602,0.00016395,0.00015521,0.00015925,2263.0,1.514205e+12,0.35740166,32.0,2101.0,0.33197747,0.0
756,1.514205e+12,0.00015877,0.00015993,0.00015824,0.0001588,2182.0,1.5142053e+12,0.34730376,13.0,1301.0,0.20786118,0.0
757,1.5142053e+12,0.0001582,0.0001582,0.00015792,0.00015792,1078.0,1.5142056e+12,0.1704019,14.0,407.0,0.0642801,0.0
758,1.5142056e+12,0.00015788,0.00015789,0.00015788,0.00015789,610.0,1.5142059e+12,0.09631163,2.0,610.0,0.09631163,0.0
759,1.5142059e+12,0.00015789,0.00015789,0.00015678,0.0001577,2576.0,1.5142062e+12,0.40499514,13.0,2163.0,0.33994604,0.0
760,1.5142062e+12,0.0001577,0.0001577,0.00015681,0.00015681,566.0,1.5142065e+12,0.08904816,4.0,330.0,0.052041,0.0
761,1.5142065e+12,0.00015678,0.0001577,0.00015678,0.0001577,1066.0,1.5142068e+12,0.16808957,10.0,1054.0,0.16620821,0.0
762,1.5142068e+12,0.0001577,0.0001577,0.0001567,0.0001567,1987.0,1.5142071e+12,0.31232266,14.0,1289.0,0.20281973,0.0
763,1.5142071e+12,0.0001567,0.0001567,0.00015203,0.00015531,3586.0,1.5142074e+12,0.55259822,15.0,445.0,0.06971416,0.0
764,1.5142074e+12,0.00015659,0.00015659,0.00015582,0.00015657,1996.0,1.5142077e+12,0.31161241,11.0,773.0,0.12103983,0.0
765,1.5142077e+12,0.00015658,0.00015784,0.00015658,0.00015721,777.0,1.514208e+12,0.12193856,8.0,602.0,0.0943216,0.0
766,1.514208e+12,0.00015721,0.00015721,0.00015721,0.00015721,0.0,1.5142083e+12,0.0,0.0,0.0,0.0,0.0
767,1.5142083e+12,0.00015657,0.00015657,0.00015657,0.00015657,40.0,1.5142086e+12,0.0062628,1.0,0.0,0.0,0.0
768,1.5142086e+12,0.0001553,0.0001553,0.0001553,0.0001553,600.0,1.5142089e+12,0.09318,4.0,600.0,0.09318,0.0
769,1.5142089e+12,0.00015649,0.00015649,0.00015502,0.00015502,7094.0,1.5142092e+12,1.10293828,17.0,252.0,0.03914064,0.0
770,1.5142092e+12,0.00015653,0.00015684,0.0001559,0.0001559,696.0,1.5142095e+12,0.10912425,5.0,595.0,0.09328341,0.0
771,1.5142095e+12,0.000155,0.00015685,0.00015499,0.00015685,2401.0,1.5142098e+12,0.3728632,6.0,2389.0,0.3710032,0.0
772,1.5142098e+12,0.00015685,0.00015685,0.00015685,0.00015685,859.0,1.5142101e+12,0.13473415,4.0,859.0,0.13473415,0.0
773,1.5142101e+12,0.00015682,0.00015682,0.00015682,0.00015682,610.0,1.5142104e+12,0.0956602,3.0,610.0,0.0956602,0.0
774,1.5142104e+12,0.00015682,0.00015682,0.0001551,0.0001551,459.0,1.5142107e+12,0.07171978,4.0,0.0,0.0,0.0
775,1.5142107e+12,0.00015629,0.00015629,0.00015575,0.00015629,3751.0,1.514211e+12,0.58438061,8.0,1699.0,0.26469697,0.0
776,1.514211e+12,0.00015574,0.00015574,0.00015568,0.00015568,552.0,1.5142113e+12,0.085968,9.0,0.0,0.0,0.0
777,1.5142113e+12,0.0001556,0.00015567,0.0001556,0.00015567,756.0,1.5142116e+12,0.11765782,9.0,756.0,0.11765782,0.0
778,1.5142116e+12,0.0001557,0.00015574,0.0001557,0.00015574,228.0,1.5142119e+12,0.03550072,3.0,228.0,0.03550072,0.0
779,1.5142119e+12,0.00015574,0.00015574,0.00015574,0.00015574,176.0,1.5142122e+12,0.02741024,3.0,9.0,0.00140166,0.0
780,1.5142122e+12,0.00015574,0.00015574,0.0001543,0.00015498,2686.0,1.5142125e+12,0.4151616,28.0,609.0,0.09431877,0.0
781,1.5142125e+12,0.00015479,0.00015574,0.0001541,0.0001541,4335.0,1.5142128e+12,0.6695138,25.0,777.0,0.12044264,0.0
782,1.5142128e+12,0.0001541,0.00015456,0.0001541,0.0001541,4570.0,1.5142131e+12,0.70424068,37.0,4562.0,0.7030042,0.0
783,1.5142131e+12,0.00015503,0.00015588,0.0001535,0.0001535,487.0,1.5142134e+12,0.07506361,10.0,20.0,0.00310792,0.0
784,1.5142134e+12,0.0001535,0.0001535,0.0001531,0.0001531,2556.0,1.5142137e+12,0.39202022,20.0,252.0,0.03864383,0.0
785,1.5142137e+12,0.00015444,0.00015507,0.00015444,0.00015452,932.0,1.514214e+12,0.14397875,9.0,924.0,0.14274259,0.0
786,1.514214e+12,0.00015533,0.00015576,0.00015533,0.00015564,175.0,1.5142143e+12,0.0272345,6.0,175.0,0.0272345,0.0
787,1.5142143e+12,0.00015564,0.00015564,0.0001534,0.00015422,1835.0,1.5142146e+12,0.28189855,9.0,1041.0,0.15971364,0.0
788,1.5142146e+12,0.00015422,0.00015495,0.00015112,0.00015134,2416.0,1.5142149e+12,0.36846725,23.0,8.0,0.0012396,0.0
789,1.5142149e+12,0.00015273,0.00015441,0.00015273,0.00015441,160.0,1.5142152e+12,0.02459048,8.0,160.0,0.02459048,0.0
790,1.5142152e+12,0.00015431,0.00015533,0.00015431,0.00015522,2613.0,1.5142155e+12,0.40534475,15.0,2613.0,0.40534475,0.0
791,1.5142155e+12,0.00015522,0.00015522,0.00015419,0.00015522,113.0,1.5142158e+12,0.01753883,3.0,112.0,0.01738464,0.0
792,1.5142158e+12,0.00015522,0.00015577,0.00015522,0.00015577,16.0,1.5142161e+12,0.00248792,2.0,16.0,0.00248792,0.0
793,1.5142161e+12,0.00015556,0.00015556,0.00015556,0.00015556,329.0,1.5142164e+12,0.05117924,2.0,329.0,0.05117924,0.0
794,1.5142164e+12,0.00015625,0.00015685,0.0001555,0.0001555,2356.0,1.5142167e+12,0.36811136,19.0,1546.0,0.2420666,0.0
795,1.5142167e+12,0.00015673,0.00015673,0.00015488,0.00015488,596.0,1.514217e+12,0.09325517,13.0,535.0,0.08379447,0.0
796,1.514217e+12,0.00015488,0.00015488,0.00015488,0.00015488,0.0,1.5142173e+12,0.0,0.0,0.0,0.0,0.0
797,1.5142173e+12,0.00015672,0.00015765,0.00015574,0.00015765,4335.0,1.5142176e+12,0.68003942,34.0,4234.0,0.66429456,0.0
798,1.5142176e+12,0.00015846,0.00015847,0.00015846,0.00015846,327.0,1.5142179e+12,0.05181821,4.0,261.0,0.04135985,0.0
799,1.5142179e+12,0.00015847,0.00015935,0.00015847,0.00015935,1703.0,1.5142182e+12,0.27003142,12.0,1542.0,0.2445097,0.0
800,1.5142182e+12,0.0001587,0.00016,0.0001587,0.0001595,2042.0,1.5142185e+12,0.32638503,14.0,1398.0,0.22337252,0.0
801,1.5142185e+12,0.00016,0.00016006,0.00016,0.00016006,586.0,1.5142188e+12,0.09376096,9.0,586.0,0.09376096,0.0
802,1.5142188e+12,0.00016196,0.00016196,0.00016,0.0001604,472.0,1.5142191e+12,0.07566029,10.0,11.0,0.00178156,0.0
803,1.5142191e+12,0.00016053,0.00016055,0.00016053,0.00016055,322.0,1.5142194e+12,0.05169262,3.0,0.0,0.0,0.0
804,1.5142194e+12,0.00016058,0.000161,0.00016058,0.000161,128.0,1.5142197e+12,0.02055928,3.0,12.0,0.001932,0.0
805,1.5142197e+12,0.00016131,0.00016131,0.000161,0.00016131,159.0,1.51422e+12,0.02561402,5.0,42.0,0.00676448,0.0
806,1.51422e+12,0.00016132,0.00016197,0.00016063,0.00016063,2764.0,1.5142203e+12,0.44605046,18.0,1525.0,0.24669587,0.0
807,1.5142203e+12,0.00016063,0.00016297,0.00016063,0.0001609,2143.0,1.5142206e+12,0.34635008,11.0,1399.0,0.22665777,0.0
808,1.5142206e+12,0.0001609,0.0001609,0.0001609,0.0001609,0.0,1.5142209e+12,0.0,0.0,0.0,0.0,0.0
809,1.5142209e+12,0.00016123,0.00016123,0.0001609,0.00016123,112.0,1.5142212e+12,0.01805644,5.0,104.0,0.0167666,0.0
810,1.5142212e+12,0.00016173,0.00016225,0.00016173,0.00016225,161.0,1.5142215e+12,0.02611809,5.0,153.0,0.02482009,0.0
811,1.5142215e+12,0.00016072,0.00016072,0.00016072,0.00016072,718.0,1.5142218e+12,0.11539696,3.0,501.0,0.08052072,0.0
812,1.5142218e+12,0.00016225,0.00016228,0.0001622,0.00016228,385.0,1.5142221e+12,0.06247436,5.0,53.0,0.0085974,0.0
813,1.5142221e+12,0.00016228,0.00016228,0.00016228,0.00016228,616.0,1.5142224e+12,0.09996448,1.0,0.0,0.0,0.0
814,1.5142224e+12,0.00016234,0.00016234,0.00016234,0.00016234,805.0,1.5142227e+12,0.1306837,4.0,209.0,0.03392906,0.0
815,1.5142227e+12,0.00016282,0.00016282,0.00016127,0.00016127,1920.0,1.514223e+12,0.31077216,9.0,664.0,0.10811248,0.0
816,1.514223e+12,0.00016127,0.00016127,0.00016127,0.00016127,0.0,1.5142233e+12,0.0,0.0,0.0,0.0,0.0
817,1.5142233e+12,0.00016155,0.00016295,0.00016127,0.00016295,426.0,1.5142236e+12,0.06901378,5.0,180.0,0.029331,0.0
818,1.5142236e+12,0.00016295,0.00016295,0.00016295,0.00016295,0.0,1.5142239e+12,0.0,0.0,0.0,0.0,0.0
819,1.5142239e+12,0.00016295,0.00016295,0.00016295,0.00016295,0.0,1.5142242e+12,0.0,0.0,0.0,0.0,0.0
820,1.5142242e+12,0.00016279,0.00016279,0.00016127,0.00016134,816.0,1.5142245e+12,0.1316507,5.0,8.0,0.00130232,0.0
821,1.5142245e+12,0.00016279,0.00016296,0.00016279,0.00016296,805.0,1.5142248e+12,0.13107553,3.0,805.0,0.13107553,0.0
822,1.5142248e+12,0.00016296,0.00016296,0.0001624,0.00016293,388.0,1.5142251e+12,0.06321884,3.0,388.0,0.06321884,0.0
823,1.5142251e+12,0.00016282,0.00016282,0.00016282,0.00016282,54.0,1.5142254e+12,0.00879228,2.0,54.0,0.00879228,0.0
824,1.5142254e+12,0.00016186,0.00016186,0.0001615,0.0001615,42.0,1.5142257e+12,0.00678588,2.0,0.0,0.0,0.0
825,1.5142257e+12,0.00016283,0.00016293,0.00016283,0.00016293,650.0,1.514226e+12,0.1058494,3.0,650.0,0.1058494,0.0
826,1.514226e+12,0.00016295,0.00016295,0.00016295,0.00016295,69.0,1.5142263e+12,0.01124355,2.0,69.0,0.01124355,0.0
827,1.5142263e+12,0.00016294,0.00016297,0.00016294,0.00016297,187.0,1.5142266e+12,0.03047314,2.0,187.0,0.03047314,0.0
828,1.5142266e+12,0.00016297,0.00016297,0.00016297,0.00016297,243.0,1.5142269e+12,0.03960171,1.0,243.0,0.03960171,0.0
829,1.5142269e+12,0.0001629,0.0001629,0.00016219,0.00016219,344.0,1.5142272e+12,0.05580117,2.0,11.0,0.0017919,0.0
830,1.5142272e+12,0.00016219,0.00016219,0.00016219,0.00016219,0.0,1.5142275e+12,0.0,0.0,0.0,0.0,0.0
831,1.5142275e+12,0.00016141,0.00016141,0.00016141,0.00016141,46.0,1.5142278e+12,0.00742486,2.0,0.0,0.0,0.0
832,1.5142278e+12,0.00016141,0.00016141,0.00016141,0.00016141,0.0,1.5142281e+12,0.0,0.0,0.0,0.0,0.0
833,1.5142281e+12,0.00016141,0.00016141,0.00016141,0.00016141,22.0,1.5142284e+12,0.00355102,1.0,0.0,0.0,0.0
834,1.5142284e+12,0.00016219,0.00016219,0.00016219,0.00016219,45.0,1.5142287e+12,0.00729855,2.0,45.0,0.00729855,0.0
835,1.5142287e+12,0.00016219,0.00016219,0.00016219,0.00016219,14.0,1.514229e+12,0.00227066,1.0,14.0,0.00227066,0.0
836,1.514229e+12,0.00016219,0.00016219,0.00016219,0.00016219,0.0,1.5142293e+12,0.0,0.0,0.0,0.0,0.0
837,1.5142293e+12,0.00016218,0.00016218,0.00016218,0.00016218,134.0,1.5142296e+12,0.02173212,1.0,0.0,0.0,0.0
838,1.5142296e+12,0.00016175,0.00016175,0.00016175,0.00016175,286.0,1.5142299e+12,0.0462605,6.0,286.0,0.0462605,0.0
839,1.5142299e+12,0.00016175,0.00016175,0.00016175,0.00016175,284.0,1.5142302e+12,0.045937,1.0,284.0,0.045937,0.0
840,1.5142302e+12,0.00016151,0.00016175,0.00016151,0.00016175,612.0,1.5142305e+12,0.09898908,3.0,604.0,0.097697,0.0
841,1.5142305e+12,0.00016176,0.00016219,0.00016176,0.00016219,968.0,1.5142308e+12,0.15682764,4.0,586.0,0.09503532,0.0
842,1.5142308e+12,0.00016219,0.00016219,0.00016219,0.00016219,17.0,1.5142311e+12,0.00275723,1.0,17.0,0.00275723,0.0
843,1.5142311e+12,0.00016219,0.00016219,0.00016219,0.00016219,0.0,1.5142314e+12,0.0,0.0,0.0,0.0,0.0
844,1.5142314e+12,0.00016219,0.00016219,0.00016219,0.00016219,0.0,1.5142317e+12,0.0,0.0,0.0,0.0,0.0
845,1.5142317e+12,0.00016296,0.00016297,0.00016296,0.00016297,497.0,1.514232e+12,0.08099367,7.0,497.0,0.08099367,0.0
846,1.514232e+12,0.00016297,0.00016592,0.00016297,0.00016592,2908.0,1.5142323e+12,0.47456761,8.0,2908.0,0.47456761,0.0
847,1.5142323e+12,0.00016706,0.0001678,0.0001643,0.00016762,240.0,1.5142326e+12,0.03966453,14.0,50.0,0.00837765,0.0
848,1.5142326e+12,0.00016762,0.00016826,0.00016541,0.00016541,5149.0,1.5142329e+12,0.86559638,14.0,5088.0,0.85550637,0.0
849,1.5142329e+12,0.00016825,0.00016995,0.00016825,0.0001699,1522.0,1.5142332e+12,0.25735027,10.0,1031.0,0.17392937,0.0
850,1.5142332e+12,0.00016995,0.00016996,0.000168,0.000168,1754.0,1.5142335e+12,0.29712559,5.0,1254.0,0.21312559,0.0
851,1.5142335e+12,0.0001665,0.0001665,0.0001665,0.0001665,15.0,1.5142338e+12,0.0024975,1.0,0.0,0.0,0.0
852,1.5142338e+12,0.0001665,0.0001665,0.0001665,0.0001665,0.0,1.5142341e+12,0.0,0.0,0.0,0.0,0.0
853,1.5142341e+12,0.0001665,0.0001665,0.0001665,0.0001665,0.0,1.5142344e+12,0.0,0.0,0.0,0.0,0.0
854,1.5142344e+12,0.0001665,0.00016654,0.0001665,0.00016654,204.0,1.5142347e+12,0.033972,3.0,0.0,0.0,0.0
855,1.5142347e+12,0.000168,0.000168,0.000168,0.000168,7.0,1.514235e+12,0.001176,1.0,7.0,0.001176,0.0
856,1.514235e+12,0.000168,0.00016888,0.000168,0.00016888,560.0,1.5142353e+12,0.09408088,3.0,146.0,0.02452888,0.0
857,1.5142353e+12,0.00016888,0.00016985,0.00016582,0.00016642,1414.0,1.5142356e+12,0.23918877,13.0,889.0,0.15066341,0.0
858,1.5142356e+12,0.00016642,0.00016642,0.00016642,0.00016642,0.0,1.5142359e+12,0.0,0.0,0.0,0.0,0.0
859,1.5142359e+12,0.00016642,0.00016642,0.00016642,0.00016642,0.0,1.5142362e+12,0.0,0.0,0.0,0.0,0.0
860,1.5142362e+12,0.00016781,0.00016781,0.00016781,0.00016781,137.0,1.5142365e+12,0.02298997,1.0,0.0,0.0,0.0
861,1.5142365e+12,0.00016781,0.00016781,0.00016781,0.00016781,0.0,1.5142368e+12,0.0,0.0,0.0,0.0,0.0
862,1.5142368e+12,0.00016995,0.00016999,0.00016995,0.00016999,2909.0,1.5142371e+12,0.49446528,9.0,2909.0,0.49446528,0.0
863,1.5142371e+12,0.00016778,0.00016778,0.00016664,0.00016664,208.0,1.5142374e+12,0.03467594,2.0,0.0,0.0,0.0
864,1.5142374e+12,0.00016769,0.00016769,0.00016769,0.00016769,262.0,1.5142377e+12,0.04393478,1.0,0.0,0.0,0.0
865,1.5142377e+12,0.00016769,0.00016769,0.00016769,0.00016769,0.0,1.514238e+12,0.0,0.0,0.0,0.0,0.0
866,1.514238e+12,0.00016769,0.00016769,0.00016769,0.00016769,0.0,1.5142383e+12,0.0,0.0,0.0,0.0,0.0
867,1.5142383e+12,0.00016769,0.00016769,0.00016769,0.00016769,107.0,1.5142386e+12,0.01794283,1.0,107.0,0.01794283,0.0
868,1.5142386e+12,0.00016766,0.00016766,0.00016766,0.00016766,155.0,1.5142389e+12,0.0259873,1.0,155.0,0.0259873,0.0
869,1.5142389e+12,0.00016766,0.00016766,0.00016766,0.00016766,0.0,1.5142392e+12,0.0,0.0,0.0,0.0,0.0
870,1.5142392e+12,0.00016766,0.00016766,0.00016766,0.00016766,0.0,1.5142395e+12,0.0,0.0,0.0,0.0,0.0
871,1.5142395e+12,0.00016748,0.00016748,0.0001673,0.0001673,141.0,1.5142398e+12,0.02359146,2.0,141.0,0.02359146,0.0
872,1.5142398e+12,0.0001673,0.00016766,0.0001673,0.00016766,1295.0,1.5142401e+12,0.21704423,6.0,1088.0,0.18241313,0.0
873,1.5142401e+12,0.00016766,0.00016766,0.00016766,0.00016766,157.0,1.5142404e+12,0.02632262,2.0,7.0,0.00117362,0.0
874,1.5142404e+12,0.00016767,0.00016767,0.00016767,0.00016767,360.0,1.5142407e+12,0.0603612,3.0,360.0,0.0603612,0.0
875,1.5142407e+12,0.00016767,0.00016767,0.00016766,0.00016766,832.0,1.514241e+12,0.13950101,5.0,789.0,0.13229163,0.0
876,1.514241e+12,0.00016766,0.00016766,0.00016766,0.00016766,48.0,1.5142413e+12,0.00804768,1.0,0.0,0.0,0.0
877,1.5142413e+12,0.00016994,0.00016999,0.00016766,0.00016766,1135.0,1.5142416e+12,0.19289897,4.0,1125.0,0.19122237,0.0
878,1.5142416e+12,0.00016766,0.00016766,0.000166,0.000166,787.0,1.5142419e+12,0.1307499,2.0,722.0,0.119852,0.0
879,1.5142419e+12,0.00016718,0.00016718,0.00016718,0.00016718,69.0,1.5142422e+12,0.01153542,1.0,0.0,0.0,0.0
880,1.5142422e+12,0.00016728,0.00017,0.00016691,0.00017,11359.0,1.5142425e+12,1.92575038,14.0,9700.0,1.64881564,0.0
881,1.5142425e+12,0.00017,0.000175,0.0001685,0.00016985,16265.0,1.5142428e+12,2.78163693,27.0,13450.0,2.30254686,0.0
882,1.5142428e+12,0.00017034,0.0001764,0.00017034,0.0001764,5772.0,1.5142431e+12,0.9974787,46.0,2630.0,0.46095163,0.0
883,1.5142431e+12,0.0001764,0.00017846,0.00017516,0.00017516,7714.0,1.5142434e+12,1.36856915,22.0,6020.0,1.06753436,0.0
884,1.5142434e+12,0.00017589,0.00017777,0.00017589,0.00017777,304.0,1.5142437e+12,0.05379016,2.0,170.0,0.0302209,0.0
885,1.5142437e+12,0.00017518,0.00017518,0.00017508,0.0001751,1994.0,1.514244e+12,0.34928408,11.0,0.0,0.0,0.0
886,1.514244e+12,0.0001751,0.0001751,0.00017509,0.00017509,1741.0,1.5142443e+12,0.30484623,7.0,1454.0,0.2545954,0.0
887,1.5142443e+12,0.00017786,0.00017788,0.00017786,0.00017788,813.0,1.5142446e+12,0.14461263,4.0,813.0,0.14461263,0.0
888,1.5142446e+12,0.00017817,0.00017842,0.00017549,0.00017842,2949.0,1.5142449e+12,0.52539656,9.0,789.0,0.14057363,0.0
889,1.5142449e+12,0.0001784,0.0001784,0.0001755,0.0001755,2745.0,1.5142452e+12,0.48251542,11.0,130.0,0.02319164,0.0
890,1.5142452e+12,0.0001775,0.00017802,0.0001775,0.00017753,2701.0,1.5142455e+12,0.4798604,12.0,1817.0,0.32274307,0.0
891,1.5142455e+12,0.00017753,0.0001784,0.00017509,0.0001784,2253.0,1.5142458e+12,0.39680945,13.0,1496.0,0.2634909,0.0
892,1.5142458e+12,0.00017825,0.00017825,0.00017544,0.00017544,284.0,1.5142461e+12,0.04982777,2.0,1.0,0.00017825,0.0
893,1.5142461e+12,0.00017562,0.00017819,0.00017542,0.00017815,1967.0,1.5142464e+12,0.34597331,9.0,605.0,0.10695041,0.0
894,1.5142464e+12,0.00017787,0.00017787,0.00017508,0.00017511,1892.0,1.5142467e+12,0.33316635,14.0,528.0,0.09390514,0.0
895,1.5142467e+12,0.00017513,0.00017837,0.00017513,0.00017837,3055.0,1.514247e+12,0.54008295,13.0,2726.0,0.48246518,0.0
896,1.514247e+12,0.00017837,0.00017837,0.0001762,0.0001762,7267.0,1.5142473e+12,1.29038917,14.0,696.0,0.1240878,0.0
897,1.5142473e+12,0.00017608,0.00017839,0.00017601,0.00017839,3063.0,1.5142476e+12,0.54312193,10.0,1872.0,0.3334908,0.0
898,1.5142476e+12,0.0001784,0.00017846,0.0001762,0.00017652,5085.0,1.5142479e+12,0.90182036,32.0,2187.0,0.38984881,0.0
899,1.5142479e+12,0.00017872,0.00017872,0.00017653,0.0001787,2514.0,1.5142482e+12,0.44814768,11.0,1728.0,0.3088016,0.0
900,1.5142482e+12,0.00017798,0.0001788,0.00017726,0.00017726,904.0,1.5142485e+12,0.16160249,5.0,900.0,0.16089345,0.0
901,1.5142485e+12,0.00017879,0.0001815,0.0001768,0.00017833,14163.0,1.5142488e+12,2.56547173,33.0,13787.0,2.49863517,0.0
902,1.5142488e+12,0.00017835,0.0001792,0.000178,0.000178,4158.0,1.5142491e+12,0.7419902,17.0,7.0,0.0012544,0.0
903,1.5142491e+12,0.000178,0.000178,0.00017631,0.00017731,2600.0,1.5142494e+12,0.46267029,39.0,78.0,0.01380912,0.0
904,1.5142494e+12,0.00017733,0.00017847,0.00017733,0.00017741,1165.0,1.5142497e+12,0.20665883,6.0,1.0,0.00017847,0.0
905,1.5142497e+12,0.00017842,0.000179,0.00017738,0.00017738,2000.0,1.51425e+12,0.35660984,12.0,1280.0,0.22838592,0.0
906,1.51425e+12,0.0001778,0.00017896,0.0001778,0.00017896,427.0,1.5142503e+12,0.07593786,3.0,5.0,0.0008948,0.0
907,1.5142503e+12,0.00017896,0.00017896,0.00017738,0.00017738,2585.0,1.5142506e+12,0.4618897,5.0,28.0,0.00501088,0.0
908,1.5142506e+12,0.00017885,0.00017916,0.00017738,0.00017914,727.0,1.5142509e+12,0.12964005,11.0,427.0,0.07642605,0.0
909,1.5142509e+12,0.00017912,0.00017912,0.00017738,0.00017904,1520.0,1.5142512e+12,0.27052888,3.0,548.0,0.09811552,0.0
910,1.5142512e+12,0.00017739,0.00017912,0.00017738,0.00017738,1266.0,1.5142515e+12,0.22458652,5.0,10.0,0.0017912,0.0
911,1.5142515e+12,0.00017738,0.00017738,0.000175,0.000175,11120.0,1.5142518e+12,1.95657474,22.0,1883.0,0.32969866,0.0
912,1.5142518e+12,0.00017497,0.00017497,0.00017,0.00017,2627.0,1.5142521e+12,0.45368316,11.0,1161.0,0.20301466,0.0
913,1.5142521e+12,0.00017324,0.00017457,0.00017099,0.00017226,897.0,1.5142524e+12,0.15420427,14.0,128.0,0.02224939,0.0
914,1.5142524e+12,0.00017218,0.00017218,0.000168,0.00016897,3938.0,1.5142527e+12,0.66561713,25.0,682.0,0.11586,0.0
915,1.5142527e+12,0.0001695,0.0001695,0.00016589,0.00016867,12370.0,1.514253e+12,2.05512045,37.0,4996.0,0.82961393,0.0
916,1.514253e+12,0.00016693,0.00016797,0.00016693,0.00016797,70.0,1.5142533e+12,0.01169342,3.0,0.0,0.0,0.0
917,1.5142533e+12,0.00016797,0.00016877,0.00016701,0.00016877,1532.0,1.5142536e+12,0.25591119,5.0,17.0,0.00286909,0.0
918,1.5142536e+12,0.00016718,0.00016871,0.00016704,0.00016871,2316.0,1.5142539e+12,0.38972033,7.0,1771.0,0.29863493,0.0
919,1.5142539e+12,0.00016871,0.00016871,0.00016838,0.0001687,1717.0,1.5142542e+12,0.28938237,12.0,107.0,0.0180509,0.0
920,1.5142542e+12,0.00016889,0.00017,0.00016838,0.00017,7325.0,1.5142545e+12,1.24134521,28.0,4651.0,0.78911735,0.0
921,1.5142545e+12,0.00017014,0.00017496,0.00017002,0.00017128,3480.0,1.5142548e+12,0.60326712,28.0,2391.0,0.41389008,0.0
922,1.5142548e+12,0.00017368,0.00017451,0.00017243,0.00017243,365.0,1.5142551e+12,0.06366831,5.0,358.0,0.0624613,0.0
923,1.5142551e+12,0.00017243,0.0001738,0.00017243,0.0001738,16.0,1.5142554e+12,0.00276847,3.0,7.0,0.0012166,0.0
924,1.5142554e+12,0.00017312,0.0001738,0.00017163,0.0001724,1623.0,1.5142557e+12,0.27885083,9.0,123.0,0.021355,0.0
925,1.5142557e+12,0.0001724,0.0001724,0.0001724,0.0001724,0.0,1.514256e+12,0.0,0.0,0.0,0.0,0.0
926,1.514256e+12,0.00017206,0.00017249,0.00017,0.00017,1894.0,1.5142563e+12,0.32225724,9.0,58.0,0.01000442,0.0
927,1.5142563e+12,0.00017064,0.00017064,0.00017,0.00017064,396.0,1.5142566e+12,0.0673452,5.0,28.0,0.00477792,0.0
928,1.5142566e+12,0.00017,0.00017093,0.00017,0.00017093,5644.0,1.5142569e+12,0.95948093,6.0,192.0,0.03264093,0.0
929,1.5142569e+12,0.00016931,0.00016931,0.00016715,0.00016715,1337.0,1.5142572e+12,0.22467619,4.0,0.0,0.0,0.0
930,1.5142572e+12,0.00016911,0.00016934,0.00016899,0.00016899,1027.0,1.5142575e+12,0.17388737,8.0,82.0,0.01386107,0.0
931,1.5142575e+12,0.00016899,0.00016899,0.00016305,0.00016701,2848.0,1.5142578e+12,0.47354754,21.0,1153.0,0.19424584,0.0
932,1.5142578e+12,0.00016701,0.00016701,0.00016701,0.00016701,518.0,1.5142581e+12,0.08651118,6.0,418.0,0.06981018,0.0
933,1.5142581e+12,0.00016722,0.00016722,0.00016722,0.00016722,160.0,1.5142584e+12,0.0267552,1.0,0.0,0.0,0.0
934,1.5142584e+12,0.00016722,0.00016787,0.00016722,0.00016787,867.0,1.5142587e+12,0.14509481,5.0,867.0,0.14509481,0.0
935,1.5142587e+12,0.00016783,0.00016783,0.0001668,0.0001668,10838.0,1.514259e+12,1.81027697,14.0,585.0,0.09817929,0.0
936,1.514259e+12,0.0001668,0.0001668,0.0001668,0.0001668,0.0,1.5142593e+12,0.0,0.0,0.0,0.0,0.0
937,1.5142593e+12,0.0001668,0.0001668,0.00016622,0.00016622,919.0,1.5142596e+12,0.15315788,18.0,78.0,0.0129714,0.0
938,1.5142596e+12,0.00016521,0.00016521,0.00016521,0.00016521,1287.0,1.5142599e+12,0.21262527,5.0,0.0,0.0,0.0
939,1.5142599e+12,0.00016488,0.00016488,0.00016384,0.00016384,467.0,1.5142602e+12,0.07697004,4.0,451.0,0.07434028,0.0
940,1.5142602e+12,0.0001632,0.0001632,0.0001631,0.0001631,2369.0,1.5142605e+12,0.3864906,19.0,0.0,0.0,0.0
941,1.5142605e+12,0.00016303,0.0001631,0.000163,0.000163,5393.0,1.5142608e+12,0.8791016,11.0,196.0,0.03196384,0.0
942,1.5142608e+12,0.00016305,0.00016305,0.000161,0.00016232,688.0,1.5142611e+12,0.11185048,11.0,190.0,0.03088075,0.0
943,1.5142611e+12,0.00016167,0.00016304,0.00015566,0.00015762,22314.0,1.5142614e+12,3.55035008,52.0,14066.0,2.24010704,0.0
944,1.5142614e+12,0.00015705,0.0001576,0.00015703,0.0001576,1263.0,1.5142617e+12,0.19836374,9.0,1263.0,0.19836374,0.0
945,1.5142617e+12,0.00015656,0.00015656,0.00015548,0.00015548,692.0,1.514262e+12,0.10764372,5.0,0.0,0.0,0.0
946,1.514262e+12,0.00015605,0.00015675,0.00015485,0.00015485,2364.0,1.5142623e+12,0.36677346,16.0,12.0,0.001881,0.0
947,1.5142623e+12,0.00015485,0.00015485,0.00015191,0.00015191,5181.0,1.5142626e+12,0.7902467,23.0,22.0,0.00339218,0.0
948,1.5142626e+12,0.00015192,0.00015344,0.00015191,0.00015191,2106.0,1.5142629e+12,0.32140636,23.0,273.0,0.04149808,0.0
949,1.5142629e+12,0.00015192,0.00015242,0.000151,0.0001519,3011.0,1.5142632e+12,0.45611242,14.0,311.0,0.04724656,0.0
950,1.5142632e+12,0.00015189,0.00015189,0.000151,0.000151,1067.0,1.5142635e+12,0.16136709,5.0,281.0,0.04268109,0.0
951,1.5142635e+12,0.00015016,0.00015099,0.00015016,0.00015099,288.0,1.5142638e+12,0.04328592,3.0,48.0,0.00724752,0.0
952,1.5142638e+12,0.00015099,0.000151,0.00015099,0.000151,1283.0,1.5142641e+12,0.19373148,2.0,1283.0,0.19373148,0.0
953,1.5142641e+12,0.00015187,0.00015187,0.00015016,0.0001502,6011.0,1.5142644e+12,0.90669596,18.0,2350.0,0.35686094,0.0
954,1.5142644e+12,0.0001502,0.0001502,0.00014806,0.00014907,9477.0,1.5142647e+12,1.41449715,31.0,1886.0,0.28012682,0.0
955,1.5142647e+12,0.00014807,0.00014931,0.00014805,0.00014931,4502.0,1.514265e+12,0.6668533,14.0,2745.0,0.40665144,0.0
956,1.514265e+12,0.00014808,0.00014808,0.00014684,0.00014684,6781.0,1.5142653e+12,1.00235405,21.0,0.0,0.0,0.0
957,1.5142653e+12,0.00014562,0.00014563,0.00014235,0.00014235,13432.0,1.5142656e+12,1.93366143,33.0,2653.0,0.3818229,0.0
958,1.5142656e+12,0.00014235,0.00014446,0.00014049,0.00014096,7140.0,1.5142659e+12,1.0102304,31.0,1959.0,0.27782125,0.0
959,1.5142659e+12,0.00014166,0.00014173,0.00014,0.00014109,5554.0,1.5142662e+12,0.77945385,16.0,701.0,0.09816249,0.0
960,1.5142662e+12,0.00014152,0.00014152,0.000141,0.000141,2076.0,1.5142665e+12,0.2927565,11.0,398.0,0.05615382,0.0
961,1.5142665e+12,0.00014097,0.00014097,0.00014097,0.00014097,254.0,1.5142668e+12,0.03580638,3.0,0.0,0.0,0.0
962,1.5142668e+12,0.000141,0.00014349,0.00014097,0.00014349,1596.0,1.5142671e+12,0.22506318,11.0,516.0,0.07281558,0.0
963,1.5142671e+12,0.00014298,0.00014927,0.00014298,0.00014556,3759.0,1.5142674e+12,0.54123407,21.0,3245.0,0.46673893,0.0
964,1.5142674e+12,0.00014671,0.00014671,0.00014671,0.00014671,126.0,1.5142677e+12,0.01848546,5.0,9.0,0.00132039,0.0
965,1.5142677e+12,0.00014728,0.00014728,0.00014728,0.00014728,30.0,1.514268e+12,0.0044184,1.0,30.0,0.0044184,0.0
966,1.514268e+12,0.000147,0.00014819,0.00014671,0.00014819,2316.0,1.5142683e+12,0.3407514,16.0,1995.0,0.29365009,0.0
967,1.5142683e+12,0.00014874,0.0001505,0.00014874,0.0001505,1197.0,1.5142686e+12,0.17993816,5.0,1103.0,0.16593092,0.0
968,1.5142686e+12,0.00014933,0.00015188,0.00014933,0.00014971,7111.0,1.5142689e+12,1.07015918,19.0,4555.0,0.68831568,0.0
969,1.5142689e+12,0.00015014,0.00015162,0.00014933,0.00015132,1601.0,1.5142692e+12,0.24065777,12.0,874.0,0.1320617,0.0
970,1.5142692e+12,0.00015039,0.00015095,0.00014986,0.00015095,2252.0,1.5142695e+12,0.3394935,13.0,95.0,0.01434025,0.0
971,1.5142695e+12,0.00015095,0.00015095,0.00014819,0.00014819,2614.0,1.5142698e+12,0.38811347,18.0,1563.0,0.23164817,0.0
972,1.5142698e+12,0.00014778,0.00014778,0.00014616,0.00014698,371.0,1.5142701e+12,0.05455901,7.0,36.0,0.00529128,0.0
973,1.5142701e+12,0.00014616,0.00014616,0.00014161,0.00014161,3241.0,1.5142704e+12,0.46414948,21.0,317.0,0.04583502,0.0
974,1.5142704e+12,0.00014491,0.00014491,0.0001447,0.00014485,783.0,1.5142707e+12,0.11342613,5.0,783.0,0.11342613,0.0
975,1.5142707e+12,0.00014485,0.00014487,0.00014485,0.00014485,5827.0,1.514271e+12,0.84405695,5.0,447.0,0.06474795,0.0
976,1.514271e+12,0.00014477,0.00014477,0.0001418,0.0001418,2294.0,1.5142713e+12,0.33086628,7.0,1892.0,0.2738206,0.0
977,1.5142713e+12,0.00014382,0.00014384,0.00014141,0.00014267,3357.0,1.5142716e+12,0.48181994,13.0,1999.0,0.28748119,0.0
978,1.5142716e+12,0.00014344,0.0001458,0.00014097,0.0001443,4989.0,1.5142719e+12,0.71540165,27.0,3501.0,0.50397959,0.0
979,1.5142719e+12,0.00014366,0.00014634,0.00014366,0.00014634,4375.0,1.5142722e+12,0.63204578,16.0,2470.0,0.3575318,0.0
980,1.5142722e+12,0.0001455,0.00014607,0.00014305,0.00014307,9144.0,1.5142725e+12,1.3163516,34.0,5620.0,0.81065659,0.0
981,1.5142725e+12,0.00014306,0.0001448,0.00014306,0.00014337,4552.0,1.5142728e+12,0.65615461,16.0,4134.0,0.59634706,0.0
982,1.5142728e+12,0.00014462,0.00014472,0.00014359,0.00014359,1347.0,1.5142731e+12,0.1948377,5.0,1318.0,0.19067359,0.0
983,1.5142731e+12,0.00014371,0.00014371,0.00014291,0.00014291,4941.0,1.5142734e+12,0.70933895,20.0,816.0,0.11726736,0.0
984,1.5142734e+12,0.00014291,0.00014291,0.00014095,0.00014107,6265.0,1.5142737e+12,0.891199,26.0,2245.0,0.31967487,0.0
985,1.5142737e+12,0.00014264,0.0001429,0.00014121,0.00014121,2350.0,1.514274e+12,0.33493895,14.0,1215.0,0.17354402,0.0
986,1.514274e+12,0.00014128,0.00014202,0.00014128,0.00014201,1024.0,1.5142743e+12,0.14540774,3.0,0.0,0.0,0.0
987,1.5142743e+12,0.00014321,0.00014321,0.00014321,0.00014321,300.0,1.5142746e+12,0.042963,1.0,300.0,0.042963,0.0
988,1.5142746e+12,0.00014311,0.00014638,0.00014307,0.00014555,4204.0,1.5142749e+12,0.61109874,23.0,3817.0,0.55534026,0.0
989,1.5142749e+12,0.00014557,0.00014557,0.00014555,0.00014557,2829.0,1.5142752e+12,0.41181453,14.0,2654.0,0.38634278,0.0
990,1.5142752e+12,0.00014554,0.00014554,0.00014554,0.00014554,1319.0,1.5142755e+12,0.19196726,3.0,0.0,0.0,0.0
991,1.5142755e+12,0.00014614,0.00014614,0.00014611,0.00014611,902.0,1.5142758e+12,0.13181801,5.0,234.0,0.03419676,0.0
992,1.5142758e+12,0.00014555,0.00014555,0.00014555,0.00014555,34.0,1.5142761e+12,0.0049487,1.0,0.0,0.0,0.0
993,1.5142761e+12,0.00014666,0.00014666,0.00014666,0.00014666,250.0,1.5142764e+12,0.036665,2.0,250.0,0.036665,0.0
994,1.5142764e+12,0.00014667,0.00014739,0.00014667,0.00014739,2688.0,1.5142767e+12,0.39518435,19.0,9.0,0.00132534,0.0
995,1.5142767e+12,0.00014739,0.00014739,0.00014739,0.00014739,49.0,1.514277e+12,0.00722211,1.0,0.0,0.0,0.0
996,1.514277e+12,0.00014739,0.00014739,0.00014739,0.00014739,0.0,1.5142773e+12,0.0,0.0,0.0,0.0,0.0
997,1.5142773e+12,0.00014826,0.00014985,0.00014742,0.00014756,2244.0,1.5142776e+12,0.33349059,15.0,1167.0,0.17447202,0.0
998,1.5142776e+12,0.00014952,0.00014986,0.00014948,0.00014969,2150.0,1.5142779e+12,0.32181386,8.0,2150.0,0.32181386,0.0
999,1.5142779e+12,0.00014775,0.00014951,0.00014775,0.0001495,91.0,1.5142782e+12,0.01356434,4.0,0.0,0.0,0.0
1000,1.5142782e+12,0.00014812,0.00014812,0.00014748,0.0001475,683.0,1.5142785e+12,0.10083544,3.0,0.0,0.0,0.0
1001,1.5142785e+12,0.0001496,0.0001496,0.0001496,0.0001496,47.0,1.5142788e+12,0.0070312,1.0,47.0,0.0070312,0.0
1002,1.5142788e+12,0.0001496,0.0001496,0.00014771,0.00014771,1973.0,1.5142791e+12,0.29326668,9.0,1428.0,0.21208622,0.0
1003,1.5142791e+12,0.00014956,0.00014957,0.00014956,0.00014957,166.0,1.5142794e+12,0.0248271,2.0,166.0,0.0248271,0.0
1004,1.5142794e+12,0.00014823,0.00014823,0.00014823,0.00014823,26.0,1.5142797e+12,0.00385398,1.0,0.0,0.0,0.0
1005,1.5142797e+12,0.00014892,0.00014892,0.00014892,0.00014892,85.0,1.51428e+12,0.0126582,1.0,0.0,0.0,0.0
1006,1.51428e+12,0.00015081,0.00015081,0.0001477,0.00014843,1614.0,1.5142803e+12,0.24047523,10.0,417.0,0.06215949,0.0
1007,1.5142803e+12,0.0001486,0.0001486,0.0001485,0.0001485,1152.0,1.5142806e+12,0.1711403,5.0,0.0,0.0,0.0
1008,1.5142806e+12,0.0001477,0.0001477,0.00014739,0.00014739,1604.0,1.5142809e+12,0.2365905,8.0,0.0,0.0,0.0
1009,1.5142809e+12,0.00014824,0.00014824,0.00014748,0.00014748,167.0,1.5142812e+12,0.02468008,2.0,67.0,0.00993208,0.0
1010,1.5142812e+12,0.00014748,0.00014748,0.00014748,0.00014748,0.0,1.5142815e+12,0.0,0.0,0.0,0.0,0.0
1011,1.5142815e+12,0.00014753,0.00014753,0.00014753,0.00014753,521.0,1.5142818e+12,0.07686313,2.0,0.0,0.0,0.0
1012,1.5142818e+12,0.0001476,0.00014818,0.0001476,0.000148,1042.0,1.5142821e+12,0.15429708,6.0,1032.0,0.15281908,0.0
1013,1.5142821e+12,0.00014817,0.0001486,0.00014817,0.0001486,1135.0,1.5142824e+12,0.16830166,10.0,1041.0,0.15434177,0.0
1014,1.5142824e+12,0.0001486,0.000149,0.000148,0.000148,4860.0,1.5142827e+12,0.7235838,9.0,648.0,0.0962928,0.0
1015,1.5142827e+12,0.000148,0.00014899,0.000148,0.00014899,1395.0,1.514283e+12,0.20776779,11.0,1246.0,0.18564154,0.0
1016,1.514283e+12,0.00014899,0.00014899,0.00014899,0.00014899,306.0,1.5142833e+12,0.04559094,2.0,306.0,0.04559094,0.0
1017,1.5142833e+12,0.000149,0.000149,0.000149,0.000149,65.0,1.5142836e+12,0.009685,1.0,0.0,0.0,0.0
1018,1.5142836e+12,0.000149,0.000149,0.00014726,0.00014726,9030.0,1.5142839e+12,1.33198018,13.0,0.0,0.0,0.0
1019,1.5142839e+12,0.0001467,0.0001467,0.00014542,0.00014561,4781.0,1.5142842e+12,0.69658032,11.0,57.0,0.00833397,0.0
1020,1.5142842e+12,0.00014561,0.00014561,0.00014561,0.00014561,3630.0,1.5142845e+12,0.5285643,1.0,0.0,0.0,0.0
1021,1.5142845e+12,0.00014561,0.00014561,0.00014561,0.00014561,789.0,1.5142848e+12,0.11488629,7.0,0.0,0.0,0.0
1022,1.5142848e+12,0.00014561,0.00014784,0.00014561,0.0001478,5264.0,1.5142851e+12,0.77411161,18.0,3113.0,0.45937936,0.0
1023,1.5142851e+12,0.0001478,0.0001478,0.00014701,0.0001478,136.0,1.5142854e+12,0.02009369,4.0,35.0,0.00516589,0.0
1024,1.5142854e+12,0.0001478,0.0001478,0.0001478,0.0001478,0.0,1.5142857e+12,0.0,0.0,0.0,0.0,0.0
1025,1.5142857e+12,0.00014674,0.00014674,0.00014553,0.00014557,699.0,1.514286e+12,0.10176635,7.0,11.0,0.00161326,0.0
1026,1.514286e+12,0.00014666,0.00014666,0.00014666,0.00014666,81.0,1.5142863e+12,0.01187946,1.0,81.0,0.01187946,0.0
1027,1.5142863e+12,0.00014621,0.00014621,0.00014578,0.00014579,361.0,1.5142866e+12,0.05263048,3.0,9.0,0.00131589,0.0
1028,1.5142866e+12,0.00014579,0.00014579,0.00014579,0.00014579,0.0,1.5142869e+12,0.0,0.0,0.0,0.0,0.0
1029,1.5142869e+12,0.00014581,0.00014581,0.00014579,0.00014579,3954.0,1.5142872e+12,0.5764972,7.0,4.0,0.0005832,0.0
1030,1.5142872e+12,0.00014668,0.00014726,0.00014668,0.00014726,14.0,1.5142875e+12,0.00205642,2.0,14.0,0.00205642,0.0
1031,1.5142875e+12,0.00014726,0.00014726,0.00014726,0.00014726,4.0,1.5142878e+12,0.00058904,1.0,4.0,0.00058904,0.0
1032,1.5142878e+12,0.00014726,0.00014726,0.00014726,0.00014726,0.0,1.5142881e+12,0.0,0.0,0.0,0.0,0.0
1033,1.5142881e+12,0.00014726,0.00014726,0.00014726,0.00014726,0.0,1.5142884e+12,0.0,0.0,0.0,0.0,0.0
1034,1.5142884e+12,0.00014726,0.00014726,0.00014726,0.00014726,0.0,1.5142887e+12,0.0,0.0,0.0,0.0,0.0
1035,1.5142887e+12,0.0001461,0.0001461,0.00014609,0.00014609,2617.0,1.514289e+12,0.38233601,3.0,0.0,0.0,0.0
1036,1.514289e+12,0.00014609,0.00014609,0.00014609,0.00014609,0.0,1.5142893e+12,0.0,0.0,0.0,0.0,0.0
1037,1.5142893e+12,0.00014609,0.00014609,0.00014609,0.00014609,0.0,1.5142896e+12,0.0,0.0,0.0,0.0,0.0
1038,1.5142896e+12,0.00014609,0.00014609,0.00014609,0.00014609,0.0,1.5142899e+12,0.0,0.0,0.0,0.0,0.0
1039,1.5142899e+12,0.00014609,0.00014609,0.00014609,0.00014609,0.0,1.5142902e+12,0.0,0.0,0.0,0.0,0.0
1040,1.5142902e+12,0.00014609,0.00014609,0.00014609,0.00014609,0.0,1.5142905e+12,0.0,0.0,0.0,0.0,0.0
1041,1.5142905e+12,0.00014717,0.00014717,0.00014717,0.00014717,530.0,1.5142908e+12,0.0780001,4.0,530.0,0.0780001,0.0
1042,1.5142908e+12,0.00014614,0.00014614,0.00014614,0.00014614,3.0,1.5142911e+12,0.00043842,1.0,0.0,0.0,0.0
1043,1.5142911e+12,0.00014614,0.00014614,0.00014614,0.00014614,0.0,1.5142914e+12,0.0,0.0,0.0,0.0,0.0
1044,1.5142914e+12,0.00014659,0.00014676,0.000146,0.000146,1159.0,1.5142917e+12,0.16942549,4.0,873.0,0.127458,0.0
1045,1.5142917e+12,0.0001459,0.0001459,0.0001459,0.0001459,50.0,1.514292e+12,0.007295,1.0,0.0,0.0,0.0
1046,1.514292e+12,0.0001459,0.0001459,0.0001459,0.0001459,200.0,1.5142923e+12,0.02918,2.0,200.0,0.02918,0.0
1047,1.5142923e+12,0.00014577,0.00014577,0.0001448,0.0001448,418.0,1.5142926e+12,0.06073913,3.0,0.0,0.0,0.0
1048,1.5142926e+12,0.0001448,0.00014531,0.0001448,0.00014531,424.0,1.5142929e+12,0.0614258,3.0,60.0,0.0087186,0.0
1049,1.5142929e+12,0.00014531,0.00014531,0.00014531,0.00014531,25.0,1.5142932e+12,0.00363275,2.0,25.0,0.00363275,0.0
1050,1.5142932e+12,0.00014501,0.00014501,0.000145,0.000145,1072.0,1.5142935e+12,0.15544434,4.0,0.0,0.0,0.0
1051,1.5142935e+12,0.000145,0.000145,0.000145,0.000145,0.0,1.5142938e+12,0.0,0.0,0.0,0.0,0.0
1052,1.5142938e+12,0.00014501,0.00014501,0.00014501,0.00014501,10.0,1.5142941e+12,0.0014501,1.0,0.0,0.0,0.0
1053,1.5142941e+12,0.00014506,0.00014506,0.00014501,0.00014501,311.0,1.5142944e+12,0.04510491,2.0,0.0,0.0,0.0
1054,1.5142944e+12,0.00014531,0.00014592,0.00014531,0.00014591,329.0,1.5142947e+12,0.04789416,5.0,329.0,0.04789416,0.0
1055,1.5142947e+12,0.00014508,0.00014508,0.00014503,0.00014503,733.0,1.514295e+12,0.10633299,6.0,0.0,0.0,0.0
1056,1.514295e+12,0.00014506,0.00014588,0.00014506,0.00014588,601.0,1.5142953e+12,0.08718188,3.0,1.0,0.00014588,0.0
1057,1.5142953e+12,0.00014508,0.00014511,0.000145,0.000145,1885.0,1.5142956e+12,0.27344012,6.0,0.0,0.0,0.0
1058,1.5142956e+12,0.00014503,0.0001451,0.00014447,0.00014447,2096.0,1.5142959e+12,0.30405125,7.0,2014.0,0.29215998,0.0
1059,1.5142959e+12,0.00014447,0.00014447,0.00014447,0.00014447,0.0,1.5142962e+12,0.0,0.0,0.0,0.0,0.0
1060,1.5142962e+12,0.00014447,0.00014447,0.00014447,0.00014447,0.0,1.5142965e+12,0.0,0.0,0.0,0.0,0.0
1061,1.5142965e+12,0.00014559,0.00014559,0.00014559,0.00014559,9.0,1.5142968e+12,0.00131031,1.0,9.0,0.00131031,0.0
1062,1.5142968e+12,0.00014559,0.00014559,0.00014559,0.00014559,0.0,1.5142971e+12,0.0,0.0,0.0,0.0,0.0
1063,1.5142971e+12,0.00014503,0.00014503,0.00014217,0.00014247,2500.0,1.5142974e+12,0.35633945,12.0,0.0,0.0,0.0
1064,1.5142974e+12,0.00014379,0.00014379,0.00014379,0.00014379,243.0,1.5142977e+12,0.03494097,2.0,0.0,0.0,0.0
1065,1.5142977e+12,0.00014436,0.00014436,0.00014248,0.00014248,407.0,1.514298e+12,0.05835622,3.0,7.0,0.00101052,0.0
1066,1.514298e+12,0.00014303,0.00014303,0.00014203,0.00014203,2766.0,1.5142983e+12,0.39313778,7.0,0.0,0.0,0.0
1067,1.5142983e+12,0.00014203,0.00014203,0.00014203,0.00014203,869.0,1.5142986e+12,0.12342407,7.0,0.0,0.0,0.0
1068,1.5142986e+12,0.000142,0.000142,0.000139,0.00014073,2236.0,1.5142989e+12,0.31392521,14.0,625.0,0.0875789,0.0
1069,1.5142989e+12,0.00014048,0.00014048,0.00013956,0.00013956,1169.0,1.5142992e+12,0.16377664,15.0,1160.0,0.1625206,0.0
1070,1.5142992e+12,0.000139,0.000139,0.00013762,0.00013762,95.0,1.5142995e+12,0.013088,3.0,85.0,0.011698,0.0
1071,1.5142995e+12,0.00013732,0.00013761,0.00013694,0.00013694,235.0,1.5142998e+12,0.0322691,4.0,226.0,0.03103664,0.0
1072,1.5142998e+12,0.00013601,0.00013601,0.000135,0.000135,1887.0,1.5143001e+12,0.25611133,11.0,5.0,0.0006793,0.0
1073,1.5143001e+12,0.00013439,0.00013439,0.0001331,0.0001331,38.0,1.5143004e+12,0.00507592,3.0,8.0,0.00107512,0.0
1074,1.5143004e+12,0.00013291,0.00013291,0.00013,0.00013184,2747.0,1.5143007e+12,0.36004078,19.0,1447.0,0.18997632,0.0
1075,1.5143007e+12,0.00013184,0.00013388,0.00013179,0.00013388,1844.0,1.514301e+12,0.24657679,9.0,1710.0,0.22891209,0.0
1076,1.514301e+12,0.00013388,0.00013388,0.00013179,0.00013388,890.0,1.5143013e+12,0.11870673,10.0,61.0,0.00816218,0.0
1077,1.5143013e+12,0.00013388,0.00013407,0.00013386,0.00013407,58.0,1.5143016e+12,0.00776674,3.0,58.0,0.00776674,0.0
1078,1.5143016e+12,0.00013407,0.00013407,0.00013407,0.00013407,337.0,1.5143019e+12,0.04518159,3.0,337.0,0.04518159,0.0
1079,1.5143019e+12,0.00013452,0.00013452,0.00013451,0.00013452,531.0,1.5143022e+12,0.07142892,7.0,526.0,0.07075637,0.0
1080,1.5143022e+12,0.00013452,0.00013452,0.00013452,0.00013452,5.0,1.5143025e+12,0.0006726,1.0,5.0,0.0006726,0.0
1081,1.5143025e+12,0.00013453,0.00013453,0.00013453,0.00013453,5.0,1.5143028e+12,0.00067265,1.0,5.0,0.00067265,0.0
1082,1.5143028e+12,0.00013453,0.00013453,0.00013453,0.00013453,0.0,1.5143031e+12,0.0,0.0,0.0,0.0,0.0
1083,1.5143031e+12,0.00013453,0.00013762,0.00013453,0.00013612,275.0,1.5143034e+12,0.03752792,5.0,270.0,0.03684732,0.0
1084,1.5143034e+12,0.00013508,0.00013508,0.00013113,0.00013113,5162.0,1.5143037e+12,0.69454817,24.0,1278.0,0.17256834,0.0
1085,1.5143037e+12,0.00013033,0.00013113,0.00013033,0.00013113,1139.0,1.514304e+12,0.14925899,17.0,232.0,0.03042168,0.0
1086,1.514304e+12,0.00013113,0.00013196,0.0001307,0.00013081,674.0,1.5143043e+12,0.08817545,10.0,6.0,0.00079093,0.0
1087,1.5143043e+12,0.00013153,0.00013153,0.0001302,0.0001302,743.0,1.5143046e+12,0.09709913,9.0,107.0,0.01402371,0.0
1088,1.5143046e+12,0.00013103,0.00013103,0.00013,0.00013,1686.0,1.5143049e+12,0.2199676,8.0,710.0,0.0930313,0.0
1089,1.5143049e+12,0.00013,0.00013103,0.000126,0.00012633,10507.0,1.5143052e+12,1.34026585,39.0,5602.0,0.70589224,0.0
1090,1.5143052e+12,0.00012734,0.00012791,0.00012734,0.00012776,5532.0,1.5143055e+12,0.70522098,8.0,1880.0,0.2401753,0.0
1091,1.5143055e+12,0.00012783,0.00012783,0.00012776,0.00012776,48.0,1.5143058e+12,0.00613304,2.0,8.0,0.00102264,0.0
1092,1.5143058e+12,0.00012789,0.00013131,0.00012789,0.00013131,637.0,1.5143061e+12,0.08212618,7.0,637.0,0.08212618,0.0
1093,1.5143061e+12,0.00012896,0.00013125,0.0001289,0.00013047,1611.0,1.5143064e+12,0.20859637,17.0,620.0,0.08074715,0.0
1094,1.5143064e+12,0.00013021,0.00013036,0.00012892,0.00012892,1580.0,1.5143067e+12,0.20523952,12.0,0.0,0.0,0.0
1095,1.5143067e+12,0.00013082,0.00013082,0.00012973,0.00012973,17.0,1.514307e+12,0.00221522,2.0,17.0,0.00221522,0.0
1096,1.514307e+12,0.00012948,0.00012948,0.0001276,0.0001276,625.0,1.5143073e+12,0.0809097,7.0,5.0,0.000638,0.0
1097,1.5143073e+12,0.00012759,0.00012759,0.00012759,0.00012759,151.0,1.5143076e+12,0.01926609,1.0,151.0,0.01926609,0.0
1098,1.5143076e+12,0.0001276,0.00012907,0.0001276,0.00012842,2807.0,1.5143079e+12,0.36171871,6.0,2807.0,0.36171871,0.0
1099,1.5143079e+12,0.00012904,0.00012904,0.00012783,0.00012843,1516.0,1.5143082e+12,0.19393816,17.0,305.0,0.03903553,0.0
1100,1.5143082e+12,0.00012904,0.00012904,0.00012783,0.00012904,852.0,1.5143085e+12,0.10907037,7.0,31.0,0.00400024,0.0
1101,1.5143085e+12,0.00012904,0.00012904,0.00012807,0.00012807,378.0,1.5143088e+12,0.0484706,3.0,62.0,0.00800048,0.0
1102,1.5143088e+12,0.00012904,0.00012904,0.00012904,0.00012904,395.0,1.5143091e+12,0.0509708,4.0,351.0,0.04529304,0.0
1103,1.5143091e+12,0.00012904,0.00012904,0.00012904,0.00012904,0.0,1.5143094e+12,0.0,0.0,0.0,0.0,0.0
1104,1.5143094e+12,0.00012904,0.00012904,0.00012904,0.00012904,0.0,1.5143097e+12,0.0,0.0,0.0,0.0,0.0
1105,1.5143097e+12,0.00013003,0.00013078,0.00013003,0.00013031,46.0,1.51431e+12,0.00600368,4.0,46.0,0.00600368,0.0
1106,1.51431e+12,0.00013081,0.00013082,0.00013078,0.00013082,832.0,1.5143103e+12,0.10881875,15.0,832.0,0.10881875,0.0
1107,1.5143103e+12,0.00013005,0.00013005,0.00013001,0.00013001,409.0,1.5143106e+12,0.05318901,2.0,0.0,0.0,0.0
1108,1.5143106e+12,0.00013003,0.00013082,0.00013003,0.00013082,1075.0,1.5143109e+12,0.1406096,4.0,1052.0,0.13761891,0.0
1109,1.5143109e+12,0.00013082,0.00013082,0.00013082,0.00013082,207.0,1.5143112e+12,0.02707974,2.0,207.0,0.02707974,0.0
1110,1.5143112e+12,0.00013082,0.00013082,0.00013082,0.00013082,0.0,1.5143115e+12,0.0,0.0,0.0,0.0,0.0
1111,1.5143115e+12,0.00013082,0.00013082,0.00013082,0.00013082,0.0,1.5143118e+12,0.0,0.0,0.0,0.0,0.0
1112,1.5143118e+12,0.00013093,0.00013096,0.00013093,0.00013095,400.0,1.5143121e+12,0.05238354,3.0,10.0,0.0013093,0.0
1113,1.5143121e+12,0.00013142,0.00013142,0.00013142,0.00013142,50.0,1.5143124e+12,0.006571,1.0,50.0,0.006571,0.0
1114,1.5143124e+12,0.00013134,0.0001318,0.0001313,0.0001318,2273.0,1.5143127e+12,0.29870287,9.0,1036.0,0.13623529,0.0
1115,1.5143127e+12,0.000133,0.00013525,0.000133,0.00013525,453.0,1.514313e+12,0.06049929,6.0,453.0,0.06049929,0.0
1116,1.514313e+12,0.00013407,0.00013407,0.0001335,0.0001335,51.0,1.5143133e+12,0.00681363,4.0,0.0,0.0,0.0
1117,1.5143133e+12,0.00013463,0.00013463,0.00013402,0.00013402,367.0,1.5143136e+12,0.04939732,7.0,362.0,0.04872722,0.0
1118,1.5143136e+12,0.00013402,0.00013402,0.00013402,0.00013402,1.0,1.5143139e+12,0.00013402,1.0,0.0,0.0,0.0
1119,1.5143139e+12,0.00013402,0.00013402,0.00013402,0.00013402,0.0,1.5143142e+12,0.0,0.0,0.0,0.0,0.0
1120,1.5143142e+12,0.00013402,0.00013402,0.00013402,0.00013402,0.0,1.5143145e+12,0.0,0.0,0.0,0.0,0.0
1121,1.5143145e+12,0.00013402,0.00013402,0.00013402,0.00013402,0.0,1.5143148e+12,0.0,0.0,0.0,0.0,0.0
1122,1.5143148e+12,0.00013402,0.00013402,0.00013402,0.00013402,0.0,1.5143151e+12,0.0,0.0,0.0,0.0,0.0
1123,1.5143151e+12,0.00013403,0.00013403,0.00013403,0.00013403,288.0,1.5143154e+12,0.03860064,4.0,0.0,0.0,0.0
1124,1.5143154e+12,0.00013403,0.00013403,0.00013403,0.00013403,0.0,1.5143157e+12,0.0,0.0,0.0,0.0,0.0
1125,1.5143157e+12,0.00013403,0.00013403,0.00013403,0.00013403,0.0,1.514316e+12,0.0,0.0,0.0,0.0,0.0
1126,1.514316e+12,0.00013402,0.00013402,0.00013402,0.00013402,3.0,1.5143163e+12,0.00040206,1.0,0.0,0.0,0.0
1127,1.5143163e+12,0.0001335,0.0001335,0.0001335,0.0001335,393.0,1.5143166e+12,0.0524655,1.0,0.0,0.0,0.0
1128,1.5143166e+12,0.000132,0.000132,0.00013098,0.00013098,118.0,1.5143169e+12,0.01546686,3.0,1.0,0.000132,0.0
1129,1.5143169e+12,0.00013099,0.00013099,0.00013099,0.00013099,34.0,1.5143172e+12,0.00445366,1.0,0.0,0.0,0.0
1130,1.5143172e+12,0.000132,0.00013436,0.000132,0.00013436,315.0,1.5143175e+12,0.04185458,5.0,315.0,0.04185458,0.0
1131,1.5143175e+12,0.00013436,0.00013436,0.00013436,0.00013436,0.0,1.5143178e+12,0.0,0.0,0.0,0.0,0.0
1132,1.5143178e+12,0.00013154,0.00013154,0.00013154,0.00013154,72.0,1.5143181e+12,0.00947088,1.0,0.0,0.0,0.0
1133,1.5143181e+12,0.00013154,0.00013154,0.00013154,0.00013154,0.0,1.5143184e+12,0.0,0.0,0.0,0.0,0.0
1134,1.5143184e+12,0.00013227,0.00013227,0.00013227,0.00013227,298.0,1.5143187e+12,0.03941646,1.0,0.0,0.0,0.0
1135,1.5143187e+12,0.00013227,0.00013227,0.00013227,0.00013227,0.0,1.514319e+12,0.0,0.0,0.0,0.0,0.0
1136,1.514319e+12,0.0001324,0.0001324,0.0001324,0.0001324,253.0,1.5143193e+12,0.0334972,1.0,0.0,0.0,0.0
1137,1.5143193e+12,0.0001316,0.0001316,0.0001316,0.0001316,530.0,1.5143196e+12,0.069748,1.0,0.0,0.0,0.0
1138,1.5143196e+12,0.00013154,0.00013154,0.0001315,0.0001315,350.0,1.5143199e+12,0.0460266,2.0,0.0,0.0,0.0
1139,1.5143199e+12,0.00013151,0.00013151,0.0001315,0.0001315,1355.0,1.5143202e+12,0.17819044,2.0,0.0,0.0,0.0
1140,1.5143202e+12,0.00013239,0.00013239,0.0001315,0.00013151,406.0,1.5143205e+12,0.05340091,5.0,35.0,0.00460285,0.0
1141,1.5143205e+12,0.00013151,0.00013151,0.00013151,0.00013151,0.0,1.5143208e+12,0.0,0.0,0.0,0.0,0.0
1142,1.5143208e+12,0.00013151,0.00013151,0.00013151,0.00013151,0.0,1.5143211e+12,0.0,0.0,0.0,0.0,0.0
1143,1.5143211e+12,0.00013151,0.00013151,0.00013151,0.00013151,0.0,1.5143214e+12,0.0,0.0,0.0,0.0,0.0
1144,1.5143214e+12,0.0001315,0.00013151,0.0001315,0.00013151,111.0,1.5143217e+12,0.01459661,2.0,11.0,0.00144661,0.0
1145,1.5143217e+12,0.00013151,0.00013151,0.00013151,0.00013151,58.0,1.514322e+12,0.00762758,4.0,58.0,0.00762758,0.0
1146,1.514322e+12,0.0001315,0.0001315,0.0001315,0.0001315,30.0,1.5143223e+12,0.003945,1.0,0.0,0.0,0.0
1147,1.5143223e+12,0.0001315,0.0001315,0.0001315,0.0001315,390.0,1.5143226e+12,0.051285,1.0,0.0,0.0,0.0
1148,1.5143226e+12,0.00013151,0.00013151,0.00013151,0.00013151,220.0,1.5143229e+12,0.0289322,2.0,220.0,0.0289322,0.0
1149,1.5143229e+12,0.00013151,0.00013151,0.00013151,0.00013151,0.0,1.5143232e+12,0.0,0.0,0.0,0.0,0.0
1150,1.5143232e+12,0.00013151,0.00013151,0.00013151,0.00013151,0.0,1.5143235e+12,0.0,0.0,0.0,0.0,0.0
1151,1.5143235e+12,0.00013151,0.00013151,0.00013151,0.00013151,0.0,1.5143238e+12,0.0,0.0,0.0,0.0,0.0
1152,1.5143238e+12,0.00013151,0.00013151,0.00013151,0.00013151,0.0,1.5143241e+12,0.0,0.0,0.0,0.0,0.0
1153,1.5143241e+12,0.00013204,0.00013325,0.00013204,0.00013204,28.0,1.5143244e+12,0.0037109,4.0,18.0,0.0023905,0.0
1154,1.5143244e+12,0.00013217,0.00013217,0.00013204,0.00013204,243.0,1.5143247e+12,0.03211211,6.0,0.0,0.0,0.0
1155,1.5143247e+12,0.00013325,0.00013454,0.0001316,0.0001316,41.0,1.514325e+12,0.00541066,3.0,6.0,0.00080466,0.0
1156,1.514325e+12,0.00013279,0.00013279,0.00013279,0.00013279,1.0,1.5143253e+12,0.00013279,1.0,1.0,0.00013279,0.0
1157,1.5143253e+12,0.00013279,0.00013279,0.00013279,0.00013279,0.0,1.5143256e+12,0.0,0.0,0.0,0.0,0.0
1158,1.5143256e+12,0.00013232,0.00013235,0.00013162,0.00013162,402.0,1.5143259e+12,0.05303584,5.0,175.0,0.0231581,0.0
1159,1.5143259e+12,0.00013164,0.0001318,0.00013164,0.00013165,1068.0,1.5143262e+12,0.14061109,6.0,0.0,0.0,0.0
1160,1.5143262e+12,0.00013171,0.00013171,0.0001315,0.0001315,2546.0,1.5143265e+12,0.33505584,6.0,0.0,0.0,0.0
1161,1.5143265e+12,0.00013286,0.00013287,0.0001328,0.0001328,1489.0,1.5143268e+12,0.19783466,4.0,1489.0,0.19783466,0.0
1162,1.5143268e+12,0.0001328,0.0001328,0.0001328,0.0001328,20.0,1.5143271e+12,0.002656,1.0,20.0,0.002656,0.0
1163,1.5143271e+12,0.0001328,0.0001328,0.0001328,0.0001328,0.0,1.5143274e+12,0.0,0.0,0.0,0.0,0.0
1164,1.5143274e+12,0.0001328,0.0001328,0.0001328,0.0001328,0.0,1.5143277e+12,0.0,0.0,0.0,0.0,0.0
1165,1.5143277e+12,0.0001327,0.0001327,0.0001327,0.0001327,10.0,1.514328e+12,0.001327,1.0,10.0,0.001327,0.0
1166,1.514328e+12,0.0001323,0.00013303,0.0001323,0.00013303,831.0,1.5143283e+12,0.11039729,12.0,831.0,0.11039729,0.0
1167,1.5143283e+12,0.00013302,0.00013303,0.00013302,0.00013303,1182.0,1.5143286e+12,0.15723502,10.0,1182.0,0.15723502,0.0
1168,1.5143286e+12,0.00013303,0.00013303,0.00013303,0.00013303,78.0,1.5143289e+12,0.01037634,4.0,78.0,0.01037634,0.0
1169,1.5143289e+12,0.00013303,0.00013303,0.00013303,0.00013303,144.0,1.5143292e+12,0.01915632,4.0,144.0,0.01915632,0.0
1170,1.5143292e+12,0.00013303,0.00013353,0.00013303,0.00013353,31.0,1.5143295e+12,0.00412893,2.0,21.0,0.00279363,0.0
1171,1.5143295e+12,0.00013372,0.00013372,0.00013372,0.00013372,42.0,1.5143298e+12,0.00561624,1.0,42.0,0.00561624,0.0
1172,1.5143298e+12,0.00013372,0.00013372,0.00013372,0.00013372,472.0,1.5143301e+12,0.06311584,2.0,472.0,0.06311584,0.0
1173,1.5143301e+12,0.00013372,0.00013372,0.00013372,0.00013372,346.0,1.5143304e+12,0.04626712,3.0,346.0,0.04626712,0.0
1174,1.5143304e+12,0.00013402,0.00013402,0.00013402,0.00013402,5.0,1.5143307e+12,0.0006701,1.0,5.0,0.0006701,0.0
1175,1.5143307e+12,0.00013402,0.00013404,0.00013402,0.00013404,675.0,1.514331e+12,0.0904769,4.0,5.0,0.0006701,0.0
1176,1.514331e+12,0.00013405,0.00013703,0.00013405,0.00013703,2667.0,1.5143313e+12,0.36283179,10.0,2662.0,0.36216154,0.0
1177,1.5143313e+12,0.00013607,0.000139,0.00013481,0.00013797,5855.0,1.5143316e+12,0.80205773,24.0,5076.0,0.6938725,0.0
1178,1.5143316e+12,0.0001375,0.0001375,0.00013694,0.00013694,57.0,1.5143319e+12,0.00781398,3.0,9.0,0.00123246,0.0
1179,1.5143319e+12,0.00013752,0.00013752,0.00013752,0.00013752,9.0,1.5143322e+12,0.00123768,1.0,0.0,0.0,0.0
1180,1.5143322e+12,0.00013797,0.00013797,0.00013797,0.00013797,5.0,1.5143325e+12,0.00068985,1.0,5.0,0.00068985,0.0
1181,1.5143325e+12,0.00013797,0.00013797,0.00013797,0.00013797,0.0,1.5143328e+12,0.0,0.0,0.0,0.0,0.0
1182,1.5143328e+12,0.00013728,0.00013797,0.00013728,0.00013797,175.0,1.5143331e+12,0.02413449,7.0,175.0,0.02413449,0.0
1183,1.5143331e+12,0.00013797,0.000139,0.00013797,0.000139,330.0,1.5143334e+12,0.04579593,5.0,330.0,0.04579593,0.0
1184,1.5143334e+12,0.00013835,0.00013835,0.000138,0.000138,73.0,1.5143337e+12,0.01007575,2.0,73.0,0.01007575,0.0
1185,1.5143337e+12,0.00013772,0.00013799,0.0001371,0.00013799,267.0,1.514334e+12,0.03662552,4.0,16.0,0.00220784,0.0
1186,1.514334e+12,0.00013799,0.00013799,0.00013799,0.00013799,181.0,1.5143343e+12,0.02497619,1.0,181.0,0.02497619,0.0
1187,1.5143343e+12,0.00013722,0.00013722,0.00013722,0.00013722,191.0,1.5143346e+12,0.02620902,5.0,0.0,0.0,0.0
1188,1.5143346e+12,0.00013708,0.00013708,0.000137,0.000137,185.0,1.5143349e+12,0.02535604,3.0,0.0,0.0,0.0
1189,1.5143349e+12,0.000137,0.000137,0.000137,0.000137,353.0,1.5143352e+12,0.048361,1.0,0.0,0.0,0.0
1190,1.5143352e+12,0.00013663,0.00013676,0.00013663,0.00013663,1436.0,1.5143355e+12,0.1962969,6.0,0.0,0.0,0.0
1191,1.5143355e+12,0.00013663,0.00013738,0.00013167,0.00013738,2618.0,1.5143358e+12,0.35098189,21.0,746.0,0.10246988,0.0
1192,1.5143358e+12,0.00013527,0.00013527,0.00013481,0.00013481,467.0,1.5143361e+12,0.06308605,4.0,458.0,0.06187276,0.0
1193,1.5143361e+12,0.00013435,0.00013435,0.000133,0.00013392,1994.0,1.5143364e+12,0.26587481,12.0,1303.0,0.17393598,0.0
1194,1.5143364e+12,0.0001347,0.0001348,0.0001347,0.0001348,103.0,1.5143367e+12,0.0138835,2.0,9.0,0.0012123,0.0
1195,1.5143367e+12,0.0001348,0.0001348,0.00013415,0.00013415,31.0,1.514337e+12,0.00417295,4.0,0.0,0.0,0.0
1196,1.514337e+12,0.00013415,0.00013415,0.00013415,0.00013415,0.0,1.5143373e+12,0.0,0.0,0.0,0.0,0.0
1197,1.5143373e+12,0.00013348,0.00013401,0.00013261,0.00013261,1892.0,1.5143376e+12,0.2532537,7.0,1357.0,0.18183695,0.0
1198,1.5143376e+12,0.00013415,0.00013416,0.00013249,0.00013249,266.0,1.5143379e+12,0.0352673,3.0,15.0,0.00201231,0.0
1199,1.5143379e+12,0.00013508,0.00013527,0.00013508,0.00013527,1471.0,1.5143382e+12,0.19876996,7.0,1184.0,0.15999913,0.0
1200,1.5143382e+12,0.00013574,0.00013834,0.00013574,0.00013575,1092.0,1.5143385e+12,0.15045645,6.0,1083.0,0.1492347,0.0
1201,1.5143385e+12,0.00013693,0.00013693,0.00013574,0.00013574,965.0,1.5143388e+12,0.13128823,5.0,0.0,0.0,0.0
1202,1.5143388e+12,0.00013574,0.00013574,0.00013569,0.00013569,129.0,1.5143391e+12,0.01750811,3.0,47.0,0.00637743,0.0
1203,1.5143391e+12,0.0001353,0.0001353,0.0001333,0.0001333,314.0,1.5143394e+12,0.0419362,3.0,0.0,0.0,0.0
1204,1.5143394e+12,0.0001333,0.0001333,0.0001333,0.0001333,0.0,1.5143397e+12,0.0,0.0,0.0,0.0,0.0
1205,1.5143397e+12,0.000135,0.000135,0.000135,0.000135,5.0,1.51434e+12,0.000675,1.0,0.0,0.0,0.0
1206,1.51434e+12,0.000135,0.00013543,0.00013304,0.00013543,784.0,1.5143403e+12,0.10451346,6.0,74.0,0.00986652,0.0
1207,1.5143403e+12,0.00013413,0.0001342,0.00013151,0.0001342,3601.0,1.5143406e+12,0.47732016,10.0,35.0,0.0046914,0.0
1208,1.5143406e+12,0.00013407,0.00013407,0.00013407,0.00013407,5.0,1.5143409e+12,0.00067035,1.0,5.0,0.00067035,0.0
1209,1.5143409e+12,0.00013407,0.00013407,0.00013407,0.00013407,0.0,1.5143412e+12,0.0,0.0,0.0,0.0,0.0
1210,1.5143412e+12,0.00013339,0.00013389,0.00013154,0.00013389,3270.0,1.5143415e+12,0.43039462,9.0,1967.0,0.25890879,0.0
1211,1.5143415e+12,0.0001326,0.0001326,0.000132,0.000132,1293.0,1.5143418e+12,0.17068819,5.0,0.0,0.0,0.0
1212,1.5143418e+12,0.000133,0.000133,0.000132,0.000133,896.0,1.5143421e+12,0.118801,8.0,146.0,0.019418,0.0
1213,1.5143421e+12,0.00013309,0.00013318,0.00013309,0.00013318,3466.0,1.5143424e+12,0.46150332,6.0,1546.0,0.20581692,0.0
1214,1.5143424e+12,0.0001335,0.00013388,0.0001335,0.00013388,371.0,1.5143427e+12,0.04960882,5.0,371.0,0.04960882,0.0
1215,1.5143427e+12,0.00013388,0.00013388,0.00013388,0.00013388,150.0,1.514343e+12,0.020082,4.0,129.0,0.01727052,0.0
1216,1.514343e+12,0.00013389,0.00013407,0.00013389,0.00013407,652.0,1.5143433e+12,0.08735752,10.0,627.0,0.08400717,0.0
1217,1.5143433e+12,0.00013407,0.00013407,0.00013407,0.00013407,0.0,1.5143436e+12,0.0,0.0,0.0,0.0,0.0
1218,1.5143436e+12,0.00013411,0.00013416,0.0001341,0.00013416,1800.0,1.5143439e+12,0.241436,4.0,0.0,0.0,0.0
1219,1.5143439e+12,0.00013415,0.00013415,0.0001341,0.0001341,3365.0,1.5143442e+12,0.4513244,4.0,0.0,0.0,0.0
1220,1.5143442e+12,0.00013415,0.00013415,0.00013415,0.00013415,740.0,1.5143445e+12,0.099271,8.0,0.0,0.0,0.0
1221,1.5143445e+12,0.00013477,0.00013478,0.00013474,0.00013478,411.0,1.5143448e+12,0.05538989,10.0,390.0,0.05256035,0.0
1222,1.5143448e+12,0.00013477,0.0001348,0.00013477,0.0001348,3618.0,1.5143451e+12,0.48761347,15.0,97.0,0.01307366,0.0
1223,1.5143451e+12,0.0001348,0.00013667,0.0001348,0.00013489,2140.0,1.5143454e+12,0.28882557,14.0,778.0,0.10515612,0.0
1224,1.5143454e+12,0.00013539,0.00013539,0.00013489,0.00013539,1950.0,1.5143457e+12,0.26320145,25.0,9.0,0.00121851,0.0
1225,1.5143457e+12,0.00013521,0.00013521,0.0001332,0.0001332,3862.0,1.514346e+12,0.5193943,11.0,0.0,0.0,0.0
1226,1.514346e+12,0.00013366,0.00013366,0.00013321,0.00013334,728.0,1.5143463e+12,0.09707225,4.0,128.0,0.01706752,0.0
1227,1.5143463e+12,0.00013411,0.0001351,0.00013342,0.00013426,4455.0,1.5143466e+12,0.59966172,7.0,3946.0,0.53174338,0.0
1228,1.5143466e+12,0.00013342,0.00013342,0.00013342,0.00013342,105.0,1.5143469e+12,0.0140091,2.0,0.0,0.0,0.0
1229,1.5143469e+12,0.00013342,0.00013345,0.00013342,0.00013345,345.0,1.5143472e+12,0.04603953,2.0,0.0,0.0,0.0
1230,1.5143472e+12,0.0001335,0.00013402,0.0001335,0.00013402,27.0,1.5143475e+12,0.00360918,4.0,0.0,0.0,0.0
1231,1.5143475e+12,0.0001335,0.0001335,0.0001332,0.0001332,1440.0,1.5143478e+12,0.19200333,12.0,0.0,0.0,0.0
1232,1.5143478e+12,0.0001332,0.00013321,0.00013288,0.00013288,1687.0,1.5143481e+12,0.2242842,7.0,0.0,0.0,0.0
1233,1.5143481e+12,0.00013391,0.00013589,0.00013304,0.00013304,3298.0,1.5143484e+12,0.4439243,12.0,2979.0,0.40147624,0.0
1234,1.5143484e+12,0.00013304,0.00013364,0.00013304,0.00013304,411.0,1.5143487e+12,0.05469264,9.0,0.0,0.0,0.0
1235,1.5143487e+12,0.00013304,0.00013304,0.0001328,0.0001328,944.0,1.514349e+12,0.12538118,6.0,0.0,0.0,0.0
1236,1.514349e+12,0.00013149,0.00013149,0.000131,0.000131,776.0,1.5143493e+12,0.1016609,3.0,0.0,0.0,0.0
1237,1.5143493e+12,0.000131,0.000131,0.000131,0.000131,0.0,1.5143496e+12,0.0,0.0,0.0,0.0,0.0
1238,1.5143496e+12,0.000131,0.000131,0.000131,0.000131,145.0,1.5143499e+12,0.018995,2.0,0.0,0.0,0.0
1239,1.5143499e+12,0.000131,0.000131,0.000131,0.000131,0.0,1.5143502e+12,0.0,0.0,0.0,0.0,0.0
1240,1.5143502e+12,0.00013011,0.00013011,0.00013,0.00013,1328.0,1.5143505e+12,0.17269266,6.0,0.0,0.0,0.0
1241,1.5143505e+12,0.00013,0.00013,0.00013,0.00013,664.0,1.5143508e+12,0.08632,2.0,0.0,0.0,0.0
1242,1.5143508e+12,0.00013,0.00013,0.00012988,0.00012988,1150.0,1.5143511e+12,0.14939442,9.0,116.0,0.01508,0.0
1243,1.5143511e+12,0.00012988,0.00012988,0.00012905,0.00012905,682.0,1.5143514e+12,0.08809842,7.0,173.0,0.02241197,0.0
1244,1.5143514e+12,0.00012987,0.00012987,0.00012987,0.00012987,8.0,1.5143517e+12,0.00103896,1.0,8.0,0.00103896,0.0
1245,1.5143517e+12,0.00012987,0.00012988,0.00012987,0.00012988,636.0,1.514352e+12,0.08260172,3.0,636.0,0.08260172,0.0
1246,1.514352e+12,0.00012987,0.00012987,0.00012987,0.00012987,20.0,1.5143523e+12,0.0025974,1.0,20.0,0.0025974,0.0
1247,1.5143523e+12,0.00012988,0.00012988,0.00012988,0.00012988,8.0,1.5143526e+12,0.00103904,1.0,8.0,0.00103904,0.0
1248,1.5143526e+12,0.00012988,0.00013196,0.00012988,0.00013196,479.0,1.5143529e+12,0.06307892,3.0,479.0,0.06307892,0.0
1249,1.5143529e+12,0.00013062,0.0001313,0.00012915,0.00012915,909.0,1.5143532e+12,0.11765132,7.0,110.0,0.0144337,0.0
1250,1.5143532e+12,0.00013047,0.00013047,0.00012893,0.00012893,2112.0,1.5143535e+12,0.27275948,16.0,19.0,0.00244967,0.0
1251,1.5143535e+12,0.00012923,0.00012923,0.00012923,0.00012923,41.0,1.5143538e+12,0.00529843,1.0,41.0,0.00529843,0.0
1252,1.5143538e+12,0.00012924,0.00013247,0.0001291,0.00012959,4426.0,1.5143541e+12,0.58222189,16.0,3890.0,0.51300319,0.0
1253,1.5143541e+12,0.00013077,0.00013077,0.0001286,0.0001286,3199.0,1.5143544e+12,0.41482483,17.0,0.0,0.0,0.0
1254,1.5143544e+12,0.00012978,0.00012983,0.0001286,0.0001286,870.0,1.5143547e+12,0.11279441,8.0,761.0,0.09877301,0.0
1255,1.5143547e+12,0.00012849,0.0001286,0.00012849,0.0001286,1287.0,1.514355e+12,0.1654477,3.0,602.0,0.0773567,0.0
1256,1.514355e+12,0.00012753,0.0001276,0.00012751,0.00012751,2328.0,1.5143553e+12,0.29692093,15.0,0.0,0.0,0.0
1257,1.5143553e+12,0.00012751,0.00012751,0.00012751,0.00012751,502.0,1.5143556e+12,0.06401002,4.0,1.0,0.00012751,0.0
1258,1.5143556e+12,0.00012711,0.00012711,0.00012688,0.00012688,3421.0,1.5143559e+12,0.43454413,10.0,0.0,0.0,0.0
1259,1.5143559e+12,0.00012751,0.00012839,0.00012674,0.00012722,1783.0,1.5143562e+12,0.22764843,9.0,1765.0,0.22536211,0.0
1260,1.5143562e+12,0.00012722,0.00012722,0.00012722,0.00012722,0.0,1.5143565e+12,0.0,0.0,0.0,0.0,0.0
1261,1.5143565e+12,0.0001272,0.00012724,0.0001272,0.00012724,5008.0,1.5143568e+12,0.63721109,3.0,5008.0,0.63721109,0.0
1262,1.5143568e+12,0.00012724,0.00012724,0.00012724,0.00012724,14.0,1.5143571e+12,0.00178136,1.0,14.0,0.00178136,0.0
1263,1.5143571e+12,0.00012677,0.00012677,0.00012677,0.00012677,558.0,1.5143574e+12,0.07073766,2.0,0.0,0.0,0.0
1264,1.5143574e+12,0.00012678,0.00012678,0.00012678,0.00012678,603.0,1.5143577e+12,0.07644834,4.0,127.0,0.01610106,0.0
1265,1.5143577e+12,0.00012677,0.00012677,0.00012677,0.00012677,757.0,1.514358e+12,0.09596489,6.0,449.0,0.05691973,0.0
1266,1.514358e+12,0.0001286,0.0001286,0.0001286,0.0001286,233.0,1.5143583e+12,0.0299638,2.0,233.0,0.0299638,0.0
1267,1.5143583e+12,0.0001286,0.0001286,0.0001286,0.0001286,0.0,1.5143586e+12,0.0,0.0,0.0,0.0,0.0
1268,1.5143586e+12,0.0001293,0.00013015,0.0001293,0.00013,2561.0,1.5143589e+12,0.33297488,7.0,2561.0,0.33297488,0.0
1269,1.5143589e+12,0.0001299,0.00013247,0.0001299,0.00013236,6090.0,1.5143592e+12,0.79528615,22.0,3134.0,0.40931282,0.0
1270,1.5143592e+12,0.00013226,0.00013228,0.00012675,0.00012687,6153.0,1.5143595e+12,0.7954218,23.0,1670.0,0.21919589,0.0
1271,1.5143595e+12,0.00012687,0.00012699,0.00012674,0.00012675,992.0,1.5143598e+12,0.12582654,9.0,155.0,0.01966485,0.0
1272,1.5143598e+12,0.00012776,0.00012776,0.00012682,0.00012774,648.0,1.5143601e+12,0.08276272,4.0,628.0,0.08022632,0.0
1273,1.5143601e+12,0.00012728,0.00012947,0.00012728,0.00012947,90.0,1.5143604e+12,0.0115378,4.0,40.0,0.00516782,0.0
1274,1.5143604e+12,0.00012863,0.00012943,0.00012863,0.00012943,577.0,1.5143607e+12,0.07465151,3.0,577.0,0.07465151,0.0
1275,1.5143607e+12,0.00012945,0.00013234,0.00012944,0.00013234,2374.0,1.514361e+12,0.31145706,6.0,2163.0,0.28414522,0.0
1276,1.514361e+12,0.0001305,0.0001305,0.00013017,0.0001305,1010.0,1.5143613e+12,0.13173735,8.0,1000.0,0.13043235,0.0
1277,1.5143613e+12,0.00013037,0.00013111,0.00013006,0.00013111,279.0,1.5143616e+12,0.03633184,4.0,40.0,0.0052444,0.0
1278,1.5143616e+12,0.00013012,0.00013012,0.00013012,0.00013012,5.0,1.5143619e+12,0.0006506,1.0,0.0,0.0,0.0
1279,1.5143619e+12,0.00013012,0.0001311,0.00013,0.00013,830.0,1.5143622e+12,0.1079572,10.0,22.0,0.0028842,0.0
1280,1.5143622e+12,0.00013108,0.0001311,0.00013108,0.0001311,799.0,1.5143625e+12,0.1047401,4.0,799.0,0.1047401,0.0
1281,1.5143625e+12,0.0001311,0.0001311,0.0001311,0.0001311,0.0,1.5143628e+12,0.0,0.0,0.0,0.0,0.0
1282,1.5143628e+12,0.00013077,0.00013116,0.0001304,0.00013112,2247.0,1.5143631e+12,0.29420316,16.0,1852.0,0.24268543,0.0
1283,1.5143631e+12,0.0001305,0.0001305,0.0001305,0.0001305,484.0,1.5143634e+12,0.063162,1.0,0.0,0.0,0.0
1284,1.5143634e+12,0.00013111,0.00013111,0.00013035,0.00013076,248.0,1.5143637e+12,0.03250418,3.0,248.0,0.03250418,0.0
1285,1.5143637e+12,0.0001311,0.0001311,0.0001311,0.0001311,253.0,1.514364e+12,0.0331683,2.0,253.0,0.0331683,0.0
1286,1.514364e+12,0.00013116,0.00013178,0.00013058,0.00013058,420.0,1.5143643e+12,0.0553282,7.0,409.0,0.05389182,0.0
1287,1.5143643e+12,0.00013058,0.00013058,0.00013058,0.00013058,0.0,1.5143646e+12,0.0,0.0,0.0,0.0,0.0
1288,1.5143646e+12,0.00013058,0.00013058,0.00013058,0.00013058,0.0,1.5143649e+12,0.0,0.0,0.0,0.0,0.0
1289,1.5143649e+12,0.00013058,0.00013058,0.00013058,0.00013058,0.0,1.5143652e+12,0.0,0.0,0.0,0.0,0.0
1290,1.5143652e+12,0.00013121,0.00013246,0.00013036,0.00013246,358.0,1.5143655e+12,0.04673398,7.0,35.0,0.0046171,0.0
1291,1.5143655e+12,0.00013181,0.00013181,0.00013164,0.00013164,20.0,1.5143658e+12,0.0026345,2.0,10.0,0.0013181,0.0
1292,1.5143658e+12,0.00013181,0.00013181,0.00013165,0.00013166,1149.0,1.5143661e+12,0.1513298,7.0,1149.0,0.1513298,0.0
1293,1.5143661e+12,0.00013195,0.00013195,0.00013195,0.00013195,302.0,1.5143664e+12,0.0398489,5.0,171.0,0.02256345,0.0
1294,1.5143664e+12,0.00013195,0.00013195,0.00013195,0.00013195,0.0,1.5143667e+12,0.0,0.0,0.0,0.0,0.0
1295,1.5143667e+12,0.00013204,0.00013204,0.00013204,0.00013204,332.0,1.514367e+12,0.04383728,2.0,332.0,0.04383728,0.0
1296,1.514367e+12,0.00013246,0.00013247,0.0001323,0.0001323,753.0,1.5143673e+12,0.0996791,4.0,350.0,0.0463622,0.0
1297,1.5143673e+12,0.00013249,0.00013351,0.00013249,0.00013351,182.0,1.5143676e+12,0.024196,4.0,11.0,0.00146377,0.0
1298,1.5143676e+12,0.00013387,0.00013418,0.00013387,0.00013417,1073.0,1.5143679e+12,0.14393825,4.0,0.0,0.0,0.0
1299,1.5143679e+12,0.00013417,0.00013417,0.00013417,0.00013417,0.0,1.5143682e+12,0.0,0.0,0.0,0.0,0.0
1300,1.5143682e+12,0.00013404,0.00013404,0.00013328,0.00013328,426.0,1.5143685e+12,0.05706836,2.0,383.0,0.05133732,0.0
1301,1.5143685e+12,0.00013328,0.00013328,0.00013327,0.00013327,2024.0,1.5143688e+12,0.26975486,10.0,1296.0,0.17273088,0.0
1302,1.5143688e+12,0.00013317,0.00013317,0.00013317,0.00013317,73.0,1.5143691e+12,0.00972141,1.0,0.0,0.0,0.0
1303,1.5143691e+12,0.00013404,0.00013404,0.00013404,0.00013404,700.0,1.5143694e+12,0.093828,7.0,624.0,0.08364096,0.0
1304,1.5143694e+12,0.0001337,0.00013425,0.0001337,0.00013425,190.0,1.5143697e+12,0.02541161,4.0,10.0,0.0013423,0.0
1305,1.5143697e+12,0.00013485,0.00013949,0.00013485,0.00013682,2652.0,1.51437e+12,0.3696299,13.0,2621.0,0.3654142,0.0
1306,1.51437e+12,0.0001363,0.00013682,0.0001363,0.00013682,20.0,1.5143703e+12,0.00272948,3.0,15.0,0.00204798,0.0
1307,1.5143703e+12,0.00013682,0.00013682,0.0001358,0.0001358,35.0,1.5143706e+12,0.00476902,6.0,26.0,0.0035461,0.0
1308,1.5143706e+12,0.0001358,0.0001358,0.0001358,0.0001358,0.0,1.5143709e+12,0.0,0.0,0.0,0.0,0.0
1309,1.5143709e+12,0.0001358,0.0001358,0.0001358,0.0001358,0.0,1.5143712e+12,0.0,0.0,0.0,0.0,0.0
1310,1.5143712e+12,0.00013542,0.00013542,0.00013388,0.00013504,281.0,1.5143715e+12,0.03768598,6.0,256.0,0.03433128,0.0
1311,1.5143715e+12,0.00013441,0.00013441,0.00013356,0.00013379,473.0,1.5143718e+12,0.06318705,3.0,0.0,0.0,0.0
1312,1.5143718e+12,0.00013462,0.00013577,0.00013462,0.00013502,3763.0,1.5143721e+12,0.50911018,8.0,1372.0,0.18620156,0.0
1313,1.5143721e+12,0.00013472,0.00013507,0.00013472,0.00013507,628.0,1.5143724e+12,0.08481009,5.0,619.0,0.08359761,0.0
1314,1.5143724e+12,0.00013507,0.0001352,0.00013507,0.0001352,1829.0,1.5143727e+12,0.24717615,10.0,1829.0,0.24717615,0.0
1315,1.5143727e+12,0.0001352,0.0001352,0.0001352,0.0001352,100.0,1.514373e+12,0.01352,1.0,100.0,0.01352,0.0
1316,1.514373e+12,0.0001352,0.0001352,0.0001352,0.0001352,0.0,1.5143733e+12,0.0,0.0,0.0,0.0,0.0
1317,1.5143733e+12,0.0001352,0.0001352,0.0001352,0.0001352,0.0,1.5143736e+12,0.0,0.0,0.0,0.0,0.0
1318,1.5143736e+12,0.0001352,0.0001352,0.0001352,0.0001352,0.0,1.5143739e+12,0.0,0.0,0.0,0.0,0.0
1319,1.5143739e+12,0.0001351,0.0001351,0.00013335,0.00013335,108.0,1.5143742e+12,0.01446129,4.0,5.0,0.0006755,0.0
1320,1.5143742e+12,0.00013335,0.00013335,0.00013335,0.00013335,0.0,1.5143745e+12,0.0,0.0,0.0,0.0,0.0
1321,1.5143745e+12,0.00013421,0.00013421,0.00013421,0.00013421,227.0,1.5143748e+12,0.03046567,3.0,15.0,0.00201315,0.0
1322,1.5143748e+12,0.000135,0.0001352,0.000135,0.0001352,208.0,1.5143751e+12,0.02811476,3.0,208.0,0.02811476,0.0
1323,1.5143751e+12,0.00013391,0.00013391,0.00013391,0.00013391,72.0,1.5143754e+12,0.00964152,2.0,0.0,0.0,0.0
1324,1.5143754e+12,0.00013391,0.00013391,0.00013391,0.00013391,0.0,1.5143757e+12,0.0,0.0,0.0,0.0,0.0
1325,1.5143757e+12,0.00013474,0.00013569,0.00013474,0.00013569,209.0,1.514376e+12,0.02818025,6.0,209.0,0.02818025,0.0
1326,1.514376e+12,0.00013479,0.00013479,0.00013435,0.00013435,14.0,1.5143763e+12,0.00188486,2.0,0.0,0.0,0.0
1327,1.5143763e+12,0.00013435,0.00013435,0.00013435,0.00013435,3.0,1.5143766e+12,0.00040305,1.0,0.0,0.0,0.0
1328,1.5143766e+12,0.00013435,0.00013435,0.00013435,0.00013435,0.0,1.5143769e+12,0.0,0.0,0.0,0.0,0.0
1329,1.5143769e+12,0.00013523,0.00013566,0.00013523,0.00013566,10.0,1.5143772e+12,0.00135273,2.0,10.0,0.00135273,0.0
1330,1.5143772e+12,0.00013523,0.00013566,0.00013446,0.00013446,123.0,1.5143775e+12,0.01656168,5.0,9.0,0.00121707,0.0
1331,1.5143775e+12,0.00013446,0.00013446,0.00013446,0.00013446,0.0,1.5143778e+12,0.0,0.0,0.0,0.0,0.0
1332,1.5143778e+12,0.00013446,0.00013446,0.00013446,0.00013446,0.0,1.5143781e+12,0.0,0.0,0.0,0.0,0.0
1333,1.5143781e+12,0.00013446,0.00013446,0.00013446,0.00013446,11.0,1.5143784e+12,0.00147906,1.0,0.0,0.0,0.0
1334,1.5143784e+12,0.00013455,0.00013455,0.00013277,0.000133,3182.0,1.5143787e+12,0.42454224,14.0,208.0,0.02773554,0.0
1335,1.5143787e+12,0.000133,0.00013455,0.000132,0.00013282,2633.0,1.514379e+12,0.3490599,15.0,140.0,0.0187665,0.0
1336,1.514379e+12,0.0001348,0.0001348,0.00013344,0.00013344,461.0,1.5143793e+12,0.0621292,3.0,451.0,0.0607948,0.0
1337,1.5143793e+12,0.00013344,0.00013345,0.00013344,0.00013344,507.0,1.5143796e+12,0.0676563,5.0,8.0,0.00106752,0.0
1338,1.5143796e+12,0.00013357,0.00013357,0.00013344,0.00013344,233.0,1.5143799e+12,0.0310988,2.0,0.0,0.0,0.0
1339,1.5143799e+12,0.00013344,0.00013344,0.000133,0.000133,784.0,1.5143802e+12,0.10453556,4.0,0.0,0.0,0.0
1340,1.5143802e+12,0.000133,0.00013313,0.000133,0.00013313,113.0,1.5143805e+12,0.015042,2.0,0.0,0.0,0.0
1341,1.5143805e+12,0.00013393,0.00013446,0.00013393,0.00013446,42.0,1.5143808e+12,0.0056347,3.0,42.0,0.0056347,0.0
1342,1.5143808e+12,0.0001338,0.0001338,0.00013326,0.00013326,682.0,1.5143811e+12,0.09091572,3.0,0.0,0.0,0.0
1343,1.5143811e+12,0.00013313,0.00013313,0.00013282,0.00013282,539.0,1.5143814e+12,0.07165461,10.0,39.0,0.00517998,0.0
1344,1.5143814e+12,0.00013281,0.00013281,0.00013281,0.00013281,397.0,1.5143817e+12,0.05272557,1.0,397.0,0.05272557,0.0
1345,1.5143817e+12,0.00013282,0.00013282,0.00013062,0.00013282,3014.0,1.514382e+12,0.39648812,17.0,1317.0,0.17392219,0.0
1346,1.514382e+12,0.00013173,0.00013282,0.00013158,0.00013205,2221.0,1.5143823e+12,0.29251564,17.0,158.0,0.02097922,0.0
1347,1.5143823e+12,0.00013159,0.00013165,0.00013158,0.0001316,2948.0,1.5143826e+12,0.38798257,13.0,157.0,0.02065963,0.0
1348,1.5143826e+12,0.0001316,0.0001329,0.0001316,0.0001329,3557.0,1.5143829e+12,0.47120128,23.0,391.0,0.05192838,0.0
1349,1.5143829e+12,0.00013289,0.0001329,0.00013289,0.0001329,877.0,1.5143832e+12,0.1165453,3.0,877.0,0.1165453,0.0
1350,1.5143832e+12,0.00013228,0.0001323,0.00013226,0.0001323,4413.0,1.5143835e+12,0.58379226,9.0,4403.0,0.58246966,0.0
1351,1.5143835e+12,0.0001323,0.00013287,0.00013169,0.00013287,318.0,1.5143838e+12,0.04191208,3.0,18.0,0.00239166,0.0
1352,1.5143838e+12,0.00013286,0.00013294,0.00013286,0.00013294,4133.0,1.5143841e+12,0.54925465,11.0,4133.0,0.54925465,0.0
1353,1.5143841e+12,0.00013294,0.00013294,0.00013294,0.00013294,173.0,1.5143844e+12,0.02299862,1.0,173.0,0.02299862,0.0
1354,1.5143844e+12,0.0001338,0.00013588,0.00013346,0.00013588,5436.0,1.5143847e+12,0.73488743,18.0,5302.0,0.71667951,0.0
1355,1.5143847e+12,0.00013554,0.00013834,0.00013554,0.00013834,560.0,1.514385e+12,0.07665187,17.0,150.0,0.02038887,0.0
1356,1.514385e+12,0.00013836,0.00013836,0.00013835,0.00013836,397.0,1.5143853e+12,0.05492887,5.0,0.0,0.0,0.0
1357,1.5143853e+12,0.00013836,0.00014,0.00013836,0.00013999,1199.0,1.5143856e+12,0.16732105,6.0,1190.0,0.16607581,0.0
1358,1.5143856e+12,0.00013999,0.00014,0.00013899,0.00013906,1446.0,1.5143859e+12,0.20237734,6.0,1249.0,0.17485244,0.0
1359,1.5143859e+12,0.00014,0.00014468,0.00013932,0.00014468,5379.0,1.5143862e+12,0.75783379,27.0,4687.0,0.6599064,0.0
1360,1.5143862e+12,0.0001447,0.00014548,0.0001447,0.00014542,2342.0,1.5143865e+12,0.34046089,17.0,267.0,0.0387234,0.0
1361,1.5143865e+12,0.00014478,0.00014894,0.00014356,0.000146,3333.0,1.5143868e+12,0.48827093,18.0,578.0,0.08587255,0.0
1362,1.5143868e+12,0.000146,0.000148,0.00014518,0.00014599,2045.0,1.5143871e+12,0.29850569,22.0,99.0,0.01447169,0.0
1363,1.5143871e+12,0.00014599,0.00014599,0.00014593,0.00014593,46.0,1.5143874e+12,0.00671368,2.0,46.0,0.00671368,0.0
1364,1.5143874e+12,0.00014593,0.00014593,0.000145,0.000145,679.0,1.5143877e+12,0.09860752,4.0,679.0,0.09860752,0.0
1365,1.5143877e+12,0.000145,0.000145,0.00014356,0.00014356,1025.0,1.514388e+12,0.14807252,5.0,258.0,0.03741,0.0
1366,1.514388e+12,0.00013904,0.00013924,0.00013904,0.00013924,361.0,1.5143883e+12,0.05019948,3.0,0.0,0.0,0.0
1367,1.5143883e+12,0.00013983,0.00013983,0.00013983,0.00013983,141.0,1.5143886e+12,0.01971603,2.0,0.0,0.0,0.0
1368,1.5143886e+12,0.00014218,0.00014218,0.00014218,0.00014218,9.0,1.5143889e+12,0.00127962,1.0,9.0,0.00127962,0.0
1369,1.5143889e+12,0.00014218,0.00014218,0.00014218,0.00014218,0.0,1.5143892e+12,0.0,0.0,0.0,0.0,0.0
1370,1.5143892e+12,0.00014225,0.00014225,0.00014218,0.00014218,630.0,1.5143895e+12,0.08957711,5.0,0.0,0.0,0.0
1371,1.5143895e+12,0.00014218,0.00014218,0.00013575,0.00013575,3256.0,1.5143898e+12,0.45061232,14.0,2890.0,0.399863,0.0
1372,1.5143898e+12,0.00013809,0.00013809,0.00013809,0.00013809,9.0,1.5143901e+12,0.00124281,1.0,9.0,0.00124281,0.0
1373,1.5143901e+12,0.00013925,0.00013925,0.00013735,0.00013735,319.0,1.5143904e+12,0.04386878,5.0,48.0,0.00664431,0.0
1374,1.5143904e+12,0.00013601,0.00013601,0.00013588,0.00013601,2592.0,1.5143907e+12,0.35244705,17.0,350.0,0.0476035,0.0
1375,1.5143907e+12,0.0001368,0.00014212,0.00013567,0.00013663,1538.0,1.514391e+12,0.21671444,14.0,1501.0,0.2116555,0.0
1376,1.514391e+12,0.00013711,0.00013783,0.00013684,0.00013783,647.0,1.5143913e+12,0.08891743,8.0,149.0,0.02053019,0.0
1377,1.5143913e+12,0.00013783,0.00013783,0.00013683,0.00013683,45.0,1.5143916e+12,0.00619335,2.0,36.0,0.00496188,0.0
1378,1.5143916e+12,0.00013781,0.00013858,0.00013781,0.00013858,1428.0,1.5143919e+12,0.197316,14.0,484.0,0.06705424,0.0
1379,1.5143919e+12,0.00013857,0.00013857,0.00013822,0.00013822,800.0,1.5143922e+12,0.110751,5.0,760.0,0.1052222,0.0
1380,1.5143922e+12,0.00013741,0.00013741,0.00013741,0.00013741,500.0,1.5143925e+12,0.068705,2.0,0.0,0.0,0.0
1381,1.5143925e+12,0.00013741,0.00013741,0.0001364,0.0001364,1407.0,1.5143928e+12,0.19324055,12.0,82.0,0.01118738,0.0
1382,1.5143928e+12,0.00013665,0.00013665,0.00013665,0.00013665,122.0,1.5143931e+12,0.0166713,1.0,0.0,0.0,0.0
1383,1.5143931e+12,0.00013719,0.00013719,0.00013719,0.00013719,9.0,1.5143934e+12,0.00123471,1.0,0.0,0.0,0.0
1384,1.5143934e+12,0.00013719,0.00013775,0.00013435,0.00013627,4065.0,1.5143937e+12,0.54783964,15.0,161.0,0.02180159,0.0
1385,1.5143937e+12,0.00013648,0.00013648,0.00013648,0.00013648,9.0,1.514394e+12,0.00122832,1.0,9.0,0.00122832,0.0
1386,1.514394e+12,0.00013648,0.00013688,0.00013564,0.00013688,430.0,1.5143943e+12,0.05851577,6.0,87.0,0.01190416,0.0
1387,1.5143943e+12,0.00013785,0.00013852,0.00013785,0.00013852,263.0,1.5143946e+12,0.03641879,3.0,254.0,0.03517805,0.0
1388,1.5143946e+12,0.00013698,0.00013698,0.00013698,0.00013698,9.0,1.5143949e+12,0.00123282,1.0,0.0,0.0,0.0
1389,1.5143949e+12,0.00013698,0.00013698,0.00013698,0.00013698,0.0,1.5143952e+12,0.0,0.0,0.0,0.0,0.0
1390,1.5143952e+12,0.00013698,0.00013698,0.00013572,0.00013572,554.0,1.5143955e+12,0.07520274,7.0,91.0,0.01235052,0.0
1391,1.5143955e+12,0.00013572,0.00013572,0.00013572,0.00013572,0.0,1.5143958e+12,0.0,0.0,0.0,0.0,0.0
1392,1.5143958e+12,0.000137,0.00013768,0.000137,0.00013768,661.0,1.5143961e+12,0.09099288,2.0,661.0,0.09099288,0.0
1393,1.5143961e+12,0.00013722,0.00013722,0.00013722,0.00013722,9.0,1.5143964e+12,0.00123498,1.0,9.0,0.00123498,0.0
1394,1.5143964e+12,0.00013722,0.00013773,0.00013679,0.00013679,830.0,1.5143967e+12,0.11412434,10.0,829.0,0.11398755,0.0
1395,1.5143967e+12,0.00013736,0.00013859,0.00013736,0.00013859,518.0,1.514397e+12,0.07152407,9.0,498.0,0.06877687,0.0
1396,1.514397e+12,0.00013764,0.00013849,0.00013764,0.00013849,3.0,1.5143973e+12,0.00041377,3.0,1.0,0.00013849,0.0
1397,1.5143973e+12,0.00013764,0.00013764,0.00013563,0.00013563,2259.0,1.5143976e+12,0.3066788,12.0,635.0,0.08612505,0.0
1398,1.5143976e+12,0.00013563,0.00013563,0.00013563,0.00013563,0.0,1.5143979e+12,0.0,0.0,0.0,0.0,0.0
1399,1.5143979e+12,0.00013563,0.00013563,0.00013563,0.00013563,0.0,1.5143982e+12,0.0,0.0,0.0,0.0,0.0
1400,1.5143982e+12,0.00013714,0.00013714,0.00013714,0.00013714,75.0,1.5143985e+12,0.0102855,1.0,0.0,0.0,0.0
1401,1.5143985e+12,0.00013699,0.00013699,0.000134,0.000134,3432.0,1.5143988e+12,0.46235515,8.0,2125.0,0.28497126,0.0
1402,1.5143988e+12,0.000134,0.000134,0.000134,0.000134,0.0,1.5143991e+12,0.0,0.0,0.0,0.0,0.0
1403,1.5143991e+12,0.000134,0.000134,0.000134,0.000134,0.0,1.5143994e+12,0.0,0.0,0.0,0.0,0.0
1404,1.5143994e+12,0.00013642,0.00013693,0.00013642,0.00013693,195.0,1.5143997e+12,0.02669115,2.0,195.0,0.02669115,0.0
1405,1.5143997e+12,0.00013693,0.00013693,0.00013693,0.00013693,100.0,1.5144e+12,0.013693,1.0,100.0,0.013693,0.0
1406,1.5144e+12,0.00013693,0.00013693,0.00013693,0.00013693,0.0,1.5144003e+12,0.0,0.0,0.0,0.0,0.0
1407,1.5144003e+12,0.00013591,0.00013591,0.00013591,0.00013591,20.0,1.5144006e+12,0.0027182,1.0,0.0,0.0,0.0
1408,1.5144006e+12,0.00013591,0.00013591,0.00013591,0.00013591,0.0,1.5144009e+12,0.0,0.0,0.0,0.0,0.0
1409,1.5144009e+12,0.00013591,0.00013591,0.00013554,0.00013554,21.0,1.5144012e+12,0.00285189,2.0,0.0,0.0,0.0
1410,1.5144012e+12,0.00013554,0.00013554,0.00013554,0.00013554,0.0,1.5144015e+12,0.0,0.0,0.0,0.0,0.0
1411,1.5144015e+12,0.0001365,0.0001365,0.0001365,0.0001365,7.0,1.5144018e+12,0.0009555,1.0,7.0,0.0009555,0.0
1412,1.5144018e+12,0.0001365,0.0001365,0.0001365,0.0001365,0.0,1.5144021e+12,0.0,0.0,0.0,0.0,0.0
1413,1.5144021e+12,0.00013552,0.0001365,0.00013552,0.00013648,243.0,1.5144024e+12,0.03315858,3.0,232.0,0.03166786,0.0
1414,1.5144024e+12,0.00013648,0.00013648,0.00013648,0.00013648,0.0,1.5144027e+12,0.0,0.0,0.0,0.0,0.0
1415,1.5144027e+12,0.00013648,0.00013648,0.00013648,0.00013648,0.0,1.514403e+12,0.0,0.0,0.0,0.0,0.0
1416,1.514403e+12,0.00013648,0.00013648,0.00013648,0.00013648,0.0,1.5144033e+12,0.0,0.0,0.0,0.0,0.0
1417,1.5144033e+12,0.00013648,0.00013648,0.00013648,0.00013648,6.0,1.5144036e+12,0.00081888,1.0,6.0,0.00081888,0.0
1418,1.5144036e+12,0.00013648,0.00013648,0.00013648,0.00013648,0.0,1.5144039e+12,0.0,0.0,0.0,0.0,0.0
1419,1.5144039e+12,0.00013648,0.00013648,0.00013648,0.00013648,60.0,1.5144042e+12,0.0081888,1.0,60.0,0.0081888,0.0
1420,1.5144042e+12,0.00013645,0.00013645,0.00013645,0.00013645,11.0,1.5144045e+12,0.00150095,1.0,11.0,0.00150095,0.0
1421,1.5144045e+12,0.00013645,0.00013645,0.00013645,0.00013645,0.0,1.5144048e+12,0.0,0.0,0.0,0.0,0.0
1422,1.5144048e+12,0.00013647,0.00013647,0.00013647,0.00013647,1328.0,1.5144051e+12,0.18123216,1.0,1328.0,0.18123216,0.0
1423,1.5144051e+12,0.00013647,0.00013647,0.00013647,0.00013647,0.0,1.5144054e+12,0.0,0.0,0.0,0.0,0.0
1424,1.5144054e+12,0.00013647,0.00013647,0.00013552,0.00013552,243.0,1.5144057e+12,0.03306911,3.0,0.0,0.0,0.0
1425,1.5144057e+12,0.00013552,0.00013552,0.00013552,0.00013552,8.0,1.514406e+12,0.00108416,1.0,0.0,0.0,0.0
1426,1.514406e+12,0.00013552,0.00013552,0.00013552,0.00013552,0.0,1.5144063e+12,0.0,0.0,0.0,0.0,0.0
1427,1.5144063e+12,0.00013552,0.00013647,0.00013552,0.00013647,13.0,1.5144066e+12,0.00176556,2.0,4.0,0.00054588,0.0
1428,1.5144066e+12,0.00013552,0.00013552,0.00013552,0.00013552,398.0,1.5144069e+12,0.05393696,1.0,0.0,0.0,0.0
1429,1.5144069e+12,0.00013647,0.00013657,0.00013647,0.00013657,998.0,1.5144072e+12,0.13626444,5.0,998.0,0.13626444,0.0
1430,1.5144072e+12,0.0001365,0.0001365,0.00013647,0.00013647,171.0,1.5144075e+12,0.02333742,2.0,171.0,0.02333742,0.0
1431,1.5144075e+12,0.00013647,0.00013647,0.00013647,0.00013647,250.0,1.5144078e+12,0.0341175,1.0,250.0,0.0341175,0.0
1432,1.5144078e+12,0.00013646,0.00013646,0.00013552,0.00013552,480.0,1.5144081e+12,0.06513643,3.0,92.0,0.01255432,0.0
1433,1.5144081e+12,0.00013646,0.00013646,0.00013646,0.00013646,39.0,1.5144084e+12,0.00532194,1.0,39.0,0.00532194,0.0
1434,1.5144084e+12,0.0001361,0.0001361,0.0001361,0.0001361,20.0,1.5144087e+12,0.002722,1.0,0.0,0.0,0.0
1435,1.5144087e+12,0.0001366,0.00013662,0.00013552,0.00013552,68.0,1.514409e+12,0.00926336,5.0,20.0,0.002732,0.0
1436,1.514409e+12,0.00013552,0.00013552,0.0001355,0.0001355,1343.0,1.5144093e+12,0.18198716,9.0,0.0,0.0,0.0
1437,1.5144093e+12,0.00013527,0.00013527,0.00013527,0.00013527,20.0,1.5144096e+12,0.0027054,1.0,20.0,0.0027054,0.0
1438,1.5144096e+12,0.00013499,0.00013499,0.00013413,0.00013413,240.0,1.5144099e+12,0.03223822,8.0,0.0,0.0,0.0
1439,1.5144099e+12,0.00013452,0.00013453,0.0001337,0.0001337,887.0,1.5144102e+12,0.1186332,5.0,40.0,0.005381,0.0
1440,1.5144102e+12,0.0001337,0.0001337,0.0001337,0.0001337,597.0,1.5144105e+12,0.0798189,3.0,0.0,0.0,0.0
1441,1.5144105e+12,0.000134,0.00013455,0.000134,0.00013455,30.0,1.5144108e+12,0.004031,2.0,20.0,0.002691,0.0
1442,1.5144108e+12,0.00013455,0.00013499,0.00013455,0.00013499,137.0,1.5144111e+12,0.01849187,5.0,133.0,0.01795367,0.0
1443,1.5144111e+12,0.00013499,0.00013499,0.00013499,0.00013499,17.0,1.5144114e+12,0.00229483,2.0,8.0,0.00107992,0.0
1444,1.5144114e+12,0.0001345,0.0001345,0.0001345,0.0001345,20.0,1.5144117e+12,0.00269,1.0,0.0,0.0,0.0
1445,1.5144117e+12,0.0001345,0.0001345,0.0001345,0.0001345,422.0,1.514412e+12,0.056759,1.0,422.0,0.056759,0.0
1446,1.514412e+12,0.00013413,0.00013413,0.0001337,0.0001337,240.0,1.5144123e+12,0.0320966,4.0,0.0,0.0,0.0
1447,1.5144123e+12,0.00013455,0.00013455,0.0001337,0.0001337,29.0,1.5144126e+12,0.0038943,2.0,20.0,0.002691,0.0
1448,1.5144126e+12,0.0001337,0.0001337,0.00013344,0.00013344,567.0,1.5144129e+12,0.07570748,11.0,38.0,0.00508022,0.0
1449,1.5144129e+12,0.00013343,0.00013499,0.00013341,0.00013499,2874.0,1.5144132e+12,0.3869456,18.0,823.0,0.11057942,0.0
1450,1.5144132e+12,0.00013542,0.00013542,0.00013499,0.00013499,2236.0,1.5144135e+12,0.30190988,11.0,168.0,0.02275056,0.0
1451,1.5144135e+12,0.00013499,0.00013541,0.00013499,0.00013541,1135.0,1.5144138e+12,0.15352781,3.0,748.0,0.10128668,0.0
1452,1.5144138e+12,0.00013541,0.00013542,0.00013541,0.00013542,3048.0,1.5144141e+12,0.41274482,19.0,2143.0,0.29019877,0.0
1453,1.5144141e+12,0.00013543,0.00013587,0.00013543,0.00013587,2000.0,1.5144144e+12,0.27116772,6.0,2000.0,0.27116772,0.0
1454,1.5144144e+12,0.00013542,0.00013542,0.00013542,0.00013542,619.0,1.5144147e+12,0.08382498,4.0,0.0,0.0,0.0
1455,1.5144147e+12,0.00013553,0.00013553,0.00013553,0.00013553,31.0,1.514415e+12,0.00420143,2.0,31.0,0.00420143,0.0
1456,1.514415e+12,0.00013553,0.00013553,0.00013553,0.00013553,0.0,1.5144153e+12,0.0,0.0,0.0,0.0,0.0
1457,1.5144153e+12,0.00013553,0.00013553,0.00013542,0.00013542,22.0,1.5144156e+12,0.00298012,2.0,8.0,0.00108424,0.0
1458,1.5144156e+12,0.00013553,0.00013568,0.00013553,0.00013567,507.0,1.5144159e+12,0.06876039,4.0,507.0,0.06876039,0.0
1459,1.5144159e+12,0.00013567,0.00013567,0.00013567,0.00013567,0.0,1.5144162e+12,0.0,0.0,0.0,0.0,0.0
1460,1.5144162e+12,0.00013579,0.00013579,0.00013579,0.00013579,26.0,1.5144165e+12,0.00353054,1.0,0.0,0.0,0.0
1461,1.5144165e+12,0.00013579,0.00013579,0.00013579,0.00013579,118.0,1.5144168e+12,0.01602322,2.0,0.0,0.0,0.0
1462,1.5144168e+12,0.0001358,0.00013662,0.0001358,0.0001358,448.0,1.5144171e+12,0.06094418,6.0,124.0,0.01694088,0.0
1463,1.5144171e+12,0.00013675,0.00013675,0.00013675,0.00013675,350.0,1.5144174e+12,0.0478625,2.0,153.0,0.02092275,0.0
1464,1.5144174e+12,0.00013638,0.00013685,0.00013638,0.00013685,267.0,1.5144177e+12,0.03653472,3.0,258.0,0.0353073,0.0
1465,1.5144177e+12,0.00013691,0.00013692,0.00013613,0.00013646,1228.0,1.514418e+12,0.16786195,10.0,677.0,0.09269412,0.0
1466,1.514418e+12,0.00013646,0.00013646,0.00013639,0.00013639,434.0,1.5144183e+12,0.05920957,4.0,0.0,0.0,0.0
1467,1.5144183e+12,0.00013639,0.00013639,0.00013639,0.00013639,100.0,1.5144186e+12,0.013639,1.0,0.0,0.0,0.0
1468,1.5144186e+12,0.00013639,0.00013639,0.00013639,0.00013639,0.0,1.5144189e+12,0.0,0.0,0.0,0.0,0.0
1469,1.5144189e+12,0.00013639,0.00013639,0.00013639,0.00013639,0.0,1.5144192e+12,0.0,0.0,0.0,0.0,0.0
1470,1.5144192e+12,0.00013639,0.00013639,0.00013639,0.00013639,0.0,1.5144195e+12,0.0,0.0,0.0,0.0,0.0
1471,1.5144195e+12,0.00013639,0.00013639,0.00013639,0.00013639,0.0,1.5144198e+12,0.0,0.0,0.0,0.0,0.0
1472,1.5144198e+12,0.0001358,0.0001358,0.00013542,0.00013542,1273.0,1.5144201e+12,0.17262596,4.0,0.0,0.0,0.0
1473,1.5144201e+12,0.00013542,0.00013542,0.00013542,0.00013542,29.0,1.5144204e+12,0.00392718,1.0,0.0,0.0,0.0
1474,1.5144204e+12,0.00013543,0.0001358,0.00013543,0.0001358,455.0,1.5144207e+12,0.06178567,5.0,197.0,0.0267526,0.0
1475,1.5144207e+12,0.00013654,0.00013654,0.00013543,0.00013544,1505.0,1.514421e+12,0.20469464,8.0,470.0,0.0641738,0.0
1476,1.514421e+12,0.00013629,0.00013629,0.00013629,0.00013629,10.0,1.5144213e+12,0.0013629,1.0,10.0,0.0013629,0.0
1477,1.5144213e+12,0.00013629,0.00013629,0.00013629,0.00013629,0.0,1.5144216e+12,0.0,0.0,0.0,0.0,0.0
1478,1.5144216e+12,0.00013545,0.00013545,0.00013541,0.00013544,4258.0,1.5144219e+12,0.57663876,12.0,818.0,0.11078992,0.0
1479,1.5144219e+12,0.00013544,0.00013544,0.00013544,0.00013544,706.0,1.5144222e+12,0.09562064,3.0,0.0,0.0,0.0
1480,1.5144222e+12,0.00013586,0.00013586,0.00013586,0.00013586,29.0,1.5144225e+12,0.00393994,1.0,29.0,0.00393994,0.0
1481,1.5144225e+12,0.00013586,0.00013586,0.00013586,0.00013586,444.0,1.5144228e+12,0.06032184,1.0,444.0,0.06032184,0.0
1482,1.5144228e+12,0.00013607,0.00013607,0.00013607,0.00013607,9.0,1.5144231e+12,0.00122463,1.0,0.0,0.0,0.0
1483,1.5144231e+12,0.00013607,0.00013678,0.00013607,0.00013678,750.0,1.5144234e+12,0.10257387,5.0,731.0,0.09998398,0.0
1484,1.5144234e+12,0.00013545,0.00013614,0.00013545,0.00013614,510.0,1.5144237e+12,0.06908985,4.0,0.0,0.0,0.0
1485,1.5144237e+12,0.00013614,0.000137,0.00013544,0.00013544,1409.0,1.514424e+12,0.19223314,11.0,412.0,0.05610268,0.0
1486,1.514424e+12,0.00013595,0.00013595,0.00013544,0.00013544,168.0,1.5144243e+12,0.02275851,2.0,9.0,0.00122355,0.0
1487,1.5144243e+12,0.00013555,0.00013555,0.00013544,0.00013544,3893.0,1.5144246e+12,0.52728365,10.0,35.0,0.00474425,0.0
1488,1.5144246e+12,0.00013541,0.00013541,0.0001328,0.00013465,7129.0,1.5144249e+12,0.96012361,16.0,380.0,0.05075269,0.0
1489,1.5144249e+12,0.00013465,0.00013465,0.00013465,0.00013465,425.0,1.5144252e+12,0.05722625,8.0,425.0,0.05722625,0.0
1490,1.5144252e+12,0.00013498,0.00013498,0.00013498,0.00013498,161.0,1.5144255e+12,0.02173178,1.0,161.0,0.02173178,0.0
1491,1.5144255e+12,0.00013498,0.0001352,0.00013361,0.00013361,1201.0,1.5144258e+12,0.16134016,9.0,491.0,0.06611102,0.0
1492,1.5144258e+12,0.00013375,0.00013498,0.00013361,0.00013498,6253.0,1.5144261e+12,0.83754895,7.0,4305.0,0.57700395,0.0
1493,1.5144261e+12,0.00013499,0.00013499,0.00013498,0.00013498,830.0,1.5144264e+12,0.11204006,2.0,0.0,0.0,0.0
1494,1.5144264e+12,0.00013498,0.00013498,0.00013498,0.00013498,408.0,1.5144267e+12,0.05507184,1.0,0.0,0.0,0.0
1495,1.5144267e+12,0.00013498,0.00013498,0.00013481,0.00013481,1427.0,1.514427e+12,0.19261306,3.0,0.0,0.0,0.0
1496,1.514427e+12,0.00013421,0.00013421,0.000134,0.000134,169.0,1.5144273e+12,0.0226502,4.0,0.0,0.0,0.0
1497,1.5144273e+12,0.00013491,0.00013534,0.00013491,0.00013534,51.0,1.5144276e+12,0.00689374,2.0,51.0,0.00689374,0.0
1498,1.5144276e+12,0.00013446,0.00013446,0.00013446,0.00013446,9.0,1.5144279e+12,0.00121014,1.0,0.0,0.0,0.0
1499,1.5144279e+12,0.00013446,0.00013446,0.000134,0.000134,1562.0,1.5144282e+12,0.20942804,7.0,0.0,0.0,0.0
1500,1.5144282e+12,0.00013414,0.00013414,0.00013414,0.00013414,20.0,1.5144285e+12,0.0026828,1.0,0.0,0.0,0.0
1501,1.5144285e+12,0.000134,0.000134,0.000133,0.000133,1839.0,1.5144288e+12,0.24506768,11.0,1222.0,0.16265196,0.0
1502,1.5144288e+12,0.000133,0.000133,0.00013001,0.00013001,12558.0,1.5144291e+12,1.64368862,17.0,0.0,0.0,0.0
1503,1.5144291e+12,0.00013004,0.00013176,0.000128,0.000128,7218.0,1.5144294e+12,0.93558814,23.0,31.0,0.00405996,0.0
1504,1.5144294e+12,0.000128,0.00013041,0.00012653,0.00012775,3701.0,1.5144297e+12,0.47228929,15.0,1771.0,0.2262489,0.0
1505,1.5144297e+12,0.00012775,0.00013175,0.00012505,0.00013173,7278.0,1.51443e+12,0.94560948,26.0,5407.0,0.70488077,0.0
1506,1.51443e+12,0.00012573,0.00012942,0.00012573,0.00012616,3570.0,1.5144303e+12,0.45264173,15.0,632.0,0.08169246,0.0
1507,1.5144303e+12,0.00012828,0.00012949,0.00012716,0.00012887,5014.0,1.5144306e+12,0.64244815,15.0,2533.0,0.32555654,0.0
1508,1.5144306e+12,0.00012932,0.00012934,0.00012695,0.00012695,5855.0,1.5144309e+12,0.74938352,21.0,3097.0,0.39812396,0.0
1509,1.5144309e+12,0.00012695,0.00012949,0.00012652,0.00012806,5527.0,1.5144312e+12,0.71269822,18.0,5010.0,0.64725832,0.0
1510,1.5144312e+12,0.00012852,0.00012902,0.00012814,0.00012902,1057.0,1.5144315e+12,0.13549148,6.0,40.0,0.00516,0.0
1511,1.5144315e+12,0.00012944,0.00012961,0.0001291,0.00012961,1066.0,1.5144318e+12,0.13800706,11.0,1049.0,0.13581236,0.0
1512,1.5144318e+12,0.00013003,0.00013269,0.00013003,0.00013043,5253.0,1.5144321e+12,0.69446814,15.0,1847.0,0.24500201,0.0
1513,1.5144321e+12,0.00013151,0.00013151,0.000131,0.000131,152.0,1.5144324e+12,0.0199222,5.0,0.0,0.0,0.0
1514,1.5144324e+12,0.0001303,0.00013099,0.00013017,0.00013022,1358.0,1.5144327e+12,0.1769985,7.0,175.0,0.02291555,0.0
1515,1.5144327e+12,0.00013022,0.00013099,0.00013,0.00013099,1708.0,1.514433e+12,0.22251306,11.0,217.0,0.02840833,0.0
1516,1.514433e+12,0.00013199,0.000132,0.00013099,0.00013099,47.0,1.5144333e+12,0.00618866,3.0,32.0,0.00422381,0.0
1517,1.5144333e+12,0.00013099,0.00013099,0.00012919,0.00013035,599.0,1.5144336e+12,0.07842302,6.0,29.0,0.00378582,0.0
1518,1.5144336e+12,0.00012976,0.00013057,0.0001291,0.0001291,268.0,1.5144339e+12,0.0349648,6.0,240.0,0.0313368,0.0
1519,1.5144339e+12,0.00012928,0.00012928,0.00012928,0.00012928,14.0,1.5144342e+12,0.00180992,1.0,0.0,0.0,0.0
1520,1.5144342e+12,0.00012967,0.00012967,0.0001291,0.0001291,745.0,1.5144345e+12,0.09623746,5.0,0.0,0.0,0.0
1521,1.5144345e+12,0.00012911,0.00012912,0.00012911,0.00012912,26.0,1.5144348e+12,0.00335699,2.0,0.0,0.0,0.0
1522,1.5144348e+12,0.00012932,0.00012932,0.00012911,0.00012911,2479.0,1.5144351e+12,0.32007311,5.0,0.0,0.0,0.0
1523,1.5144351e+12,0.00013009,0.00013195,0.00012911,0.00013195,2179.0,1.5144354e+12,0.28409927,10.0,2167.0,0.28254995,0.0
1524,1.5144354e+12,0.00013195,0.00013195,0.00013071,0.00013071,1075.0,1.5144357e+12,0.14182145,4.0,995.0,0.13129025,0.0
1525,1.5144357e+12,0.00012961,0.00013041,0.00012961,0.00013041,24.0,1.514436e+12,0.00312024,2.0,0.0,0.0,0.0
1526,1.514436e+12,0.0001311,0.00013171,0.00013048,0.00013171,1040.0,1.5144363e+12,0.13689486,4.0,982.0,0.12932702,0.0
1527,1.5144363e+12,0.00013041,0.00013041,0.00012982,0.00012982,19.0,1.5144366e+12,0.0024713,2.0,0.0,0.0,0.0
1528,1.5144366e+12,0.00013191,0.00013391,0.00013191,0.00013219,5444.0,1.5144369e+12,0.72435323,23.0,4417.0,0.58688434,0.0
1529,1.5144369e+12,0.00013282,0.00013282,0.00013282,0.00013282,18.0,1.5144372e+12,0.00239076,1.0,0.0,0.0,0.0
1530,1.5144372e+12,0.00013282,0.00013282,0.00013282,0.00013282,43.0,1.5144375e+12,0.00571126,4.0,0.0,0.0,0.0
1531,1.5144375e+12,0.00013283,0.00013337,0.00013283,0.00013337,221.0,1.5144378e+12,0.02946595,4.0,205.0,0.02734067,0.0
1532,1.5144378e+12,0.00013337,0.00013397,0.00013337,0.00013397,900.0,1.5144381e+12,0.12008478,9.0,61.0,0.00815217,0.0
1533,1.5144381e+12,0.00013397,0.00013398,0.00013341,0.00013398,586.0,1.5144384e+12,0.07849852,10.0,562.0,0.07529164,0.0
1534,1.5144384e+12,0.00013399,0.00013552,0.00013399,0.00013471,811.0,1.5144387e+12,0.10947031,12.0,321.0,0.04322204,0.0
1535,1.5144387e+12,0.00013551,0.000136,0.00013551,0.000136,748.0,1.514439e+12,0.1015397,7.0,650.0,0.08825442,0.0
1536,1.514439e+12,0.00013647,0.0001418,0.00013552,0.0001418,500.0,1.5144393e+12,0.06919355,18.0,358.0,0.04983324,0.0
1537,1.5144393e+12,0.0001418,0.0001418,0.00013876,0.0001413,2810.0,1.5144396e+12,0.39685907,19.0,1228.0,0.17362233,0.0
1538,1.5144396e+12,0.00014064,0.0001418,0.00013989,0.0001418,1604.0,1.5144399e+12,0.22681424,11.0,1456.0,0.20592236,0.0
1539,1.5144399e+12,0.00014144,0.00014144,0.00013729,0.00013729,2364.0,1.5144402e+12,0.32754976,17.0,0.0,0.0,0.0
1540,1.5144402e+12,0.00013623,0.00013739,0.00013623,0.00013681,55.0,1.5144405e+12,0.00752073,5.0,0.0,0.0,0.0
1541,1.5144405e+12,0.00013552,0.00013617,0.00013254,0.00013617,962.0,1.5144408e+12,0.12785087,7.0,10.0,0.0013616,0.0
1542,1.5144408e+12,0.00013678,0.00013678,0.00013352,0.00013352,1921.0,1.5144411e+12,0.25691838,16.0,917.0,0.12243784,0.0
1543,1.5144411e+12,0.00013419,0.00013419,0.00013346,0.00013346,431.0,1.5144414e+12,0.05753586,4.0,0.0,0.0,0.0
1544,1.5144414e+12,0.00013345,0.00013346,0.00013345,0.00013345,495.0,1.5144417e+12,0.06606235,4.0,460.0,0.0613916,0.0
1545,1.5144417e+12,0.00013345,0.00013405,0.00013345,0.00013405,1480.0,1.514442e+12,0.19827767,6.0,1316.0,0.17637187,0.0
1546,1.514442e+12,0.00013346,0.00013356,0.00013346,0.00013356,25.0,1.5144423e+12,0.0033377,2.0,0.0,0.0,0.0
1547,1.5144423e+12,0.00013405,0.0001345,0.00013347,0.00013347,1611.0,1.5144426e+12,0.21661862,6.0,1600.0,0.21515045,0.0
1548,1.5144426e+12,0.00013356,0.00013356,0.000133,0.000133,31.0,1.5144429e+12,0.00413436,3.0,0.0,0.0,0.0
1549,1.5144429e+12,0.00013302,0.00013302,0.00013302,0.00013302,16.0,1.5144432e+12,0.00212832,2.0,0.0,0.0,0.0
1550,1.5144432e+12,0.00013321,0.00013321,0.0001325,0.00013259,2562.0,1.5144435e+12,0.3407589,11.0,383.0,0.0508624,0.0
1551,1.5144435e+12,0.00013381,0.00013417,0.00013297,0.00013417,2097.0,1.5144438e+12,0.28112133,7.0,2089.0,0.28005757,0.0
1552,1.5144438e+12,0.00013297,0.00013318,0.00013259,0.00013259,878.0,1.5144441e+12,0.11651691,8.0,17.0,0.00226406,0.0
1553,1.5144441e+12,0.00013259,0.00013318,0.0001325,0.0001325,706.0,1.5144444e+12,0.09361145,5.0,6.0,0.00079908,0.0
1554,1.5144444e+12,0.00013318,0.00013341,0.0001325,0.0001325,2980.0,1.5144447e+12,0.39542944,12.0,587.0,0.07829336,0.0
1555,1.5144447e+12,0.00013251,0.00013251,0.0001325,0.0001325,1730.0,1.514445e+12,0.22922603,5.0,103.0,0.01364853,0.0
1556,1.514445e+12,0.0001322,0.00013251,0.0001322,0.00013251,502.0,1.5144453e+12,0.06648918,4.0,413.0,0.05472338,0.0
1557,1.5144453e+12,0.0001322,0.00013341,0.0001322,0.0001322,1353.0,1.5144456e+12,0.18041837,9.0,912.0,0.12160854,0.0
1558,1.5144456e+12,0.000133,0.000133,0.0001326,0.0001326,24.0,1.5144459e+12,0.0031904,2.0,20.0,0.00266,0.0
1559,1.5144459e+12,0.0001326,0.0001326,0.0001326,0.0001326,4.0,1.5144462e+12,0.0005304,1.0,0.0,0.0,0.0
1560,1.5144462e+12,0.0001326,0.00013262,0.0001326,0.00013262,7.0,1.5144465e+12,0.00092826,2.0,0.0,0.0,0.0
1561,1.5144465e+12,0.000133,0.00013342,0.000133,0.00013342,465.0,1.5144468e+12,0.06195292,7.0,415.0,0.05528315,0.0
1562,1.5144468e+12,0.00013342,0.00013365,0.00013304,0.00013305,2257.0,1.5144471e+12,0.30108767,9.0,20.0,0.002673,0.0
1563,1.5144471e+12,0.000134,0.00013418,0.000134,0.000134,103.0,1.5144474e+12,0.0138056,3.0,100.0,0.0134036,0.0
1564,1.5144474e+12,0.000134,0.00013599,0.000134,0.00013599,1897.0,1.5144477e+12,0.25759765,11.0,1751.0,0.23803328,0.0
1565,1.5144477e+12,0.00013587,0.00013587,0.00013492,0.00013492,503.0,1.514448e+12,0.06824971,3.0,501.0,0.06797987,0.0
1566,1.514448e+12,0.00013492,0.00013533,0.00013492,0.00013492,24.0,1.5144483e+12,0.00324628,3.0,0.0,0.0,0.0
1567,1.5144483e+12,0.00013492,0.00013492,0.000134,0.000134,92.0,1.5144486e+12,0.01234088,5.0,0.0,0.0,0.0
1568,1.5144486e+12,0.000134,0.000134,0.000134,0.000134,29.0,1.5144489e+12,0.003886,3.0,0.0,0.0,0.0
1569,1.5144489e+12,0.00013491,0.00013491,0.00013415,0.00013415,75.0,1.5144492e+12,0.01011749,2.0,74.0,0.00998334,0.0
1570,1.5144492e+12,0.000134,0.00013457,0.000134,0.00013457,2.0,1.5144495e+12,0.00026857,2.0,0.0,0.0,0.0
1571,1.5144495e+12,0.00013514,0.0001366,0.00013514,0.00013514,1924.0,1.5144498e+12,0.26249586,9.0,1922.0,0.26222558,0.0
1572,1.5144498e+12,0.00013514,0.00013562,0.00013514,0.00013562,2.0,1.5144501e+12,0.00027076,2.0,0.0,0.0,0.0
1573,1.5144501e+12,0.00013562,0.00013562,0.00013514,0.00013514,23.0,1.5144504e+12,0.00311734,3.0,0.0,0.0,0.0
1574,1.5144504e+12,0.00013514,0.00013514,0.00013473,0.00013473,38.0,1.5144507e+12,0.00512999,3.0,0.0,0.0,0.0
1575,1.5144507e+12,0.00013518,0.00013518,0.00013473,0.00013473,22.0,1.514451e+12,0.00297306,2.0,0.0,0.0,0.0
1576,1.514451e+12,0.00013472,0.00013472,0.00013472,0.00013472,2.0,1.5144513e+12,0.00026944,1.0,0.0,0.0,0.0
1577,1.5144513e+12,0.00013472,0.00013472,0.00013472,0.00013472,1.0,1.5144516e+12,0.00013472,1.0,0.0,0.0,0.0
1578,1.5144516e+12,0.00013563,0.0001361,0.00013474,0.0001356,975.0,1.5144519e+12,0.13246631,12.0,844.0,0.11465717,0.0
1579,1.5144519e+12,0.00013491,0.00013546,0.00013491,0.00013546,15.0,1.5144522e+12,0.00203135,2.0,0.0,0.0,0.0
1580,1.5144522e+12,0.00013546,0.00013546,0.00013491,0.00013491,145.0,1.5144525e+12,0.01956525,4.0,0.0,0.0,0.0
1581,1.5144525e+12,0.00013491,0.000135,0.00013491,0.000135,137.0,1.5144528e+12,0.01849491,2.0,0.0,0.0,0.0
1582,1.5144528e+12,0.000135,0.000135,0.000135,0.000135,1.0,1.5144531e+12,0.000135,1.0,0.0,0.0,0.0
1583,1.5144531e+12,0.00013472,0.00013472,0.00013472,0.00013472,14.0,1.5144534e+12,0.00188608,1.0,0.0,0.0,0.0
1584,1.5144534e+12,0.00013473,0.00013564,0.00013473,0.00013474,489.0,1.5144537e+12,0.06607823,7.0,277.0,0.03749351,0.0
1585,1.5144537e+12,0.00013474,0.00013474,0.00013474,0.00013474,0.0,1.514454e+12,0.0,0.0,0.0,0.0,0.0
1586,1.514454e+12,0.00013474,0.00013474,0.00013474,0.00013474,0.0,1.5144543e+12,0.0,0.0,0.0,0.0,0.0
1587,1.5144543e+12,0.00013476,0.00013476,0.00013476,0.00013476,102.0,1.5144546e+12,0.01374552,1.0,0.0,0.0,0.0
1588,1.5144546e+12,0.00013519,0.00013519,0.0001349,0.0001349,150.0,1.5144549e+12,0.02027589,2.0,141.0,0.01906179,0.0
1589,1.5144549e+12,0.00013509,0.00013649,0.00013509,0.00013531,374.0,1.5144552e+12,0.05058795,6.0,365.0,0.04937016,0.0
1590,1.5144552e+12,0.00013531,0.00013531,0.00013531,0.00013531,0.0,1.5144555e+12,0.0,0.0,0.0,0.0,0.0
1591,1.5144555e+12,0.00013531,0.00013531,0.00013531,0.00013531,0.0,1.5144558e+12,0.0,0.0,0.0,0.0,0.0
1592,1.5144558e+12,0.00013586,0.00013589,0.00013586,0.00013589,170.0,1.5144561e+12,0.0230993,4.0,170.0,0.0230993,0.0
1593,1.5144561e+12,0.00013531,0.00013531,0.00013405,0.00013405,1588.0,1.5144564e+12,0.21394528,9.0,716.0,0.0968748,0.0
1594,1.5144564e+12,0.00013405,0.00013405,0.00013405,0.00013405,0.0,1.5144567e+12,0.0,0.0,0.0,0.0,0.0
1595,1.5144567e+12,0.00013446,0.00013506,0.00013314,0.0001332,2177.0,1.514457e+12,0.2914776,26.0,667.0,0.08997698,0.0
1596,1.514457e+12,0.0001332,0.0001332,0.0001332,0.0001332,0.0,1.5144573e+12,0.0,0.0,0.0,0.0,0.0
1597,1.5144573e+12,0.00013434,0.00013434,0.00013323,0.00013431,1769.0,1.5144576e+12,0.23607188,14.0,173.0,0.02311039,0.0
1598,1.5144576e+12,0.00013331,0.00013331,0.00013303,0.00013304,1519.0,1.5144579e+12,0.20226834,7.0,558.0,0.07437582,0.0
1599,1.5144579e+12,0.00013304,0.00013363,0.00013009,0.00013363,4525.0,1.5144582e+12,0.59985638,15.0,0.0,0.0,0.0
1600,1.5144582e+12,0.0001336,0.00013371,0.00013317,0.00013317,652.0,1.5144585e+12,0.08710021,6.0,652.0,0.08710021,0.0
1601,1.5144585e+12,0.00013342,0.00013353,0.00013078,0.00013353,2560.0,1.5144588e+12,0.34117164,19.0,2457.0,0.3276639,0.0
1602,1.5144588e+12,0.00013285,0.00013371,0.00013285,0.00013371,734.0,1.5144591e+12,0.09810692,8.0,734.0,0.09810692,0.0
1603,1.5144591e+12,0.00013354,0.00013354,0.00013354,0.00013354,40.0,1.5144594e+12,0.0053416,2.0,40.0,0.0053416,0.0
1604,1.5144594e+12,0.00013289,0.00013289,0.00013023,0.00013023,1291.0,1.5144597e+12,0.16988459,7.0,0.0,0.0,0.0
1605,1.5144597e+12,0.00013373,0.00013373,0.0001315,0.0001315,3015.0,1.51446e+12,0.39770104,13.0,2494.0,0.32894591,0.0
1606,1.51446e+12,0.0001315,0.0001315,0.0001315,0.0001315,0.0,1.5144603e+12,0.0,0.0,0.0,0.0,0.0
1607,1.5144603e+12,0.0001315,0.0001315,0.0001315,0.0001315,0.0,1.5144606e+12,0.0,0.0,0.0,0.0,0.0
1608,1.5144606e+12,0.0001315,0.0001315,0.0001315,0.0001315,752.0,1.5144609e+12,0.098888,2.0,752.0,0.098888,0.0
1609,1.5144609e+12,0.00013125,0.00013179,0.00013,0.00013179,2190.0,1.5144612e+12,0.28673275,12.0,899.0,0.11831014,0.0
1610,1.5144612e+12,0.0001306,0.00013091,0.0001291,0.00013091,225.0,1.5144615e+12,0.02929164,7.0,40.0,0.0052364,0.0
1611,1.5144615e+12,0.00013129,0.00013129,0.00013129,0.00013129,40.0,1.5144618e+12,0.0052516,2.0,40.0,0.0052516,0.0
1612,1.5144618e+12,0.00013129,0.00013129,0.00013129,0.00013129,0.0,1.5144621e+12,0.0,0.0,0.0,0.0,0.0
1613,1.5144621e+12,0.00013081,0.00013081,0.00013006,0.00013006,90.0,1.5144624e+12,0.0117358,6.0,10.0,0.0013006,0.0
1614,1.5144624e+12,0.00013006,0.00013006,0.00013006,0.00013006,10.0,1.5144627e+12,0.0013006,1.0,10.0,0.0013006,0.0
1615,1.5144627e+12,0.00013006,0.00013064,0.00013006,0.00013017,2344.0,1.514463e+12,0.3052065,10.0,1240.0,0.16128354,0.0
1616,1.514463e+12,0.00013013,0.00013013,0.00012926,0.00012928,2841.0,1.5144633e+12,0.36774108,10.0,1298.0,0.1682344,0.0
1617,1.5144633e+12,0.00012928,0.00013064,0.00012928,0.00013023,744.0,1.5144636e+12,0.09670972,5.0,744.0,0.09670972,0.0
1618,1.5144636e+12,0.00013023,0.00013063,0.00013023,0.00013063,206.0,1.5144639e+12,0.02683138,2.0,10.0,0.0013063,0.0
1619,1.5144639e+12,0.00013063,0.00013063,0.00013063,0.00013063,0.0,1.5144642e+12,0.0,0.0,0.0,0.0,0.0
1620,1.5144642e+12,0.00013023,0.00013023,0.00013023,0.00013023,10.0,1.5144645e+12,0.0013023,1.0,0.0,0.0,0.0
1621,1.5144645e+12,0.00013023,0.00013023,0.00013023,0.00013023,454.0,1.5144648e+12,0.05912442,3.0,0.0,0.0,0.0
1622,1.5144648e+12,0.00013023,0.00013023,0.0001289,0.0001289,1920.0,1.5144651e+12,0.24844851,12.0,0.0,0.0,0.0
1623,1.5144651e+12,0.0001295,0.0001295,0.0001289,0.0001289,1123.0,1.5144654e+12,0.14498458,4.0,379.0,0.0490805,0.0
1624,1.5144654e+12,0.00012892,0.00012894,0.00012892,0.00012894,759.0,1.5144657e+12,0.0978612,2.0,0.0,0.0,0.0
1625,1.5144657e+12,0.00012904,0.00012904,0.00012893,0.00012893,1878.0,1.514466e+12,0.24232216,3.0,0.0,0.0,0.0
1626,1.514466e+12,0.00013014,0.00013014,0.00013014,0.00013014,8.0,1.5144663e+12,0.00104112,1.0,0.0,0.0,0.0
1627,1.5144663e+12,0.00013009,0.00013009,0.00012702,0.00012702,3123.0,1.5144666e+12,0.3973549,8.0,52.0,0.00676468,0.0
1628,1.5144666e+12,0.00012989,0.00012989,0.00012989,0.00012989,228.0,1.5144669e+12,0.02961492,3.0,228.0,0.02961492,0.0
1629,1.5144669e+12,0.00012989,0.00012989,0.00012989,0.00012989,374.0,1.5144672e+12,0.04857886,1.0,374.0,0.04857886,0.0
1630,1.5144672e+12,0.00012987,0.00012987,0.00012927,0.00012927,440.0,1.5144675e+12,0.05688941,3.0,279.0,0.03607533,0.0
1631,1.5144675e+12,0.00012926,0.00012988,0.00012728,0.00012728,2552.0,1.5144678e+12,0.32784301,10.0,1507.0,0.19483541,0.0
1632,1.5144678e+12,0.00012988,0.00012988,0.00012988,0.00012988,67.0,1.5144681e+12,0.00870196,3.0,67.0,0.00870196,0.0
1633,1.5144681e+12,0.00012988,0.0001301,0.00012988,0.0001301,985.0,1.5144684e+12,0.12801036,4.0,985.0,0.12801036,0.0
1634,1.5144684e+12,0.0001301,0.0001301,0.0001301,0.0001301,12.0,1.5144687e+12,0.0015612,1.0,12.0,0.0015612,0.0
1635,1.5144687e+12,0.0001301,0.0001301,0.0001301,0.0001301,547.0,1.514469e+12,0.0711647,4.0,547.0,0.0711647,0.0
1636,1.514469e+12,0.0001301,0.0001301,0.00012886,0.00012886,700.0,1.5144693e+12,0.0902826,3.0,358.0,0.04613188,0.0
1637,1.5144693e+12,0.00013063,0.00013079,0.00013063,0.00013079,934.0,1.5144696e+12,0.12205331,7.0,934.0,0.12205331,0.0
1638,1.5144696e+12,0.00013067,0.00013067,0.00012922,0.00012922,2549.0,1.5144699e+12,0.32978633,3.0,279.0,0.03645693,0.0
1639,1.5144699e+12,0.00013007,0.0001306,0.00013007,0.0001306,788.0,1.5144702e+12,0.10285503,3.0,470.0,0.06132423,0.0
1640,1.5144702e+12,0.00012932,0.00012932,0.00012932,0.00012932,1951.0,1.5144705e+12,0.25230332,1.0,0.0,0.0,0.0
1641,1.5144705e+12,0.00012932,0.00012932,0.00012932,0.00012932,0.0,1.5144708e+12,0.0,0.0,0.0,0.0,0.0
1642,1.5144708e+12,0.00012943,0.00012943,0.00012932,0.00012932,3996.0,1.5144711e+12,0.51685368,12.0,3061.0,0.39584852,0.0
1643,1.5144711e+12,0.00012932,0.00012932,0.00012932,0.00012932,0.0,1.5144714e+12,0.0,0.0,0.0,0.0,0.0
1644,1.5144714e+12,0.00012932,0.00012932,0.00012932,0.00012932,0.0,1.5144717e+12,0.0,0.0,0.0,0.0,0.0
1645,1.5144717e+12,0.00013093,0.00013093,0.00013085,0.00013085,241.0,1.514472e+12,0.03154885,2.0,241.0,0.03154885,0.0
1646,1.514472e+12,0.00013,0.00013,0.00012941,0.00012941,1415.0,1.5144723e+12,0.18341403,5.0,0.0,0.0,0.0
1647,1.5144723e+12,0.00012999,0.00013102,0.00012965,0.00012965,1511.0,1.5144726e+12,0.19740008,6.0,1476.0,0.19286233,0.0
1648,1.5144726e+12,0.00012965,0.00012965,0.00012965,0.00012965,0.0,1.5144729e+12,0.0,0.0,0.0,0.0,0.0
1649,1.5144729e+12,0.00012965,0.00012965,0.00012942,0.00012954,1824.0,1.5144732e+12,0.2363901,11.0,1410.0,0.1828065,0.0
1650,1.5144732e+12,0.00013084,0.00013084,0.00013084,0.00013084,2.0,1.5144735e+12,0.00026168,1.0,2.0,0.00026168,0.0
1651,1.5144735e+12,0.00012972,0.00012972,0.00012972,0.00012972,174.0,1.5144738e+12,0.02257128,1.0,0.0,0.0,0.0
1652,1.5144738e+12,0.00012973,0.00013078,0.0001294,0.00013076,12547.0,1.5144741e+12,1.6249933,17.0,920.0,0.1197123,0.0
1653,1.5144741e+12,0.00013064,0.00013064,0.00012931,0.00012931,1072.0,1.5144744e+12,0.13871608,2.0,72.0,0.00940608,0.0
1654,1.5144744e+12,0.00013052,0.00013052,0.00013052,0.00013052,38.0,1.5144747e+12,0.00495976,1.0,38.0,0.00495976,0.0
1655,1.5144747e+12,0.00013032,0.00013032,0.00013026,0.00013026,560.0,1.514475e+12,0.0729552,3.0,560.0,0.0729552,0.0
1656,1.514475e+12,0.00013037,0.00013038,0.00012931,0.00012931,1248.0,1.5144753e+12,0.16175758,9.0,438.0,0.05701308,0.0
1657,1.5144753e+12,0.0001294,0.0001294,0.00012751,0.00012751,7375.0,1.5144756e+12,0.95037159,14.0,0.0,0.0,0.0
1658,1.5144756e+12,0.00012906,0.00013004,0.00012906,0.00013004,1932.0,1.5144759e+12,0.25077652,4.0,1669.0,0.21683374,0.0
1659,1.5144759e+12,0.00013004,0.00013004,0.00013003,0.00013003,85.0,1.5144762e+12,0.01105263,2.0,85.0,0.01105263,0.0
1660,1.5144762e+12,0.00013003,0.00013003,0.00013003,0.00013003,4.0,1.5144765e+12,0.00052012,1.0,4.0,0.00052012,0.0
1661,1.5144765e+12,0.00013004,0.00013004,0.00012903,0.00012903,1734.0,1.5144768e+12,0.2240579,9.0,145.0,0.0188558,0.0
1662,1.5144768e+12,0.00012903,0.00012903,0.00012903,0.00012903,0.0,1.5144771e+12,0.0,0.0,0.0,0.0,0.0
1663,1.5144771e+12,0.00012903,0.00012903,0.00012903,0.00012903,0.0,1.5144774e+12,0.0,0.0,0.0,0.0,0.0
1664,1.5144774e+12,0.00012903,0.00013005,0.00012903,0.00013004,300.0,1.5144777e+12,0.03886947,3.0,300.0,0.03886947,0.0
1665,1.5144777e+12,0.00012905,0.00012905,0.00012905,0.00012905,389.0,1.514478e+12,0.05020045,1.0,0.0,0.0,0.0
1666,1.514478e+12,0.00012905,0.00012905,0.00012905,0.00012905,0.0,1.5144783e+12,0.0,0.0,0.0,0.0,0.0
1667,1.5144783e+12,0.00012905,0.00012905,0.00012905,0.00012905,0.0,1.5144786e+12,0.0,0.0,0.0,0.0,0.0
1668,1.5144786e+12,0.00013001,0.00013001,0.00013001,0.00013001,768.0,1.5144789e+12,0.09984768,2.0,768.0,0.09984768,0.0
1669,1.5144789e+12,0.00013001,0.00013001,0.00013001,0.00013001,20.0,1.5144792e+12,0.0026002,1.0,0.0,0.0,0.0
1670,1.5144792e+12,0.00013001,0.00013001,0.00013001,0.00013001,0.0,1.5144795e+12,0.0,0.0,0.0,0.0,0.0
1671,1.5144795e+12,0.00013001,0.00013001,0.00013001,0.00013001,0.0,1.5144798e+12,0.0,0.0,0.0,0.0,0.0
1672,1.5144798e+12,0.00013001,0.00013001,0.00012907,0.00013,9355.0,1.5144801e+12,1.21529236,14.0,5951.0,0.77361107,0.0
1673,1.5144801e+12,0.00013,0.00013,0.00012908,0.00012909,300.0,1.5144804e+12,0.03885381,5.0,69.0,0.00897,0.0
1674,1.5144804e+12,0.00013057,0.00013057,0.00013057,0.00013057,550.0,1.5144807e+12,0.0718135,2.0,550.0,0.0718135,0.0
1675,1.5144807e+12,0.00013057,0.00013057,0.00013057,0.00013057,0.0,1.514481e+12,0.0,0.0,0.0,0.0,0.0
1676,1.514481e+12,0.00013055,0.00013056,0.00013055,0.00013056,500.0,1.5144813e+12,0.06527649,2.0,500.0,0.06527649,0.0
1677,1.5144813e+12,0.00013056,0.00013056,0.00013056,0.00013056,0.0,1.5144816e+12,0.0,0.0,0.0,0.0,0.0
1678,1.5144816e+12,0.00013056,0.00013056,0.00013056,0.00013056,0.0,1.5144819e+12,0.0,0.0,0.0,0.0,0.0
1679,1.5144819e+12,0.00013052,0.00013054,0.00013052,0.00013054,1008.0,1.5144822e+12,0.13157701,4.0,1008.0,0.13157701,0.0
1680,1.5144822e+12,0.00012918,0.00012918,0.00012918,0.00012918,1563.0,1.5144825e+12,0.20190834,4.0,188.0,0.02428584,0.0
1681,1.5144825e+12,0.00012918,0.00012918,0.00012918,0.00012918,0.0,1.5144828e+12,0.0,0.0,0.0,0.0,0.0
1682,1.5144828e+12,0.00013011,0.00013011,0.00013011,0.00013011,281.0,1.5144831e+12,0.03656091,2.0,281.0,0.03656091,0.0
1683,1.5144831e+12,0.00013011,0.00013011,0.00013011,0.00013011,0.0,1.5144834e+12,0.0,0.0,0.0,0.0,0.0
1684,1.5144834e+12,0.00013011,0.00013011,0.00013011,0.00013011,64.0,1.5144837e+12,0.00832704,1.0,0.0,0.0,0.0
1685,1.5144837e+12,0.00013011,0.00013011,0.00013011,0.00013011,0.0,1.514484e+12,0.0,0.0,0.0,0.0,0.0
1686,1.514484e+12,0.00013011,0.00013011,0.00013011,0.00013011,0.0,1.5144843e+12,0.0,0.0,0.0,0.0,0.0
1687,1.5144843e+12,0.0001301,0.0001301,0.0001301,0.0001301,1282.0,1.5144846e+12,0.1667882,3.0,1282.0,0.1667882,0.0
1688,1.5144846e+12,0.0001301,0.0001301,0.0001301,0.0001301,0.0,1.5144849e+12,0.0,0.0,0.0,0.0,0.0
1689,1.5144849e+12,0.0001301,0.0001301,0.0001301,0.0001301,0.0,1.5144852e+12,0.0,0.0,0.0,0.0,0.0
1690,1.5144852e+12,0.00013011,0.00013052,0.00012937,0.00012937,352.0,1.5144855e+12,0.04568188,3.0,152.0,0.01980788,0.0
1691,1.5144855e+12,0.00012937,0.00012937,0.00012937,0.00012937,0.0,1.5144858e+12,0.0,0.0,0.0,0.0,0.0
1692,1.5144858e+12,0.00012937,0.00012937,0.00012937,0.00012937,0.0,1.5144861e+12,0.0,0.0,0.0,0.0,0.0
1693,1.5144861e+12,0.00012937,0.00012937,0.00012937,0.00012937,0.0,1.5144864e+12,0.0,0.0,0.0,0.0,0.0
1694,1.5144864e+12,0.00012937,0.00012937,0.00012937,0.00012937,0.0,1.5144867e+12,0.0,0.0,0.0,0.0,0.0
1695,1.5144867e+12,0.00013049,0.00013054,0.00012952,0.00012952,4062.0,1.514487e+12,0.53015374,15.0,4027.0,0.52562054,0.0
1696,1.514487e+12,0.00013078,0.00013113,0.00013078,0.00013113,588.0,1.5144873e+12,0.07692979,8.0,588.0,0.07692979,0.0
1697,1.5144873e+12,0.00013113,0.00013113,0.00013113,0.00013113,0.0,1.5144876e+12,0.0,0.0,0.0,0.0,0.0
1698,1.5144876e+12,0.00012958,0.00012958,0.00012958,0.00012958,8.0,1.5144879e+12,0.00103664,1.0,0.0,0.0,0.0
1699,1.5144879e+12,0.00012958,0.00012958,0.00012958,0.00012958,0.0,1.5144882e+12,0.0,0.0,0.0,0.0,0.0
1700,1.5144882e+12,0.00012958,0.00012958,0.00012958,0.00012958,0.0,1.5144885e+12,0.0,0.0,0.0,0.0,0.0
1701,1.5144885e+12,0.00013113,0.00013185,0.00013113,0.00013185,800.0,1.5144888e+12,0.10494616,3.0,800.0,0.10494616,0.0
1702,1.5144888e+12,0.00013106,0.00013106,0.00013106,0.00013106,210.0,1.5144891e+12,0.0275226,2.0,0.0,0.0,0.0
1703,1.5144891e+12,0.00013106,0.00013106,0.00013106,0.00013106,0.0,1.5144894e+12,0.0,0.0,0.0,0.0,0.0
1704,1.5144894e+12,0.0001315,0.00013188,0.0001315,0.00013188,2142.0,1.5144897e+12,0.28234608,8.0,2142.0,0.28234608,0.0
1705,1.5144897e+12,0.00013187,0.00013187,0.00013187,0.00013187,830.0,1.51449e+12,0.1094521,5.0,830.0,0.1094521,0.0
1706,1.51449e+12,0.000131,0.00013184,0.00013072,0.00013184,916.0,1.5144903e+12,0.11981372,6.0,34.0,0.00448256,0.0
1707,1.5144903e+12,0.00013178,0.00013184,0.00013178,0.00013184,1046.0,1.5144906e+12,0.1378615,3.0,719.0,0.09474982,0.0
1708,1.5144906e+12,0.00013114,0.00013188,0.0001308,0.0001308,2260.0,1.5144909e+12,0.29633359,10.0,664.0,0.08750815,0.0
1709,1.5144909e+12,0.0001308,0.0001308,0.0001308,0.0001308,0.0,1.5144912e+12,0.0,0.0,0.0,0.0,0.0
1710,1.5144912e+12,0.0001308,0.0001308,0.0001308,0.0001308,0.0,1.5144915e+12,0.0,0.0,0.0,0.0,0.0
1711,1.5144915e+12,0.00013058,0.00013102,0.00013058,0.00013102,64.0,1.5144918e+12,0.00837912,2.0,0.0,0.0,0.0
1712,1.5144918e+12,0.00013238,0.00013238,0.00013238,0.00013238,483.0,1.5144921e+12,0.06393954,3.0,483.0,0.06393954,0.0
1713,1.5144921e+12,0.00013238,0.00013238,0.00013238,0.00013238,0.0,1.5144924e+12,0.0,0.0,0.0,0.0,0.0
1714,1.5144924e+12,0.00013238,0.00013238,0.00013238,0.00013238,0.0,1.5144927e+12,0.0,0.0,0.0,0.0,0.0
1715,1.5144927e+12,0.00013237,0.00013237,0.00013237,0.00013237,29.0,1.514493e+12,0.00383873,1.0,29.0,0.00383873,0.0
1716,1.514493e+12,0.00012992,0.00012992,0.00012992,0.00012992,32.0,1.5144933e+12,0.00415744,1.0,0.0,0.0,0.0
1717,1.5144933e+12,0.00013124,0.00013124,0.00013122,0.00013122,1045.0,1.5144936e+12,0.13714044,2.0,0.0,0.0,0.0
1718,1.5144936e+12,0.00013239,0.0001324,0.00013239,0.0001324,67.0,1.5144939e+12,0.00887059,3.0,67.0,0.00887059,0.0
1719,1.5144939e+12,0.0001323,0.0001323,0.00013122,0.00013122,424.0,1.5144942e+12,0.05590728,3.0,0.0,0.0,0.0
1720,1.5144942e+12,0.00013102,0.00013102,0.00013102,0.00013102,232.0,1.5144945e+12,0.03039664,1.0,0.0,0.0,0.0
1721,1.5144945e+12,0.00013112,0.0001324,0.00013112,0.0001324,223.0,1.5144948e+12,0.02930376,2.0,50.0,0.00662,0.0
1722,1.5144948e+12,0.0001324,0.0001324,0.0001324,0.0001324,224.0,1.5144951e+12,0.0296576,2.0,224.0,0.0296576,0.0
1723,1.5144951e+12,0.0001316,0.0001326,0.0001316,0.0001326,50.0,1.5144954e+12,0.006625,2.0,45.0,0.005967,0.0
1724,1.5144954e+12,0.00013305,0.00013305,0.00013305,0.00013305,189.0,1.5144957e+12,0.02514645,6.0,175.0,0.02328375,0.0
1725,1.5144957e+12,0.00013305,0.00013305,0.00013305,0.00013305,0.0,1.514496e+12,0.0,0.0,0.0,0.0,0.0
1726,1.514496e+12,0.00013305,0.00013305,0.00013305,0.00013305,0.0,1.5144963e+12,0.0,0.0,0.0,0.0,0.0
1727,1.5144963e+12,0.00013305,0.00013305,0.00013305,0.00013305,0.0,1.5144966e+12,0.0,0.0,0.0,0.0,0.0
1728,1.5144966e+12,0.00013305,0.00013305,0.00013305,0.00013305,0.0,1.5144969e+12,0.0,0.0,0.0,0.0,0.0
1729,1.5144969e+12,0.00013305,0.00013305,0.00013305,0.00013305,0.0,1.5144972e+12,0.0,0.0,0.0,0.0,0.0
1730,1.5144972e+12,0.0001335,0.0001335,0.0001335,0.0001335,29.0,1.5144975e+12,0.0038715,2.0,29.0,0.0038715,0.0
1731,1.5144975e+12,0.0001335,0.0001335,0.0001335,0.0001335,0.0,1.5144978e+12,0.0,0.0,0.0,0.0,0.0
1732,1.5144978e+12,0.0001335,0.0001335,0.0001335,0.0001335,200.0,1.5144981e+12,0.0267,2.0,69.0,0.0092115,0.0
1733,1.5144981e+12,0.00013349,0.00013349,0.00013349,0.00013349,11.0,1.5144984e+12,0.00146839,1.0,11.0,0.00146839,0.0
1734,1.5144984e+12,0.00013305,0.00013421,0.0001326,0.00013421,696.0,1.5144987e+12,0.09292089,9.0,467.0,0.06235974,0.0
1735,1.5144987e+12,0.00013422,0.00013579,0.00013422,0.00013579,111.0,1.514499e+12,0.01499733,2.0,111.0,0.01499733,0.0
1736,1.514499e+12,0.00013362,0.00013546,0.00013361,0.00013546,28.0,1.5144993e+12,0.00376711,3.0,14.0,0.00189644,0.0
1737,1.5144993e+12,0.00013498,0.00013505,0.00013498,0.00013505,1261.0,1.5144996e+12,0.17024072,2.0,1261.0,0.17024072,0.0
1738,1.5144996e+12,0.00013505,0.00013505,0.00013505,0.00013505,933.0,1.5144999e+12,0.12600165,11.0,82.0,0.0110741,0.0
1739,1.5144999e+12,0.00013505,0.00013505,0.00013505,0.00013505,47.0,1.5145002e+12,0.00634735,2.0,0.0,0.0,0.0
1740,1.5145002e+12,0.00013505,0.00013507,0.0001335,0.00013351,1421.0,1.5145005e+12,0.19155776,6.0,257.0,0.03471299,0.0
1741,1.5145005e+12,0.00013361,0.00013361,0.00013361,0.00013361,59.0,1.5145008e+12,0.00788299,1.0,0.0,0.0,0.0
1742,1.5145008e+12,0.00013361,0.00013361,0.00013361,0.00013361,86.0,1.5145011e+12,0.01149046,3.0,0.0,0.0,0.0
1743,1.5145011e+12,0.00013361,0.00013361,0.00013361,0.00013361,0.0,1.5145014e+12,0.0,0.0,0.0,0.0,0.0
1744,1.5145014e+12,0.00013361,0.00013361,0.00013361,0.00013361,0.0,1.5145017e+12,0.0,0.0,0.0,0.0,0.0
1745,1.5145017e+12,0.00013571,0.00013598,0.00013571,0.00013598,549.0,1.514502e+12,0.07464733,6.0,549.0,0.07464733,0.0
1746,1.514502e+12,0.00013598,0.00013598,0.00013598,0.00013598,0.0,1.5145023e+12,0.0,0.0,0.0,0.0,0.0
1747,1.5145023e+12,0.00013647,0.00013647,0.00013647,0.00013647,73.0,1.5145026e+12,0.00996231,1.0,73.0,0.00996231,0.0
1748,1.5145026e+12,0.00013647,0.00013647,0.00013647,0.00013647,0.0,1.5145029e+12,0.0,0.0,0.0,0.0,0.0
1749,1.5145029e+12,0.00013648,0.00013648,0.00013648,0.00013648,198.0,1.5145032e+12,0.02702304,1.0,198.0,0.02702304,0.0
1750,1.5145032e+12,0.00013648,0.00013648,0.00013648,0.00013648,699.0,1.5145035e+12,0.09539952,1.0,699.0,0.09539952,0.0
1751,1.5145035e+12,0.000135,0.000135,0.000135,0.000135,68.0,1.5145038e+12,0.00918,1.0,0.0,0.0,0.0
1752,1.5145038e+12,0.000135,0.000135,0.000135,0.000135,0.0,1.5145041e+12,0.0,0.0,0.0,0.0,0.0
1753,1.5145041e+12,0.000135,0.000135,0.000135,0.000135,0.0,1.5145044e+12,0.0,0.0,0.0,0.0,0.0
1754,1.5145044e+12,0.00013565,0.00013565,0.00013512,0.00013512,876.0,1.5145047e+12,0.11840977,3.0,0.0,0.0,0.0
1755,1.5145047e+12,0.0001374,0.00013804,0.0001374,0.00013804,46.0,1.514505e+12,0.00633691,3.0,46.0,0.00633691,0.0
1756,1.514505e+12,0.00013804,0.00013804,0.00013804,0.00013804,0.0,1.5145053e+12,0.0,0.0,0.0,0.0,0.0
1757,1.5145053e+12,0.00013804,0.00013804,0.00013804,0.00013804,0.0,1.5145056e+12,0.0,0.0,0.0,0.0,0.0
1758,1.5145056e+12,0.00013804,0.00013871,0.00013804,0.00013871,216.0,1.5145059e+12,0.02989436,5.0,17.0,0.00235338,0.0
1759,1.5145059e+12,0.00013804,0.00013804,0.00013764,0.00013764,22.0,1.5145062e+12,0.00303248,2.0,11.0,0.00151404,0.0
1760,1.5145062e+12,0.00013764,0.00013764,0.00013764,0.00013764,534.0,1.5145065e+12,0.07349976,3.0,0.0,0.0,0.0
1761,1.5145065e+12,0.00013764,0.00013764,0.00013764,0.00013764,0.0,1.5145068e+12,0.0,0.0,0.0,0.0,0.0
1762,1.5145068e+12,0.00013765,0.00013804,0.00013765,0.00013804,141.0,1.5145071e+12,0.01945852,4.0,105.0,0.01448908,0.0
1763,1.5145071e+12,0.00013804,0.00013804,0.00013559,0.00013559,323.0,1.5145074e+12,0.04424637,6.0,108.0,0.01490832,0.0
1764,1.5145074e+12,0.00013601,0.00013601,0.000136,0.000136,1106.0,1.5145077e+12,0.15042062,6.0,0.0,0.0,0.0
1765,1.5145077e+12,0.000136,0.00013804,0.00013512,0.00013804,1539.0,1.514508e+12,0.21088964,11.0,258.0,0.03561424,0.0
1766,1.514508e+12,0.00013746,0.00013746,0.00013594,0.00013594,1113.0,1.5145083e+12,0.15236674,4.0,701.0,0.09635946,0.0
1767,1.5145083e+12,0.00013605,0.00013605,0.00013605,0.00013605,13.0,1.5145086e+12,0.00176865,1.0,0.0,0.0,0.0
1768,1.5145086e+12,0.00013605,0.00013605,0.00013605,0.00013605,19.0,1.5145089e+12,0.00258495,1.0,0.0,0.0,0.0
1769,1.5145089e+12,0.00013605,0.00013605,0.00013605,0.00013605,0.0,1.5145092e+12,0.0,0.0,0.0,0.0,0.0
1770,1.5145092e+12,0.00013616,0.00013616,0.00013605,0.00013605,828.0,1.5145095e+12,0.11265864,4.0,105.0,0.01428525,0.0
1771,1.5145095e+12,0.00013514,0.00013549,0.00013503,0.00013549,1059.0,1.5145098e+12,0.14305141,6.0,74.0,0.01002626,0.0
1772,1.5145098e+12,0.00013503,0.00013503,0.00013503,0.00013503,116.0,1.5145101e+12,0.01566348,2.0,0.0,0.0,0.0
1773,1.5145101e+12,0.00013503,0.00013503,0.000135,0.000135,2195.0,1.5145104e+12,0.29633148,3.0,0.0,0.0,0.0
1774,1.5145104e+12,0.000135,0.000135,0.00013409,0.0001341,917.0,1.5145107e+12,0.12315021,9.0,0.0,0.0,0.0
1775,1.5145107e+12,0.00013411,0.00013557,0.000133,0.000133,2049.0,1.514511e+12,0.27386706,16.0,273.0,0.03652283,0.0
1776,1.514511e+12,0.000133,0.000133,0.0001326,0.0001326,909.0,1.5145113e+12,0.12054565,6.0,14.0,0.001862,0.0
1777,1.5145113e+12,0.0001326,0.0001326,0.0001326,0.0001326,0.0,1.5145116e+12,0.0,0.0,0.0,0.0,0.0
1778,1.5145116e+12,0.00013261,0.00014072,0.00013205,0.00013674,6265.0,1.5145119e+12,0.84877437,35.0,5391.0,0.73303835,0.0
1779,1.5145119e+12,0.00013674,0.00013674,0.00013674,0.00013674,0.0,1.5145122e+12,0.0,0.0,0.0,0.0,0.0
1780,1.5145122e+12,0.00013567,0.00013567,0.00013567,0.00013567,360.0,1.5145125e+12,0.0488412,2.0,0.0,0.0,0.0
1781,1.5145125e+12,0.00013569,0.00013668,0.00013569,0.00013668,625.0,1.5145128e+12,0.08541323,4.0,615.0,0.08405633,0.0
1782,1.5145128e+12,0.00013686,0.00013686,0.00013686,0.00013686,300.0,1.5145131e+12,0.041058,1.0,0.0,0.0,0.0
1783,1.5145131e+12,0.00013689,0.00013689,0.00013668,0.00013668,11.0,1.5145134e+12,0.00150516,2.0,0.0,0.0,0.0
1784,1.5145134e+12,0.00013582,0.00013589,0.00013582,0.00013589,760.0,1.5145137e+12,0.10325136,7.0,0.0,0.0,0.0
1785,1.5145137e+12,0.00013592,0.00013592,0.00013551,0.00013551,454.0,1.514514e+12,0.06160512,3.0,0.0,0.0,0.0
1786,1.514514e+12,0.00013551,0.00013552,0.00013551,0.00013552,282.0,1.5145143e+12,0.03821449,3.0,0.0,0.0,0.0
1787,1.5145143e+12,0.00013574,0.00013575,0.00013556,0.00013556,1556.0,1.5145146e+12,0.21116148,7.0,562.0,0.07629067,0.0
1788,1.5145146e+12,0.00013556,0.00013556,0.00013556,0.00013556,0.0,1.5145149e+12,0.0,0.0,0.0,0.0,0.0
1789,1.5145149e+12,0.00013579,0.00013863,0.00013579,0.00013863,284.0,1.5145152e+12,0.0389201,6.0,284.0,0.0389201,0.0
1790,1.5145152e+12,0.00014002,0.0001405,0.00013943,0.0001405,3476.0,1.5145155e+12,0.48613148,11.0,2993.0,0.41826998,0.0
1791,1.5145155e+12,0.00014068,0.0001408,0.00014068,0.00014069,5628.0,1.5145158e+12,0.79180852,7.0,3606.0,0.50733334,0.0
1792,1.5145158e+12,0.00014069,0.00014069,0.00014069,0.00014069,3730.0,1.5145161e+12,0.5247737,5.0,0.0,0.0,0.0
1793,1.5145161e+12,0.00013913,0.00013999,0.00013762,0.00013999,542.0,1.5145164e+12,0.07471056,7.0,42.0,0.00586238,0.0
1794,1.5145164e+12,0.00013818,0.00013831,0.00013818,0.00013823,1423.0,1.5145167e+12,0.19674714,5.0,0.0,0.0,0.0
1795,1.5145167e+12,0.00013826,0.00013826,0.00013584,0.00013643,2771.0,1.514517e+12,0.38257967,16.0,1180.0,0.1631114,0.0
1796,1.514517e+12,0.00013927,0.00013928,0.00013927,0.00013928,71.0,1.5145173e+12,0.00988828,2.0,71.0,0.00988828,0.0
1797,1.5145173e+12,0.00013912,0.00013928,0.00013912,0.00013928,869.0,1.5145176e+12,0.12096246,9.0,630.0,0.08767454,0.0
1798,1.5145176e+12,0.00013713,0.00013713,0.00013713,0.00013713,96.0,1.5145179e+12,0.01316448,2.0,0.0,0.0,0.0
1799,1.5145179e+12,0.00013678,0.00013679,0.00013676,0.00013676,1700.0,1.5145182e+12,0.23252716,9.0,0.0,0.0,0.0
1800,1.5145182e+12,0.00013676,0.00013677,0.00013676,0.00013677,220.0,1.5145185e+12,0.03008924,3.0,204.0,0.02790108,0.0
1801,1.5145185e+12,0.00013677,0.00013677,0.00013676,0.00013676,1049.0,1.5145188e+12,0.14347059,3.0,935.0,0.12787995,0.0
1802,1.5145188e+12,0.00013676,0.00013676,0.00013676,0.00013676,38.0,1.5145191e+12,0.00519688,1.0,38.0,0.00519688,0.0
1803,1.5145191e+12,0.00013669,0.00013669,0.00013601,0.00013601,812.0,1.5145194e+12,0.11050812,2.0,100.0,0.013669,0.0
1804,1.5145194e+12,0.00013601,0.00013666,0.00013588,0.00013666,728.0,1.5145197e+12,0.0990274,6.0,46.0,0.00628636,0.0
1805,1.5145197e+12,0.00013591,0.00013591,0.00013591,0.00013591,594.0,1.51452e+12,0.08073054,1.0,0.0,0.0,0.0
1806,1.51452e+12,0.00013654,0.00013654,0.00013652,0.00013652,20.0,1.5145203e+12,0.00273044,2.0,20.0,0.00273044,0.0
1807,1.5145203e+12,0.00013591,0.00013591,0.00013584,0.00013584,224.0,1.5145206e+12,0.03043327,3.0,0.0,0.0,0.0
1808,1.5145206e+12,0.00013584,0.00013584,0.00013583,0.00013583,6839.0,1.5145209e+12,0.92897097,7.0,0.0,0.0,0.0
1809,1.5145209e+12,0.00013451,0.00013451,0.00013359,0.00013359,2070.0,1.5145212e+12,0.27827845,12.0,324.0,0.04343437,0.0
1810,1.5145212e+12,0.00013326,0.00013409,0.00013275,0.00013399,500.0,1.5145215e+12,0.06680538,8.0,488.0,0.06521238,0.0
1811,1.5145215e+12,0.00013212,0.00013212,0.00013,0.00013,5315.0,1.5145218e+12,0.69368248,12.0,0.0,0.0,0.0
1812,1.5145218e+12,0.00013214,0.00013214,0.00013214,0.00013214,11.0,1.5145221e+12,0.00145354,1.0,11.0,0.00145354,0.0
1813,1.5145221e+12,0.00013038,0.00013163,0.00013038,0.00013163,382.0,1.5145224e+12,0.05028016,3.0,380.0,0.0500194,0.0
1814,1.5145224e+12,0.00013163,0.00013163,0.00013163,0.00013163,0.0,1.5145227e+12,0.0,0.0,0.0,0.0,0.0
1815,1.5145227e+12,0.00013278,0.00013278,0.00013278,0.00013278,65.0,1.514523e+12,0.0086307,2.0,65.0,0.0086307,0.0
1816,1.514523e+12,0.00013201,0.00013201,0.00013201,0.00013201,311.0,1.5145233e+12,0.04105511,1.0,0.0,0.0,0.0
1817,1.5145233e+12,0.00013315,0.00013315,0.00013315,0.00013315,16.0,1.5145236e+12,0.0021304,2.0,0.0,0.0,0.0
1818,1.5145236e+12,0.00013315,0.00013315,0.00013202,0.00013202,500.0,1.5145239e+12,0.066349,6.0,0.0,0.0,0.0
1819,1.5145239e+12,0.00013201,0.00013304,0.00013163,0.00013163,1103.0,1.5145242e+12,0.14554519,11.0,142.0,0.01889168,0.0
1820,1.5145242e+12,0.00013164,0.00013164,0.00013,0.00013163,4475.0,1.5145245e+12,0.58836084,17.0,3601.0,0.47383052,0.0
1821,1.5145245e+12,0.00013176,0.00013176,0.00013176,0.00013176,600.0,1.5145248e+12,0.079056,4.0,0.0,0.0,0.0
1822,1.5145248e+12,0.00013178,0.00013178,0.00013175,0.00013175,707.0,1.5145251e+12,0.09315879,4.0,0.0,0.0,0.0
1823,1.5145251e+12,0.00013163,0.00013163,0.0001315,0.0001315,6923.0,1.5145254e+12,0.91060914,28.0,3800.0,0.49993464,0.0
1824,1.5145254e+12,0.0001315,0.0001315,0.00013006,0.0001315,1184.0,1.5145257e+12,0.15550067,13.0,27.0,0.0035505,0.0
1825,1.5145257e+12,0.0001315,0.0001315,0.00013018,0.00013018,583.0,1.514526e+12,0.07620514,4.0,235.0,0.0309025,0.0
1826,1.514526e+12,0.00013162,0.00013163,0.00013162,0.00013163,1119.0,1.5145263e+12,0.14728834,8.0,1119.0,0.14728834,0.0
1827,1.5145263e+12,0.00013106,0.00013106,0.00013001,0.000131,2490.0,1.5145266e+12,0.32584066,9.0,115.0,0.015065,0.0
1828,1.5145266e+12,0.000131,0.000131,0.000131,0.000131,407.0,1.5145269e+12,0.053317,4.0,407.0,0.053317,0.0
1829,1.5145269e+12,0.00013108,0.0001315,0.00013108,0.00013148,2423.0,1.5145272e+12,0.31859111,9.0,2192.0,0.28822646,0.0
1830,1.5145272e+12,0.00013148,0.000132,0.00013148,0.000132,796.0,1.5145275e+12,0.10497611,12.0,613.0,0.08091476,0.0
1831,1.5145275e+12,0.000132,0.000132,0.000132,0.000132,563.0,1.5145278e+12,0.074316,4.0,563.0,0.074316,0.0
1832,1.5145278e+12,0.00013201,0.00013273,0.00013148,0.00013273,3660.0,1.5145281e+12,0.48307459,35.0,584.0,0.077096,0.0
1833,1.5145281e+12,0.00013237,0.00013239,0.0001305,0.0001305,10540.0,1.5145284e+12,1.38973069,14.0,1992.0,0.26365636,0.0
1834,1.5145284e+12,0.0001305,0.000132,0.0001305,0.000132,207.0,1.5145287e+12,0.027126,3.0,75.0,0.0099,0.0
1835,1.5145287e+12,0.000131,0.000131,0.000131,0.000131,328.0,1.514529e+12,0.042968,4.0,183.0,0.023973,0.0
1836,1.514529e+12,0.0001309,0.00013201,0.0001309,0.00013201,3163.0,1.5145293e+12,0.41745506,24.0,3163.0,0.41745506,0.0
1837,1.5145293e+12,0.00013201,0.00013201,0.00013201,0.00013201,510.0,1.5145296e+12,0.0673251,2.0,58.0,0.00765658,0.0
1838,1.5145296e+12,0.00013274,0.00013274,0.00013274,0.00013274,271.0,1.5145299e+12,0.03597254,1.0,271.0,0.03597254,0.0
1839,1.5145299e+12,0.00013275,0.00013277,0.00013124,0.00013275,2919.0,1.5145302e+12,0.38680954,11.0,2534.0,0.33628214,0.0
1840,1.5145302e+12,0.00013241,0.00013274,0.00013241,0.00013274,226.0,1.5145305e+12,0.02997416,3.0,226.0,0.02997416,0.0
1841,1.5145305e+12,0.00013274,0.00013275,0.00013267,0.00013267,608.0,1.5145308e+12,0.08067725,4.0,608.0,0.08067725,0.0
1842,1.5145308e+12,0.00013257,0.00013257,0.0001325,0.0001325,33.0,1.5145311e+12,0.00437257,2.0,33.0,0.00437257,0.0
1843,1.5145311e+12,0.0001325,0.0001325,0.00013162,0.0001325,12520.0,1.5145314e+12,1.65886128,22.0,12312.0,1.63134,0.0
1844,1.5145314e+12,0.0001325,0.0001325,0.00013162,0.00013162,4693.0,1.5145317e+12,0.62164914,6.0,0.0,0.0,0.0
1845,1.5145317e+12,0.00013275,0.00013275,0.00013164,0.00013164,263.0,1.514532e+12,0.0348855,6.0,238.0,0.0315945,0.0
1846,1.514532e+12,0.00013165,0.00013165,0.00013093,0.00013093,741.0,1.5145323e+12,0.09714056,6.0,0.0,0.0,0.0
1847,1.5145323e+12,0.00013096,0.00013096,0.00013096,0.00013096,53.0,1.5145326e+12,0.00694088,1.0,0.0,0.0,0.0
1848,1.5145326e+12,0.00013275,0.00013275,0.00013275,0.00013275,16.0,1.5145329e+12,0.002124,2.0,16.0,0.002124,0.0
1849,1.5145329e+12,0.0001326,0.00013275,0.0001326,0.00013275,853.0,1.5145332e+12,0.11316075,3.0,853.0,0.11316075,0.0
1850,1.5145332e+12,0.000133,0.000133,0.000133,0.000133,219.0,1.5145335e+12,0.029127,2.0,219.0,0.029127,0.0
1851,1.5145335e+12,0.00013276,0.00013276,0.00013276,0.00013276,72.0,1.5145338e+12,0.00955872,1.0,0.0,0.0,0.0
1852,1.5145338e+12,0.00013276,0.00013299,0.00013275,0.00013299,410.0,1.5145341e+12,0.05446522,3.0,153.0,0.02034747,0.0
1853,1.5145341e+12,0.00013299,0.00013332,0.00013299,0.00013331,1279.0,1.5145344e+12,0.17042608,5.0,270.0,0.03590909,0.0
1854,1.5145344e+12,0.000135,0.00013523,0.000135,0.00013523,557.0,1.5145347e+12,0.07531815,3.0,557.0,0.07531815,0.0
1855,1.5145347e+12,0.00013439,0.00013439,0.00013439,0.00013439,600.0,1.514535e+12,0.080634,2.0,0.0,0.0,0.0
1856,1.514535e+12,0.00013357,0.00013615,0.00013357,0.00013512,510.0,1.5145353e+12,0.06893545,6.0,499.0,0.06746618,0.0
1857,1.5145353e+12,0.00013512,0.00013512,0.00013512,0.00013512,0.0,1.5145356e+12,0.0,0.0,0.0,0.0,0.0
1858,1.5145356e+12,0.00013417,0.00013622,0.00013417,0.00013603,1095.0,1.5145359e+12,0.14770879,4.0,423.0,0.05754655,0.0
1859,1.5145359e+12,0.00013413,0.00013415,0.00013413,0.00013415,190.0,1.5145362e+12,0.02548774,2.0,0.0,0.0,0.0
1860,1.5145362e+12,0.00013415,0.00013549,0.00013415,0.00013549,895.0,1.5145365e+12,0.12045955,3.0,295.0,0.03996955,0.0
1861,1.5145365e+12,0.00013549,0.00013597,0.00013549,0.00013597,175.0,1.5145368e+12,0.02374435,4.0,70.0,0.0095179,0.0
1862,1.5145368e+12,0.00013549,0.00013549,0.00013422,0.00013422,359.0,1.5145371e+12,0.04832738,6.0,0.0,0.0,0.0
1863,1.5145371e+12,0.00013437,0.00013437,0.00013437,0.00013437,604.0,1.5145374e+12,0.08115948,2.0,0.0,0.0,0.0
1864,1.5145374e+12,0.00013532,0.00013532,0.0001353,0.0001353,674.0,1.5145377e+12,0.09119588,3.0,674.0,0.09119588,0.0
1865,1.5145377e+12,0.0001353,0.0001353,0.00013423,0.00013426,2465.0,1.514538e+12,0.33107595,12.0,159.0,0.02134257,0.0
1866,1.514538e+12,0.00013514,0.00013514,0.000135,0.000135,1369.0,1.5145383e+12,0.18484942,5.0,269.0,0.03634942,0.0
1867,1.5145383e+12,0.00013501,0.00013501,0.0001343,0.00013432,4204.0,1.5145386e+12,0.56666,12.0,1579.0,0.212635,0.0
1868,1.5145386e+12,0.00013436,0.00013436,0.00013436,0.00013436,215.0,1.5145389e+12,0.0288874,1.0,0.0,0.0,0.0
1869,1.5145389e+12,0.00013438,0.00013438,0.0001341,0.0001341,5183.0,1.5145392e+12,0.69574188,15.0,0.0,0.0,0.0
1870,1.5145392e+12,0.0001341,0.00013495,0.000133,0.000133,4578.0,1.5145395e+12,0.61382572,14.0,20.0,0.002699,0.0
1871,1.5145395e+12,0.00013275,0.00013301,0.00013275,0.000133,1825.0,1.5145398e+12,0.2425809,18.0,628.0,0.08347605,0.0
1872,1.5145398e+12,0.0001339,0.00013391,0.0001339,0.00013391,1000.0,1.5145401e+12,0.133902,2.0,1000.0,0.133902,0.0
1873,1.5145401e+12,0.00013371,0.00013371,0.00013202,0.00013325,869.0,1.5145404e+12,0.11596027,5.0,857.0,0.11437603,0.0
1874,1.5145404e+12,0.00013325,0.00013325,0.00013325,0.00013325,9.0,1.5145407e+12,0.00119925,1.0,9.0,0.00119925,0.0
1875,1.5145407e+12,0.00013325,0.00013325,0.00013325,0.00013325,0.0,1.514541e+12,0.0,0.0,0.0,0.0,0.0
1876,1.514541e+12,0.00013323,0.00013325,0.00013202,0.00013202,1370.0,1.5145413e+12,0.18223108,6.0,1128.0,0.15028224,0.0
1877,1.5145413e+12,0.00013491,0.00013491,0.00013491,0.00013491,44.0,1.5145416e+12,0.00593604,1.0,44.0,0.00593604,0.0
1878,1.5145416e+12,0.00013214,0.00013374,0.00013214,0.00013373,783.0,1.5145419e+12,0.10458561,4.0,1.0,0.00013373,0.0
1879,1.5145419e+12,0.00013233,0.000133,0.00013204,0.00013204,2829.0,1.5145422e+12,0.37459532,16.0,60.0,0.00798,0.0
1880,1.5145422e+12,0.00013191,0.00013191,0.00013191,0.00013191,500.0,1.5145425e+12,0.065955,6.0,0.0,0.0,0.0
1881,1.5145425e+12,0.00013191,0.00013191,0.00013,0.00013,11991.0,1.5145428e+12,1.56429777,40.0,196.0,0.02567969,0.0
1882,1.5145428e+12,0.00013227,0.00013228,0.00013211,0.00013211,1580.0,1.5145431e+12,0.20898165,4.0,1580.0,0.20898165,0.0
1883,1.5145431e+12,0.00013176,0.00013176,0.00013169,0.00013169,38.0,1.5145434e+12,0.00500632,2.0,38.0,0.00500632,0.0
1884,1.5145434e+12,0.00013167,0.00013272,0.00013,0.00013272,2445.0,1.5145437e+12,0.32118436,8.0,1813.0,0.23891678,0.0
1885,1.5145437e+12,0.0001325,0.00013251,0.00013066,0.00013066,2723.0,1.514544e+12,0.35923688,5.0,1864.0,0.24698971,0.0
1886,1.514544e+12,0.00013239,0.00013241,0.00013075,0.0001321,2765.0,1.5145443e+12,0.36558964,10.0,2149.0,0.28453636,0.0
1887,1.5145443e+12,0.0001321,0.0001321,0.0001321,0.0001321,0.0,1.5145446e+12,0.0,0.0,0.0,0.0,0.0
1888,1.5145446e+12,0.0001321,0.00013211,0.0001321,0.00013211,746.0,1.5145449e+12,0.09855343,5.0,746.0,0.09855343,0.0
1889,1.5145449e+12,0.00013211,0.00013289,0.00013129,0.00013289,2137.0,1.5145452e+12,0.28068821,6.0,435.0,0.05714955,0.0
1890,1.5145452e+12,0.00013278,0.00013278,0.00013278,0.00013278,287.0,1.5145455e+12,0.03810786,1.0,287.0,0.03810786,0.0
1891,1.5145455e+12,0.00013278,0.00013278,0.00013107,0.00013107,1568.0,1.5145458e+12,0.20683104,3.0,541.0,0.07183398,0.0
1892,1.5145458e+12,0.00013101,0.00013101,0.00013003,0.00013003,409.0,1.5145461e+12,0.05350543,5.0,0.0,0.0,0.0
1893,1.5145461e+12,0.00013116,0.00013116,0.00013116,0.00013116,185.0,1.5145464e+12,0.0242646,1.0,0.0,0.0,0.0
1894,1.5145464e+12,0.00013115,0.00013115,0.00013115,0.00013115,450.0,1.5145467e+12,0.0590175,1.0,0.0,0.0,0.0
1895,1.5145467e+12,0.00013253,0.00013254,0.00013114,0.00013114,1683.0,1.514547e+12,0.22182227,3.0,800.0,0.10602565,0.0
1896,1.514547e+12,0.00013167,0.00013167,0.0001316,0.0001316,99.0,1.5145473e+12,0.01303113,2.0,99.0,0.01303113,0.0
1897,1.5145473e+12,0.00013188,0.00013188,0.00013188,0.00013188,475.0,1.5145476e+12,0.062643,1.0,475.0,0.062643,0.0
1898,1.5145476e+12,0.00013188,0.00013329,0.00013188,0.00013201,7621.0,1.5145479e+12,1.00769074,27.0,4494.0,0.59474659,0.0
1899,1.5145479e+12,0.00013201,0.00013201,0.00013201,0.00013201,0.0,1.5145482e+12,0.0,0.0,0.0,0.0,0.0
1900,1.5145482e+12,0.00013201,0.00013201,0.00013201,0.00013201,0.0,1.5145485e+12,0.0,0.0,0.0,0.0,0.0
1901,1.5145485e+12,0.00013203,0.00013291,0.00013203,0.00013291,2995.0,1.5145488e+12,0.3976354,7.0,1662.0,0.22084769,0.0
1902,1.5145488e+12,0.00013289,0.00013649,0.00013289,0.00013649,3359.0,1.5145491e+12,0.44996315,13.0,3092.0,0.41448152,0.0
1903,1.5145491e+12,0.00013362,0.00013499,0.00013253,0.00013498,4237.0,1.5145494e+12,0.57170656,16.0,760.0,0.1025848,0.0
1904,1.5145494e+12,0.00013329,0.00013329,0.00013271,0.00013281,421.0,1.5145497e+12,0.05607247,3.0,0.0,0.0,0.0
1905,1.5145497e+12,0.000135,0.00013501,0.000135,0.00013501,121.0,1.51455e+12,0.01633514,4.0,107.0,0.014445,0.0
1906,1.51455e+12,0.00013501,0.00013546,0.000135,0.00013546,2175.0,1.5145503e+12,0.29378702,4.0,337.0,0.04565002,0.0
1907,1.5145503e+12,0.000136,0.0001365,0.00013505,0.00013507,2995.0,1.5145506e+12,0.40805781,18.0,2560.0,0.34895826,0.0
1908,1.5145506e+12,0.000136,0.000136,0.00013272,0.00013272,7099.0,1.5145509e+12,0.95238491,12.0,648.0,0.088128,0.0
1909,1.5145509e+12,0.000136,0.00013989,0.00013402,0.00013953,881.0,1.5145512e+12,0.12063486,14.0,861.0,0.11793346,0.0
1910,1.5145512e+12,0.000136,0.000136,0.000136,0.000136,20.0,1.5145515e+12,0.00272,1.0,0.0,0.0,0.0
1911,1.5145515e+12,0.00013661,0.00013662,0.000136,0.000136,3788.0,1.5145518e+12,0.51623592,11.0,0.0,0.0,0.0
1912,1.5145518e+12,0.000136,0.000136,0.00013499,0.000135,3132.0,1.5145521e+12,0.42457264,16.0,1344.0,0.18143164,0.0
1913,1.5145521e+12,0.00013283,0.000135,0.00013282,0.00013416,2543.0,1.5145524e+12,0.33848238,10.0,679.0,0.09089808,0.0
1914,1.5145524e+12,0.00013417,0.000136,0.00013417,0.00013563,1446.0,1.5145527e+12,0.19565363,6.0,1120.0,0.15191421,0.0
1915,1.5145527e+12,0.00013395,0.00013395,0.00013395,0.00013395,30.0,1.514553e+12,0.0040185,1.0,0.0,0.0,0.0
1916,1.514553e+12,0.00013551,0.00013551,0.00013395,0.000134,1071.0,1.5145533e+12,0.14352498,11.0,555.0,0.07438359,0.0
1917,1.5145533e+12,0.00013384,0.00013452,0.00013286,0.0001345,3025.0,1.5145536e+12,0.40261785,10.0,2461.0,0.32761365,0.0
1918,1.5145536e+12,0.00013452,0.0001355,0.00013452,0.00013543,1644.0,1.5145539e+12,0.22126737,5.0,1644.0,0.22126737,0.0
1919,1.5145539e+12,0.00013308,0.00013543,0.00013308,0.00013543,2422.0,1.5145542e+12,0.32513616,11.0,1249.0,0.16859194,0.0
1920,1.5145542e+12,0.00013543,0.00013552,0.00013543,0.00013552,328.0,1.5145545e+12,0.04444138,7.0,328.0,0.04444138,0.0
1921,1.5145545e+12,0.00013556,0.000136,0.00013541,0.00013541,4781.0,1.5145548e+12,0.64897757,12.0,1410.0,0.19175604,0.0
1922,1.5145548e+12,0.00013499,0.00013562,0.00013499,0.00013562,3105.0,1.5145551e+12,0.42059887,8.0,1918.0,0.2596298,0.0
1923,1.5145551e+12,0.00013562,0.00013562,0.00013562,0.00013562,23.0,1.5145554e+12,0.00311926,1.0,23.0,0.00311926,0.0
1924,1.5145554e+12,0.00013562,0.00013562,0.00013251,0.00013251,1159.0,1.5145557e+12,0.15665662,4.0,8.0,0.00108496,0.0
1925,1.5145557e+12,0.00013428,0.00013428,0.00013331,0.00013331,1998.0,1.514556e+12,0.26714436,3.0,0.0,0.0,0.0
1926,1.514556e+12,0.00013562,0.00013562,0.00013562,0.00013562,22.0,1.5145563e+12,0.00298364,1.0,22.0,0.00298364,0.0
1927,1.5145563e+12,0.00013562,0.00013795,0.00013562,0.00013792,2190.0,1.5145566e+12,0.30119863,10.0,2087.0,0.28699287,0.0
1928,1.5145566e+12,0.0001379,0.0001379,0.0001379,0.0001379,8.0,1.5145569e+12,0.0011032,1.0,0.0,0.0,0.0
1929,1.5145569e+12,0.00013791,0.00013791,0.000136,0.00013601,1047.0,1.5145572e+12,0.14296526,7.0,0.0,0.0,0.0
1930,1.5145572e+12,0.00013614,0.00013614,0.00013505,0.00013507,3860.0,1.5145575e+12,0.52262651,15.0,788.0,0.1064194,0.0
1931,1.5145575e+12,0.000135,0.00013507,0.00013319,0.00013319,4614.0,1.5145578e+12,0.62122514,12.0,2103.0,0.28405212,0.0
1932,1.5145578e+12,0.00013459,0.00013751,0.00013455,0.00013751,2362.0,1.5145581e+12,0.31959244,6.0,862.0,0.11774158,0.0
1933,1.5145581e+12,0.00013697,0.00013697,0.00013629,0.00013629,248.0,1.5145584e+12,0.03385364,2.0,79.0,0.01082063,0.0
1934,1.5145584e+12,0.00013629,0.00013629,0.00013629,0.00013629,0.0,1.5145587e+12,0.0,0.0,0.0,0.0,0.0
1935,1.5145587e+12,0.00013664,0.00013664,0.00013664,0.00013664,839.0,1.514559e+12,0.11464096,1.0,839.0,0.11464096,0.0
1936,1.514559e+12,0.00013629,0.00013629,0.00013629,0.00013629,1.0,1.5145593e+12,0.00013629,1.0,0.0,0.0,0.0
1937,1.5145593e+12,0.000135,0.00013528,0.0001335,0.0001335,5963.0,1.5145596e+12,0.80090616,25.0,3313.0,0.44598472,0.0
1938,1.5145596e+12,0.00013358,0.00013487,0.00013335,0.00013473,747.0,1.5145599e+12,0.10020605,4.0,368.0,0.04958176,0.0
1939,1.5145599e+12,0.00013473,0.00013473,0.00013328,0.00013328,410.0,1.5145602e+12,0.05514123,4.0,336.0,0.04526928,0.0
1940,1.5145602e+12,0.00013473,0.00013473,0.00013455,0.00013455,1173.0,1.5145605e+12,0.15782769,2.0,3.0,0.00040419,0.0
1941,1.5145605e+12,0.00013567,0.00013592,0.0001352,0.0001352,8337.0,1.5145608e+12,1.12790639,11.0,5343.0,0.72306689,0.0
1942,1.5145608e+12,0.0001352,0.0001352,0.00013515,0.0001352,3206.0,1.5145611e+12,0.43340075,7.0,2997.0,0.4051544,0.0
1943,1.5145611e+12,0.00013527,0.00013785,0.00013527,0.00013535,912.0,1.5145614e+12,0.12354061,4.0,11.0,0.00151635,0.0
1944,1.5145614e+12,0.00013538,0.0001358,0.00013538,0.0001358,1209.0,1.5145617e+12,0.16392464,5.0,0.0,0.0,0.0
1945,1.5145617e+12,0.00013581,0.0001371,0.00013581,0.0001371,441.0,1.514562e+12,0.06045078,7.0,127.0,0.0174117,0.0
1946,1.514562e+12,0.0001371,0.000139,0.0001371,0.00013884,2183.0,1.5145623e+12,0.30124301,11.0,956.0,0.13242371,0.0
1947,1.5145623e+12,0.00013814,0.00013989,0.00013637,0.00013637,3670.0,1.5145626e+12,0.50700927,16.0,3663.0,0.50605468,0.0
1948,1.5145626e+12,0.00013679,0.00013982,0.00013608,0.00013611,1621.0,1.5145629e+12,0.2232759,16.0,166.0,0.02295732,0.0
1949,1.5145629e+12,0.000137,0.00013971,0.00013585,0.00013971,1356.0,1.5145632e+12,0.18875014,9.0,1211.0,0.16904796,0.0
1950,1.5145632e+12,0.00013969,0.00013999,0.00013671,0.00013999,3094.0,1.5145635e+12,0.43262437,13.0,3060.0,0.42797249,0.0
1951,1.5145635e+12,0.00014,0.00014,0.00013839,0.0001385,2241.0,1.5145638e+12,0.31072172,19.0,145.0,0.0203,0.0
1952,1.5145638e+12,0.00013847,0.00013847,0.00013847,0.00013847,547.0,1.5145641e+12,0.07574309,5.0,547.0,0.07574309,0.0
1953,1.5145641e+12,0.00013846,0.00013847,0.00013707,0.0001372,2494.0,1.5145644e+12,0.34327325,10.0,1201.0,0.16593411,0.0
1954,1.5145644e+12,0.0001372,0.0001383,0.00013613,0.00013799,2587.0,1.5145647e+12,0.35570039,16.0,1710.0,0.23605786,0.0
1955,1.5145647e+12,0.0001375,0.0001375,0.0001375,0.0001375,1210.0,1.514565e+12,0.166375,3.0,1210.0,0.166375,0.0
1956,1.514565e+12,0.0001375,0.0001375,0.00013644,0.0001375,2279.0,1.5145653e+12,0.3130415,7.0,1979.0,0.2721095,0.0
1957,1.5145653e+12,0.00013774,0.00013778,0.00013774,0.00013778,811.0,1.5145656e+12,0.11172346,2.0,0.0,0.0,0.0
1958,1.5145656e+12,0.00013942,0.0001405,0.00013853,0.00013853,1564.0,1.5145659e+12,0.21841373,17.0,1344.0,0.18793713,0.0
1959,1.5145659e+12,0.00014049,0.00014049,0.00014,0.00014049,314.0,1.5145662e+12,0.04400983,6.0,159.0,0.02230983,0.0
1960,1.5145662e+12,0.00014049,0.0001405,0.00013902,0.00013905,4043.0,1.5145665e+12,0.56753577,20.0,821.0,0.11531952,0.0
1961,1.5145665e+12,0.00013905,0.00013905,0.00013905,0.00013905,320.0,1.5145668e+12,0.044496,2.0,0.0,0.0,0.0
1962,1.5145668e+12,0.00013902,0.00013902,0.000139,0.000139,1665.0,1.5145671e+12,0.2314503,3.0,0.0,0.0,0.0
1963,1.5145671e+12,0.000139,0.000139,0.000139,0.000139,16.0,1.5145674e+12,0.002224,2.0,0.0,0.0,0.0
1964,1.5145674e+12,0.00014046,0.00014046,0.000139,0.000139,219.0,1.5145677e+12,0.03044246,3.0,1.0,0.00014046,0.0
1965,1.5145677e+12,0.000139,0.000139,0.000139,0.000139,0.0,1.514568e+12,0.0,0.0,0.0,0.0,0.0
1966,1.514568e+12,0.000139,0.000139,0.000139,0.000139,500.0,1.5145683e+12,0.0695,4.0,0.0,0.0,0.0
1967,1.5145683e+12,0.000139,0.000139,0.00013658,0.00013888,1735.0,1.5145686e+12,0.23775242,8.0,8.0,0.00111104,0.0
1968,1.5145686e+12,0.00013853,0.00013853,0.00013853,0.00013853,40.0,1.5145689e+12,0.0055412,2.0,40.0,0.0055412,0.0
1969,1.5145689e+12,0.00013853,0.00013853,0.00013853,0.00013853,29.0,1.5145692e+12,0.00401737,2.0,29.0,0.00401737,0.0
1970,1.5145692e+12,0.00013853,0.00013999,0.00013853,0.00013999,72.0,1.5145695e+12,0.01005481,3.0,72.0,0.01005481,0.0
1971,1.5145695e+12,0.00013999,0.0001405,0.00013999,0.0001405,554.0,1.5145698e+12,0.07782884,4.0,554.0,0.07782884,0.0
1972,1.5145698e+12,0.0001405,0.0001405,0.0001405,0.0001405,0.0,1.5145701e+12,0.0,0.0,0.0,0.0,0.0
1973,1.5145701e+12,0.0001405,0.0001405,0.0001405,0.0001405,0.0,1.5145704e+12,0.0,0.0,0.0,0.0,0.0
1974,1.5145704e+12,0.000139,0.000139,0.000139,0.000139,74.0,1.5145707e+12,0.010286,2.0,74.0,0.010286,0.0
1975,1.5145707e+12,0.00013997,0.00013997,0.00013997,0.00013997,13.0,1.514571e+12,0.00181961,2.0,13.0,0.00181961,0.0
1976,1.514571e+12,0.00013796,0.00013799,0.00013795,0.00013798,1048.0,1.5145713e+12,0.14459995,8.0,14.0,0.00193172,0.0
1977,1.5145713e+12,0.00013795,0.00013795,0.00013542,0.00013542,5381.0,1.5145716e+12,0.73252059,26.0,734.0,0.09969188,0.0
1978,1.5145716e+12,0.00013549,0.00013549,0.00013549,0.00013549,162.0,1.5145719e+12,0.02194938,6.0,162.0,0.02194938,0.0
1979,1.5145719e+12,0.00013549,0.00013549,0.00013549,0.00013549,351.0,1.5145722e+12,0.04755699,4.0,351.0,0.04755699,0.0
1980,1.5145722e+12,0.00013555,0.00013555,0.00013555,0.00013555,927.0,1.5145725e+12,0.12565485,5.0,13.0,0.00176215,0.0
1981,1.5145725e+12,0.00013555,0.00013555,0.00013238,0.00013238,3312.0,1.5145728e+12,0.44328269,12.0,10.0,0.0013555,0.0
1982,1.5145728e+12,0.00013323,0.00013323,0.00013238,0.00013238,54.0,1.5145731e+12,0.00719357,4.0,53.0,0.00706119,0.0
1983,1.5145731e+12,0.00013323,0.00013323,0.00013323,0.00013323,344.0,1.5145734e+12,0.04583112,3.0,91.0,0.01212393,0.0
1984,1.5145734e+12,0.00013326,0.00013538,0.00013326,0.00013538,259.0,1.5145737e+12,0.03489594,2.0,180.0,0.0243684,0.0
1985,1.5145737e+12,0.00013494,0.00013495,0.00013492,0.00013493,2129.0,1.514574e+12,0.28728893,4.0,2129.0,0.28728893,0.0
1986,1.514574e+12,0.00013554,0.00013554,0.00013554,0.00013554,23.0,1.5145743e+12,0.00311742,1.0,23.0,0.00311742,0.0
1987,1.5145743e+12,0.00013554,0.00013554,0.00013554,0.00013554,363.0,1.5145746e+12,0.04920102,6.0,363.0,0.04920102,0.0
1988,1.5145746e+12,0.00013554,0.00013554,0.00013554,0.00013554,9.0,1.5145749e+12,0.00121986,2.0,9.0,0.00121986,0.0
1989,1.5145749e+12,0.00013554,0.00013554,0.00013554,0.00013554,0.0,1.5145752e+12,0.0,0.0,0.0,0.0,0.0
1990,1.5145752e+12,0.00013554,0.00013554,0.00013554,0.00013554,0.0,1.5145755e+12,0.0,0.0,0.0,0.0,0.0
1991,1.5145755e+12,0.00013554,0.00013554,0.00013554,0.00013554,10.0,1.5145758e+12,0.0013554,1.0,10.0,0.0013554,0.0
1992,1.5145758e+12,0.000136,0.000136,0.00013365,0.00013365,140.0,1.5145761e+12,0.0188849,2.0,74.0,0.010064,0.0
1993,1.5145761e+12,0.00013424,0.00013424,0.00013424,0.00013424,517.0,1.5145764e+12,0.06940208,1.0,0.0,0.0,0.0
1994,1.5145764e+12,0.00013424,0.00013436,0.00013424,0.00013436,2108.0,1.5145767e+12,0.28311292,5.0,1741.0,0.2338028,0.0
1995,1.5145767e+12,0.000136,0.000136,0.0001337,0.0001337,4188.0,1.514577e+12,0.56181137,12.0,1447.0,0.19441344,0.0
1996,1.514577e+12,0.00013371,0.00013572,0.00013366,0.00013366,875.0,1.5145773e+12,0.11700164,5.0,5.0,0.0006786,0.0
1997,1.5145773e+12,0.00013372,0.00013509,0.00013366,0.00013498,1063.0,1.5145776e+12,0.14219299,6.0,63.0,0.00850407,0.0
1998,1.5145776e+12,0.00013495,0.00013496,0.0001347,0.0001347,1832.0,1.5145779e+12,0.2472309,3.0,1810.0,0.2442675,0.0
1999,1.5145779e+12,0.0001347,0.0001347,0.0001347,0.0001347,0.0,1.5145782e+12,0.0,0.0,0.0,0.0,0.0
2000,1.5145782e+12,0.00013499,0.00013499,0.00013499,0.00013499,147.0,1.5145785e+12,0.01984353,1.0,147.0,0.01984353,0.0
2001,1.5145785e+12,0.000135,0.000136,0.00013499,0.00013499,4199.0,1.5145788e+12,0.57009388,20.0,1349.0,0.182658,0.0
2002,1.5145788e+12,0.00013499,0.00013499,0.00013472,0.00013472,999.0,1.5145791e+12,0.13461086,4.0,37.0,0.00499463,0.0
2003,1.5145791e+12,0.000136,0.000136,0.000136,0.000136,19.0,1.5145794e+12,0.002584,1.0,19.0,0.002584,0.0
2004,1.5145794e+12,0.000136,0.000136,0.000136,0.000136,0.0,1.5145797e+12,0.0,0.0,0.0,0.0,0.0
2005,1.5145797e+12,0.000136,0.000136,0.000136,0.000136,0.0,1.51458e+12,0.0,0.0,0.0,0.0,0.0
2006,1.51458e+12,0.000136,0.000136,0.000136,0.000136,0.0,1.5145803e+12,0.0,0.0,0.0,0.0,0.0
2007,1.5145803e+12,0.000136,0.000136,0.000136,0.000136,0.0,1.5145806e+12,0.0,0.0,0.0,0.0,0.0
2008,1.5145806e+12,0.00013554,0.00013554,0.00013542,0.00013542,334.0,1.5145809e+12,0.04525068,3.0,334.0,0.04525068,0.0
2009,1.5145809e+12,0.00013499,0.00013499,0.00013345,0.00013345,160.0,1.5145812e+12,0.02140689,3.0,0.0,0.0,0.0
2010,1.5145812e+12,0.00013345,0.00013345,0.00013345,0.00013345,0.0,1.5145815e+12,0.0,0.0,0.0,0.0,0.0
2011,1.5145815e+12,0.00013345,0.00013345,0.00013345,0.00013345,0.0,1.5145818e+12,0.0,0.0,0.0,0.0,0.0
2012,1.5145818e+12,0.00013345,0.00013345,0.00013345,0.00013345,0.0,1.5145821e+12,0.0,0.0,0.0,0.0,0.0
2013,1.5145821e+12,0.00013349,0.00013512,0.00013343,0.00013512,2381.0,1.5145824e+12,0.31777916,9.0,2.0,0.00027024,0.0
2014,1.5145824e+12,0.0001348,0.0001348,0.0001348,0.0001348,1526.0,1.5145827e+12,0.2057048,2.0,800.0,0.10784,0.0
2015,1.5145827e+12,0.0001348,0.0001348,0.0001348,0.0001348,0.0,1.514583e+12,0.0,0.0,0.0,0.0,0.0
2016,1.514583e+12,0.0001348,0.0001348,0.0001348,0.0001348,14.0,1.5145833e+12,0.0018872,2.0,6.0,0.0008088,0.0
2017,1.5145833e+12,0.00013462,0.00013462,0.00013461,0.00013461,84.0,1.5145836e+12,0.01130756,3.0,0.0,0.0,0.0
2018,1.5145836e+12,0.0001346,0.0001346,0.0001346,0.0001346,93.0,1.5145839e+12,0.0125178,2.0,0.0,0.0,0.0
2019,1.5145839e+12,0.0001346,0.0001346,0.0001346,0.0001346,8.0,1.5145842e+12,0.0010768,1.0,0.0,0.0,0.0
2020,1.5145842e+12,0.0001346,0.0001346,0.0001346,0.0001346,0.0,1.5145845e+12,0.0,0.0,0.0,0.0,0.0
2021,1.5145845e+12,0.0001346,0.0001346,0.0001346,0.0001346,25.0,1.5145848e+12,0.003365,1.0,0.0,0.0,0.0
2022,1.5145848e+12,0.000135,0.000135,0.00013461,0.00013461,503.0,1.5145851e+12,0.0678075,3.0,253.0,0.034155,0.0
2023,1.5145851e+12,0.000135,0.000135,0.000135,0.000135,5.0,1.5145854e+12,0.000675,1.0,5.0,0.000675,0.0
2024,1.5145854e+12,0.000135,0.000135,0.000135,0.000135,688.0,1.5145857e+12,0.09288,7.0,515.0,0.069525,0.0
2025,1.5145857e+12,0.000135,0.000135,0.000135,0.000135,25.0,1.514586e+12,0.003375,2.0,25.0,0.003375,0.0
2026,1.514586e+12,0.000135,0.000135,0.000135,0.000135,0.0,1.5145863e+12,0.0,0.0,0.0,0.0,0.0
2027,1.5145863e+12,0.000135,0.000135,0.000135,0.000135,9.0,1.5145866e+12,0.001215,1.0,9.0,0.001215,0.0
2028,1.5145866e+12,0.00013462,0.00013462,0.00013462,0.00013462,5.0,1.5145869e+12,0.0006731,1.0,0.0,0.0,0.0
2029,1.5145869e+12,0.000135,0.000135,0.000135,0.000135,16.0,1.5145872e+12,0.00216,1.0,16.0,0.00216,0.0
2030,1.5145872e+12,0.000135,0.000135,0.000135,0.000135,82.0,1.5145875e+12,0.01107,1.0,82.0,0.01107,0.0
2031,1.5145875e+12,0.00013462,0.00013462,0.00013461,0.00013461,608.0,1.5145878e+12,0.08184417,3.0,0.0,0.0,0.0
2032,1.5145878e+12,0.000135,0.000135,0.000135,0.000135,94.0,1.5145881e+12,0.01269,1.0,94.0,0.01269,0.0
2033,1.5145881e+12,0.000135,0.000135,0.000135,0.000135,0.0,1.5145884e+12,0.0,0.0,0.0,0.0,0.0
2034,1.5145884e+12,0.00013499,0.000135,0.00013499,0.000135,741.0,1.5145887e+12,0.10003425,2.0,741.0,0.10003425,0.0
2035,1.5145887e+12,0.00013469,0.00013469,0.00013468,0.00013468,14.0,1.514589e+12,0.00188562,2.0,0.0,0.0,0.0
2036,1.514589e+12,0.00013468,0.000135,0.00013468,0.000135,24.0,1.5145893e+12,0.00323456,2.0,7.0,0.000945,0.0
2037,1.5145893e+12,0.000135,0.00013519,0.000135,0.00013519,2015.0,1.5145896e+12,0.27233907,8.0,2015.0,0.27233907,0.0
2038,1.5145896e+12,0.00013542,0.00013542,0.00013461,0.00013518,4119.0,1.5145899e+12,0.55708497,10.0,1070.0,0.1446426,0.0
2039,1.5145899e+12,0.00013539,0.00013539,0.00013238,0.00013238,9851.0,1.5145902e+12,1.32351934,31.0,2314.0,0.3130842,0.0
2040,1.5145902e+12,0.00013238,0.00013424,0.00013238,0.00013424,336.0,1.5145905e+12,0.04454104,5.0,42.0,0.00562023,0.0
2041,1.5145905e+12,0.00013239,0.00013359,0.00013239,0.00013239,800.0,1.5145908e+12,0.10632,7.0,340.0,0.0454206,0.0
2042,1.5145908e+12,0.00013239,0.00013318,0.00013239,0.00013239,1809.0,1.5145911e+12,0.23950931,6.0,20.0,0.0026636,0.0
2043,1.5145911e+12,0.00013302,0.00013302,0.00013301,0.00013302,3192.0,1.5145914e+12,0.42458946,12.0,3192.0,0.42458946,0.0
2044,1.5145914e+12,0.00013302,0.00013302,0.00013302,0.00013302,1747.0,1.5145917e+12,0.23238594,7.0,1747.0,0.23238594,0.0
2045,1.5145917e+12,0.00013302,0.00013302,0.00013302,0.00013302,336.0,1.514592e+12,0.04469472,6.0,336.0,0.04469472,0.0
2046,1.514592e+12,0.00013302,0.00013302,0.00013241,0.00013302,10833.0,1.5145923e+12,1.43991864,14.0,9051.0,1.20396402,0.0
2047,1.5145923e+12,0.00013302,0.00013302,0.00013242,0.00013242,7793.0,1.5145926e+12,1.03662006,20.0,7785.0,1.0355607,0.0
2048,1.5145926e+12,0.0001325,0.0001325,0.00013242,0.00013242,493.0,1.5145929e+12,0.06528378,3.0,0.0,0.0,0.0
2049,1.5145929e+12,0.00013241,0.00013242,0.00013241,0.00013241,2201.0,1.5145932e+12,0.29143538,5.0,97.0,0.01284474,0.0
2050,1.5145932e+12,0.00013242,0.00013242,0.00013242,0.00013242,140.0,1.5145935e+12,0.0185388,4.0,140.0,0.0185388,0.0
2051,1.5145935e+12,0.00013242,0.00013242,0.00013242,0.00013242,431.0,1.5145938e+12,0.05707302,3.0,431.0,0.05707302,0.0
2052,1.5145938e+12,0.0001326,0.00013369,0.00013241,0.00013369,5015.0,1.5145941e+12,0.66424805,9.0,15.0,0.00200535,0.0
2053,1.5145941e+12,0.00013329,0.00013329,0.00013239,0.00013239,14.0,1.5145944e+12,0.00185976,2.0,7.0,0.00093303,0.0
2054,1.5145944e+12,0.00013239,0.00013301,0.00013239,0.00013301,875.0,1.5145947e+12,0.11622627,3.0,621.0,0.08259921,0.0
2055,1.5145947e+12,0.00013301,0.00013301,0.00013301,0.00013301,305.0,1.514595e+12,0.04056805,5.0,305.0,0.04056805,0.0
2056,1.514595e+12,0.00013239,0.00013239,0.00013238,0.00013238,1673.0,1.5145953e+12,0.22147786,5.0,0.0,0.0,0.0
2057,1.5145953e+12,0.00013301,0.00013301,0.000132,0.00013208,2439.0,1.5145956e+12,0.32271523,13.0,161.0,0.02133442,0.0
2058,1.5145956e+12,0.00013203,0.00013239,0.00013027,0.00013028,6037.0,1.5145959e+12,0.79032476,28.0,2470.0,0.32375958,0.0
2059,1.5145959e+12,0.00013028,0.00013028,0.00013028,0.00013028,0.0,1.5145962e+12,0.0,0.0,0.0,0.0,0.0
2060,1.5145962e+12,0.00013029,0.00013029,0.00013028,0.00013028,5965.0,1.5145965e+12,0.77714244,16.0,0.0,0.0,0.0
2061,1.5145965e+12,0.00013131,0.00013131,0.00013131,0.00013131,97.0,1.5145968e+12,0.01273707,2.0,97.0,0.01273707,0.0
2062,1.5145968e+12,0.00013113,0.00013113,0.00013028,0.00013028,1821.0,1.5145971e+12,0.23790598,6.0,821.0,0.10762468,0.0
2063,1.5145971e+12,0.00013028,0.00013076,0.00013028,0.00013076,1636.0,1.5145974e+12,0.21377948,8.0,1263.0,0.16513214,0.0
2064,1.5145974e+12,0.0001308,0.00013225,0.0001308,0.00013088,1249.0,1.5145977e+12,0.16356122,5.0,1219.0,0.15963482,0.0
2065,1.5145977e+12,0.00013088,0.00013196,0.00013077,0.00013189,1112.0,1.514598e+12,0.14564273,4.0,112.0,0.01477252,0.0
2066,1.514598e+12,0.00013189,0.00013189,0.00013189,0.00013189,0.0,1.5145983e+12,0.0,0.0,0.0,0.0,0.0
2067,1.5145983e+12,0.00013085,0.00013086,0.00013076,0.00013086,2476.0,1.5145986e+12,0.32380683,10.0,1366.0,0.17866143,0.0
2068,1.5145986e+12,0.00013086,0.00013087,0.00013074,0.00013087,2995.0,1.5145989e+12,0.3918012,19.0,1867.0,0.24432144,0.0
2069,1.5145989e+12,0.00013087,0.00013214,0.00013085,0.00013085,2448.0,1.5145992e+12,0.32040826,15.0,1501.0,0.19649331,0.0
2070,1.5145992e+12,0.00013074,0.00013198,0.0001303,0.00013032,4320.0,1.5145995e+12,0.56370099,14.0,498.0,0.06503371,0.0
2071,1.5145995e+12,0.00013032,0.00013032,0.00013028,0.00013032,7529.0,1.5145998e+12,0.98102522,13.0,1528.0,0.1991098,0.0
2072,1.5145998e+12,0.00013027,0.00013027,0.00013027,0.00013027,203.0,1.5146001e+12,0.02644481,1.0,0.0,0.0,0.0
2073,1.5146001e+12,0.00013183,0.00013183,0.00013036,0.00013036,1081.0,1.5146004e+12,0.14209981,4.0,681.0,0.08976381,0.0
2074,1.5146004e+12,0.00013036,0.00013186,0.00013036,0.00013186,628.0,1.5146007e+12,0.08274508,2.0,628.0,0.08274508,0.0
2075,1.5146007e+12,0.00013163,0.00013167,0.00013032,0.00013032,1503.0,1.514601e+12,0.19737606,5.0,1054.0,0.13876486,0.0
2076,1.514601e+12,0.00013159,0.00013526,0.00013159,0.00013526,8021.0,1.5146013e+12,1.05848205,19.0,3719.0,0.49082705,0.0
2077,1.5146013e+12,0.000133,0.000133,0.000133,0.000133,50.0,1.5146016e+12,0.00665,1.0,50.0,0.00665,0.0
2078,1.5146016e+12,0.00013205,0.00013299,0.00013205,0.00013299,1518.0,1.5146019e+12,0.20103564,3.0,621.0,0.08258679,0.0
2079,1.5146019e+12,0.00013254,0.00013264,0.00013254,0.00013264,1820.0,1.5146022e+12,0.24128312,4.0,1820.0,0.24128312,0.0
2080,1.5146022e+12,0.00013271,0.00013271,0.00013079,0.00013079,2224.0,1.5146025e+12,0.29362743,9.0,0.0,0.0,0.0
2081,1.5146025e+12,0.00013237,0.00013237,0.00013079,0.00013079,4092.0,1.5146028e+12,0.53687911,6.0,621.0,0.08220177,0.0
2082,1.5146028e+12,0.00013079,0.00013201,0.00013078,0.00013201,3725.0,1.5146031e+12,0.49010157,16.0,2315.0,0.30546579,0.0
2083,1.5146031e+12,0.0001319,0.00013201,0.00013078,0.00013199,5405.0,1.5146034e+12,0.70913459,12.0,2257.0,0.29740974,0.0
2084,1.5146034e+12,0.00013084,0.00013199,0.00013,0.00013,19511.0,1.5146037e+12,2.54919824,34.0,527.0,0.068914,0.0
2085,1.5146037e+12,0.00013,0.00013,0.00012918,0.00012978,4964.0,1.514604e+12,0.64270294,17.0,4012.0,0.51942634,0.0
2086,1.514604e+12,0.00012912,0.00012953,0.000129,0.00012953,15126.0,1.5146043e+12,1.95375031,27.0,1891.0,0.24490538,0.0
2087,1.5146043e+12,0.00012953,0.00012953,0.00012902,0.00012902,4231.0,1.5146046e+12,0.54727295,19.0,7.0,0.00090314,0.0
2088,1.5146046e+12,0.00012952,0.00012953,0.0001295,0.00012953,5940.0,1.5146049e+12,0.76936618,17.0,5600.0,0.72533618,0.0
2089,1.5146049e+12,0.00012953,0.0001296,0.00012953,0.0001296,2769.0,1.5146052e+12,0.35871555,11.0,2035.0,0.26363744,0.0
2090,1.5146052e+12,0.00012964,0.000131,0.00012964,0.00012975,514.0,1.5146055e+12,0.06679159,4.0,113.0,0.01479484,0.0
2091,1.5146055e+12,0.00012976,0.00012977,0.00012976,0.00012977,105.0,1.5146058e+12,0.0136258,3.0,0.0,0.0,0.0
2092,1.5146058e+12,0.00013089,0.00013089,0.00012965,0.00012965,1949.0,1.5146061e+12,0.25300346,13.0,574.0,0.07460558,0.0
2093,1.5146061e+12,0.00012969,0.00012969,0.00012964,0.00012969,4179.0,1.5146064e+12,0.54183938,13.0,574.0,0.07444206,0.0
2094,1.5146064e+12,0.00012964,0.00013046,0.00012954,0.00012955,1298.0,1.5146067e+12,0.16829202,17.0,93.0,0.01210275,0.0
2095,1.5146067e+12,0.00012955,0.00012955,0.00012953,0.00012953,6201.0,1.514607e+12,0.80328037,30.0,0.0,0.0,0.0
2096,1.514607e+12,0.00012953,0.00012953,0.00012953,0.00012953,2480.0,1.5146073e+12,0.3212344,11.0,0.0,0.0,0.0
2097,1.5146073e+12,0.00012907,0.00012907,0.00012907,0.00012907,414.0,1.5146076e+12,0.05343498,3.0,0.0,0.0,0.0
2098,1.5146076e+12,0.00012907,0.00012907,0.00012907,0.00012907,0.0,1.5146079e+12,0.0,0.0,0.0,0.0,0.0
2099,1.5146079e+12,0.00012909,0.00012909,0.00012909,0.00012909,428.0,1.5146082e+12,0.05525052,1.0,0.0,0.0,0.0
2100,1.5146082e+12,0.00012953,0.00013018,0.00012907,0.00012941,3277.0,1.5146085e+12,0.4238361,16.0,721.0,0.0937835,0.0
2101,1.5146085e+12,0.00012941,0.00013095,0.00012907,0.00012907,3515.0,1.5146088e+12,0.4558388,9.0,1397.0,0.18205005,0.0
2102,1.5146088e+12,0.00012915,0.00012915,0.00012906,0.00012906,8586.0,1.5146091e+12,1.10817226,40.0,5490.0,0.7085394,0.0
2103,1.5146091e+12,0.00012906,0.00012912,0.00012904,0.00012912,2345.0,1.5146094e+12,0.30265104,8.0,2270.0,0.29297304,0.0
2104,1.5146094e+12,0.00012913,0.00012913,0.00012913,0.00012913,349.0,1.5146097e+12,0.04506637,1.0,0.0,0.0,0.0
2105,1.5146097e+12,0.00012913,0.00012913,0.00012913,0.00012913,0.0,1.51461e+12,0.0,0.0,0.0,0.0,0.0
2106,1.51461e+12,0.00013068,0.0001308,0.00013068,0.0001308,1909.0,1.5146103e+12,0.24952728,8.0,1909.0,0.24952728,0.0
2107,1.5146103e+12,0.00013079,0.00013079,0.00013079,0.00013079,13.0,1.5146106e+12,0.00170027,1.0,13.0,0.00170027,0.0
2108,1.5146106e+12,0.00013079,0.00013079,0.00013079,0.00013079,507.0,1.5146109e+12,0.06631053,2.0,507.0,0.06631053,0.0
2109,1.5146109e+12,0.00012998,0.00012998,0.00012998,0.00012998,8.0,1.5146112e+12,0.00103984,1.0,0.0,0.0,0.0
2110,1.5146112e+12,0.00013001,0.00013001,0.00013001,0.00013001,71.0,1.5146115e+12,0.00923071,2.0,0.0,0.0,0.0
2111,1.5146115e+12,0.00013003,0.00013014,0.00013003,0.00013014,369.0,1.5146118e+12,0.04801407,2.0,0.0,0.0,0.0
2112,1.5146118e+12,0.00013079,0.00013079,0.00013079,0.00013079,40.0,1.5146121e+12,0.0052316,1.0,40.0,0.0052316,0.0
2113,1.5146121e+12,0.00013015,0.00013015,0.00013001,0.00013001,461.0,1.5146124e+12,0.05997749,4.0,0.0,0.0,0.0
2114,1.5146124e+12,0.00013016,0.00013077,0.00013001,0.00013001,1947.0,1.5146127e+12,0.25364777,5.0,383.0,0.05008491,0.0
2115,1.5146127e+12,0.00013003,0.00013003,0.00013002,0.00013002,1500.0,1.514613e+12,0.19503621,2.0,0.0,0.0,0.0
2116,1.514613e+12,0.00013004,0.00013005,0.00013002,0.00013004,991.0,1.5146133e+12,0.12886386,4.0,597.0,0.07763388,0.0
2117,1.5146133e+12,0.00013004,0.00013004,0.00013,0.00013,1259.0,1.5146136e+12,0.16370339,9.0,0.0,0.0,0.0
2118,1.5146136e+12,0.00013,0.00013081,0.00013,0.00013081,4906.0,1.5146139e+12,0.64158922,10.0,4760.0,0.62260922,0.0
2119,1.5146139e+12,0.00013081,0.00013081,0.00013081,0.00013081,406.0,1.5146142e+12,0.05310886,4.0,0.0,0.0,0.0
2120,1.5146142e+12,0.00013079,0.00013079,0.0001295,0.0001295,241.0,1.5146145e+12,0.03131141,3.0,79.0,0.01033241,0.0
2121,1.5146145e+12,0.0001308,0.00013098,0.00013031,0.00013031,1314.0,1.5146148e+12,0.17208109,4.0,1300.0,0.17025675,0.0
2122,1.5146148e+12,0.00013042,0.00013171,0.00013006,0.00013171,914.0,1.5146151e+12,0.11904323,3.0,15.0,0.00197565,0.0
2123,1.5146151e+12,0.00013,0.00013,0.00012913,0.00012975,4637.0,1.5146154e+12,0.60103221,28.0,753.0,0.09769919,0.0
2124,1.5146154e+12,0.00012971,0.00012971,0.00012971,0.00012971,20.0,1.5146157e+12,0.0025942,2.0,20.0,0.0025942,0.0
2125,1.5146157e+12,0.0001297,0.0001297,0.0001292,0.0001292,152.0,1.514616e+12,0.0197094,2.0,142.0,0.0184174,0.0
2126,1.514616e+12,0.0001292,0.00012949,0.00012904,0.00012949,1454.0,1.5146163e+12,0.18781105,6.0,14.0,0.00181286,0.0
2127,1.5146163e+12,0.00012904,0.00012904,0.000128,0.000128,6566.0,1.5146166e+12,0.8459865,20.0,1122.0,0.14472087,0.0
2128,1.5146166e+12,0.00012927,0.00012927,0.000128,0.000128,747.0,1.5146169e+12,0.09574102,5.0,90.0,0.0116343,0.0
2129,1.5146169e+12,0.00012968,0.00013,0.00012837,0.00012837,1192.0,1.5146172e+12,0.15456631,9.0,698.0,0.09053539,0.0
2130,1.5146172e+12,0.00012837,0.00012837,0.00012837,0.00012837,44.0,1.5146175e+12,0.00564828,2.0,0.0,0.0,0.0
2131,1.5146175e+12,0.00012837,0.00012837,0.00012837,0.00012837,0.0,1.5146178e+12,0.0,0.0,0.0,0.0,0.0
2132,1.5146178e+12,0.00012837,0.00012837,0.00012837,0.00012837,0.0,1.5146181e+12,0.0,0.0,0.0,0.0,0.0
2133,1.5146181e+12,0.00012837,0.00012837,0.00012837,0.00012837,0.0,1.5146184e+12,0.0,0.0,0.0,0.0,0.0
2134,1.5146184e+12,0.00012837,0.00012837,0.00012837,0.00012837,0.0,1.5146187e+12,0.0,0.0,0.0,0.0,0.0
2135,1.5146187e+12,0.00013001,0.00013002,0.00012924,0.00012924,2055.0,1.514619e+12,0.26716574,9.0,2043.0,0.26561486,0.0
2136,1.514619e+12,0.00013001,0.00013002,0.00013001,0.00013002,76.0,1.5146193e+12,0.0098814,3.0,76.0,0.0098814,0.0
2137,1.5146193e+12,0.00013001,0.00013001,0.00013001,0.00013001,626.0,1.5146196e+12,0.08138626,1.0,626.0,0.08138626,0.0
2138,1.5146196e+12,0.00012883,0.00012883,0.00012883,0.00012883,44.0,1.5146199e+12,0.00566852,1.0,0.0,0.0,0.0
2139,1.5146199e+12,0.00012883,0.00012883,0.00012883,0.00012883,0.0,1.5146202e+12,0.0,0.0,0.0,0.0,0.0
2140,1.5146202e+12,0.00013001,0.00013187,0.00013001,0.00013187,3726.0,1.5146205e+12,0.48957673,16.0,3354.0,0.44052109,0.0
2141,1.5146205e+12,0.00013187,0.00013187,0.00012986,0.00012986,540.0,1.5146208e+12,0.07118166,4.0,526.0,0.06936362,0.0
2142,1.5146208e+12,0.0001302,0.00013186,0.0001302,0.00013186,318.0,1.5146211e+12,0.04178208,5.0,228.0,0.03006408,0.0
2143,1.5146211e+12,0.0001302,0.0001302,0.00013008,0.00013008,217.0,1.5146214e+12,0.02823072,2.0,0.0,0.0,0.0
2144,1.5146214e+12,0.00012893,0.000132,0.00012885,0.00012986,3681.0,1.5146217e+12,0.47599445,11.0,2686.0,0.34762395,0.0
2145,1.5146217e+12,0.00013158,0.00013158,0.00013144,0.00013144,151.0,1.514622e+12,0.01985794,2.0,151.0,0.01985794,0.0
2146,1.514622e+12,0.00013118,0.00013119,0.00013118,0.00013119,1026.0,1.5146223e+12,0.13460017,5.0,932.0,0.12226831,0.0
2147,1.5146223e+12,0.00013119,0.00013119,0.00013119,0.00013119,82.0,1.5146226e+12,0.01075758,2.0,0.0,0.0,0.0
2148,1.5146226e+12,0.00013134,0.00013134,0.00012907,0.00013053,3086.0,1.5146229e+12,0.40355697,15.0,2122.0,0.27792549,0.0
2149,1.5146229e+12,0.00012999,0.00012999,0.0001296,0.0001297,423.0,1.5146232e+12,0.05486423,5.0,423.0,0.05486423,0.0
2150,1.5146232e+12,0.00012945,0.0001301,0.00012945,0.0001301,4925.0,1.5146235e+12,0.63889087,11.0,3949.0,0.51254767,0.0
2151,1.5146235e+12,0.0001301,0.00013098,0.0001301,0.00013098,48.0,1.5146238e+12,0.00628616,3.0,48.0,0.00628616,0.0
2152,1.5146238e+12,0.00012959,0.00013005,0.00012959,0.00013005,2303.0,1.5146241e+12,0.29849177,7.0,2000.0,0.25918,0.0
2153,1.5146241e+12,0.00013008,0.00013008,0.0001296,0.0001296,1613.0,1.5146244e+12,0.20940528,3.0,0.0,0.0,0.0
2154,1.5146244e+12,0.00012964,0.00013094,0.00012964,0.00013094,5151.0,1.5146247e+12,0.67174546,16.0,3151.0,0.41246546,0.0
2155,1.5146247e+12,0.00013136,0.00013136,0.00013136,0.00013136,113.0,1.514625e+12,0.01484368,2.0,113.0,0.01484368,0.0
2156,1.514625e+12,0.00013001,0.00013001,0.00013001,0.00013001,200.0,1.5146253e+12,0.026002,1.0,0.0,0.0,0.0
2157,1.5146253e+12,0.00013001,0.00013001,0.00013001,0.00013001,0.0,1.5146256e+12,0.0,0.0,0.0,0.0,0.0
2158,1.5146256e+12,0.00013001,0.00013001,0.00013001,0.00013001,0.0,1.5146259e+12,0.0,0.0,0.0,0.0,0.0
2159,1.5146259e+12,0.00013001,0.00013001,0.00013001,0.00013001,0.0,1.5146262e+12,0.0,0.0,0.0,0.0,0.0
2160,1.5146262e+12,0.00013051,0.00013051,0.00012986,0.00012986,2545.0,1.5146265e+12,0.33133327,7.0,0.0,0.0,0.0
2161,1.5146265e+12,0.00012986,0.00012986,0.00012945,0.00012945,3084.0,1.5146268e+12,0.400439,6.0,49.0,0.00636314,0.0
2162,1.5146268e+12,0.00012984,0.00012984,0.00012984,0.00012984,1067.0,1.5146271e+12,0.13853928,6.0,1067.0,0.13853928,0.0
2163,1.5146271e+12,0.00012984,0.00012984,0.00012885,0.00012885,10041.0,1.5146274e+12,1.29401796,5.0,41.0,0.00532344,0.0
2164,1.5146274e+12,0.00013106,0.00013106,0.00013106,0.00013106,292.0,1.5146277e+12,0.03826952,1.0,292.0,0.03826952,0.0
2165,1.5146277e+12,0.00013079,0.00013079,0.00013079,0.00013079,329.0,1.514628e+12,0.04302991,2.0,329.0,0.04302991,0.0
2166,1.514628e+12,0.00013001,0.00013001,0.00013,0.00013001,2851.0,1.5146283e+12,0.37063633,6.0,108.0,0.01404108,0.0
2167,1.5146283e+12,0.00013001,0.00013079,0.00013,0.00013079,1168.0,1.5146286e+12,0.15212134,5.0,1068.0,0.13912134,0.0
2168,1.5146286e+12,0.00013177,0.00013177,0.00013177,0.00013177,16.0,1.5146289e+12,0.00210832,1.0,16.0,0.00210832,0.0
2169,1.5146289e+12,0.0001312,0.0001312,0.00013112,0.00013112,172.0,1.5146292e+12,0.0225584,3.0,172.0,0.0225584,0.0
2170,1.5146292e+12,0.00013087,0.00013113,0.00013087,0.00013113,1978.0,1.5146295e+12,0.25911096,12.0,1978.0,0.25911096,0.0
2171,1.5146295e+12,0.00013113,0.0001325,0.0001308,0.0001325,3843.0,1.5146298e+12,0.50511214,17.0,2770.0,0.36475054,0.0
2172,1.5146298e+12,0.0001325,0.0001325,0.0001325,0.0001325,300.0,1.5146301e+12,0.03975,2.0,300.0,0.03975,0.0
2173,1.5146301e+12,0.000132,0.000132,0.00013001,0.00013001,3533.0,1.5146304e+12,0.46040544,15.0,0.0,0.0,0.0
2174,1.5146304e+12,0.0001303,0.0001303,0.00012904,0.00013,8692.0,1.5146307e+12,1.13014093,14.0,655.0,0.08533664,0.0
2175,1.5146307e+12,0.0001303,0.0001303,0.0001303,0.0001303,66.0,1.514631e+12,0.0085998,1.0,66.0,0.0085998,0.0
2176,1.514631e+12,0.00013049,0.00013703,0.00013049,0.00013353,7900.0,1.5146313e+12,1.0588366,29.0,6826.0,0.91597526,0.0
2177,1.5146313e+12,0.00013363,0.00013364,0.00013352,0.00013352,3343.0,1.5146316e+12,0.44666272,13.0,502.0,0.06702704,0.0
2178,1.5146316e+12,0.00013302,0.00013302,0.0001317,0.0001317,3575.0,1.5146319e+12,0.47195962,6.0,1273.0,0.16857018,0.0
2179,1.5146319e+12,0.0001317,0.0001317,0.0001317,0.0001317,0.0,1.5146322e+12,0.0,0.0,0.0,0.0,0.0
2180,1.5146322e+12,0.0001317,0.0001317,0.000131,0.000131,999.0,1.5146325e+12,0.1308746,6.0,610.0,0.07991,0.0
2181,1.5146325e+12,0.000131,0.000131,0.000131,0.000131,0.0,1.5146328e+12,0.0,0.0,0.0,0.0,0.0
2182,1.5146328e+12,0.000131,0.000131,0.000131,0.000131,0.0,1.5146331e+12,0.0,0.0,0.0,0.0,0.0
2183,1.5146331e+12,0.00013058,0.00013058,0.00013058,0.00013058,1149.0,1.5146334e+12,0.15003642,6.0,28.0,0.00365624,0.0
2184,1.5146334e+12,0.00013216,0.00013217,0.00013057,0.00013207,2328.0,1.5146337e+12,0.30715342,13.0,1884.0,0.24882514,0.0
2185,1.5146337e+12,0.00013203,0.00013204,0.00013203,0.00013204,757.0,1.514634e+12,0.0999474,3.0,757.0,0.0999474,0.0
2186,1.514634e+12,0.00013204,0.00013204,0.00013204,0.00013204,0.0,1.5146343e+12,0.0,0.0,0.0,0.0,0.0
2187,1.5146343e+12,0.00013204,0.00013204,0.00013204,0.00013204,30.0,1.5146346e+12,0.0039612,1.0,30.0,0.0039612,0.0
2188,1.5146346e+12,0.00013202,0.00013204,0.00013202,0.00013204,3629.0,1.5146349e+12,0.47914553,11.0,3305.0,0.43636457,0.0
2189,1.5146349e+12,0.00013204,0.00013204,0.00013204,0.00013204,0.0,1.5146352e+12,0.0,0.0,0.0,0.0,0.0
2190,1.5146352e+12,0.0001321,0.00013253,0.0001316,0.0001316,3548.0,1.5146355e+12,0.46814077,14.0,511.0,0.06772153,0.0
2191,1.5146355e+12,0.00013167,0.00013244,0.00013167,0.00013242,2155.0,1.5146358e+12,0.28538157,13.0,2120.0,0.28075812,0.0
2192,1.5146358e+12,0.00013252,0.00013253,0.00013098,0.00013253,10387.0,1.5146361e+12,1.37105644,54.0,6571.0,0.87074819,0.0
2193,1.5146361e+12,0.00013253,0.00013253,0.00013253,0.00013253,333.0,1.5146364e+12,0.04413249,1.0,333.0,0.04413249,0.0
2194,1.5146364e+12,0.00013252,0.00013253,0.0001318,0.0001325,2854.0,1.5146367e+12,0.37765207,7.0,2147.0,0.28446947,0.0
2195,1.5146367e+12,0.0001323,0.0001324,0.0001323,0.0001324,710.0,1.514637e+12,0.0939346,4.0,710.0,0.0939346,0.0
2196,1.514637e+12,0.00013109,0.0001318,0.0001307,0.00013082,4792.0,1.5146373e+12,0.62689761,8.0,100.0,0.01318,0.0
2197,1.5146373e+12,0.0001307,0.0001315,0.00013004,0.00013147,6462.0,1.5146376e+12,0.84465175,17.0,2373.0,0.3119506,0.0
2198,1.5146376e+12,0.00013147,0.00013147,0.00013003,0.00013003,4759.0,1.5146379e+12,0.61966896,19.0,530.0,0.06947834,0.0
2199,1.5146379e+12,0.00013069,0.000131,0.00013008,0.00013008,4608.0,1.5146382e+12,0.60176754,13.0,2992.0,0.39118244,0.0
2200,1.5146382e+12,0.00013029,0.00013029,0.00013028,0.00013028,256.0,1.5146385e+12,0.0333518,2.0,0.0,0.0,0.0
2201,1.5146385e+12,0.00013191,0.0001324,0.00013191,0.00013239,3308.0,1.5146388e+12,0.4370503,10.0,3308.0,0.4370503,0.0
2202,1.5146388e+12,0.00013239,0.00013239,0.0001321,0.0001321,900.0,1.5146391e+12,0.11908488,7.0,334.0,0.04421826,0.0
2203,1.5146391e+12,0.00013194,0.00013239,0.00013068,0.00013238,1186.0,1.5146394e+12,0.15675073,6.0,897.0,0.11874583,0.0
2204,1.5146394e+12,0.00013239,0.00013252,0.00013239,0.00013239,3549.0,1.5146397e+12,0.46986307,8.0,2957.0,0.39148819,0.0
2205,1.5146397e+12,0.00013239,0.00013253,0.00013108,0.00013253,4259.0,1.51464e+12,0.56419571,15.0,983.0,0.13026716,0.0
2206,1.51464e+12,0.00013253,0.00013253,0.00013253,0.00013253,0.0,1.5146403e+12,0.0,0.0,0.0,0.0,0.0
2207,1.5146403e+12,0.00013365,0.00013475,0.00013365,0.00013374,2574.0,1.5146406e+12,0.34422179,9.0,1000.0,0.13371883,0.0
2208,1.5146406e+12,0.00013373,0.00013606,0.00013373,0.00013606,1514.0,1.5146409e+12,0.20540582,7.0,1293.0,0.17585149,0.0
2209,1.5146409e+12,0.00013606,0.000137,0.00013377,0.000137,4087.0,1.5146412e+12,0.55914718,9.0,975.0,0.13355311,0.0
2210,1.5146412e+12,0.00013443,0.00013693,0.00013443,0.00013693,1077.0,1.5146415e+12,0.14595301,9.0,408.0,0.05586411,0.0
2211,1.5146415e+12,0.00013513,0.00013692,0.00013237,0.00013308,5559.0,1.5146418e+12,0.75552312,16.0,1325.0,0.18043922,0.0
2212,1.5146418e+12,0.000135,0.00013634,0.000135,0.00013634,247.0,1.5146421e+12,0.03344282,3.0,247.0,0.03344282,0.0
2213,1.5146421e+12,0.00013634,0.00013699,0.00013634,0.00013699,795.0,1.5146424e+12,0.10843899,4.0,795.0,0.10843899,0.0
2214,1.5146424e+12,0.00013699,0.00013699,0.00013699,0.00013699,426.0,1.5146427e+12,0.05835774,3.0,351.0,0.04808349,0.0
2215,1.5146427e+12,0.000137,0.00013703,0.000137,0.000137,4979.0,1.514643e+12,0.68220257,15.0,1848.0,0.25320306,0.0
2216,1.514643e+12,0.000137,0.00013777,0.00013438,0.00013777,2558.0,1.5146433e+12,0.35102422,17.0,493.0,0.06785366,0.0
2217,1.5146433e+12,0.00013778,0.00013799,0.00013475,0.00013799,2383.0,1.5146436e+12,0.32841653,13.0,2006.0,0.27670374,0.0
2218,1.5146436e+12,0.00013799,0.0001389,0.00013704,0.0001389,1844.0,1.5146439e+12,0.25414909,10.0,870.0,0.12043109,0.0
2219,1.5146439e+12,0.00013724,0.000143,0.00013724,0.000143,9588.0,1.5146442e+12,1.35526699,34.0,9562.0,1.35168723,0.0
2220,1.5146442e+12,0.00014356,0.000144,0.0001409,0.00014355,8072.0,1.5146445e+12,1.15947555,28.0,5093.0,0.73240186,0.0
2221,1.5146445e+12,0.00014354,0.00014354,0.00014269,0.00014348,2122.0,1.5146448e+12,0.30398598,14.0,1480.0,0.21237108,0.0
2222,1.5146448e+12,0.0001435,0.0001435,0.0001411,0.0001411,3319.0,1.5146451e+12,0.47374026,7.0,1235.0,0.17715962,0.0
2223,1.5146451e+12,0.00014109,0.0001434,0.00014,0.00014,10998.0,1.5146454e+12,1.55307433,26.0,1087.0,0.15218,0.0
2224,1.5146454e+12,0.00014015,0.00014015,0.00014015,0.00014015,615.0,1.5146457e+12,0.08619225,2.0,0.0,0.0,0.0
2225,1.5146457e+12,0.00013905,0.00013905,0.00013706,0.0001371,1146.0,1.514646e+12,0.15891229,10.0,381.0,0.0529451,0.0
2226,1.514646e+12,0.00013918,0.00013918,0.00013918,0.00013918,71.0,1.5146463e+12,0.00988178,1.0,71.0,0.00988178,0.0
2227,1.5146463e+12,0.00013887,0.00014008,0.00013886,0.00014,4295.0,1.5146466e+12,0.59908566,14.0,3495.0,0.48708514,0.0
2228,1.5146466e+12,0.00014,0.00014,0.00014,0.00014,2061.0,1.5146469e+12,0.28854,6.0,0.0,0.0,0.0
2229,1.5146469e+12,0.00014,0.00014018,0.00013998,0.00014,1487.0,1.5146472e+12,0.20832359,9.0,1052.0,0.14742887,0.0
2230,1.5146472e+12,0.00014,0.00014,0.00013881,0.00013881,1080.0,1.5146475e+12,0.15001,2.0,80.0,0.0112,0.0
2231,1.5146475e+12,0.00013987,0.00013987,0.00013987,0.00013987,18.0,1.5146478e+12,0.00251766,1.0,18.0,0.00251766,0.0
2232,1.5146478e+12,0.00013987,0.00013987,0.00013975,0.00013975,504.0,1.5146481e+12,0.07045848,2.0,504.0,0.07045848,0.0
2233,1.5146481e+12,0.00013975,0.00014017,0.00013975,0.00014017,3417.0,1.5146484e+12,0.47813705,7.0,2833.0,0.39645308,0.0
2234,1.5146484e+12,0.00013987,0.00013988,0.00013987,0.00013988,74.0,1.5146487e+12,0.0103511,9.0,0.0,0.0,0.0
2235,1.5146487e+12,0.00013988,0.00013988,0.00013987,0.00013987,1619.0,1.514649e+12,0.22646117,6.0,9.0,0.00125883,0.0
2236,1.514649e+12,0.00013987,0.00013987,0.00013987,0.00013987,142.0,1.5146493e+12,0.01986154,5.0,3.0,0.00041961,0.0
2237,1.5146493e+12,0.00013987,0.00013987,0.00013987,0.00013987,0.0,1.5146496e+12,0.0,0.0,0.0,0.0,0.0
2238,1.5146496e+12,0.00014011,0.00014011,0.00014011,0.00014011,72.0,1.5146499e+12,0.01008792,1.0,72.0,0.01008792,0.0
2239,1.5146499e+12,0.0001401,0.0001401,0.00013596,0.00013596,7603.0,1.5146502e+12,1.04101457,21.0,1128.0,0.15380586,0.0
2240,1.5146502e+12,0.00013597,0.00013597,0.00013597,0.00013597,100.0,1.5146505e+12,0.013597,1.0,0.0,0.0,0.0
2241,1.5146505e+12,0.00013609,0.00013615,0.00013609,0.00013615,342.0,1.5146508e+12,0.0465584,3.0,0.0,0.0,0.0
2242,1.5146508e+12,0.00013615,0.00013615,0.00013615,0.00013615,0.0,1.5146511e+12,0.0,0.0,0.0,0.0,0.0
2243,1.5146511e+12,0.00013965,0.00013965,0.00013965,0.00013965,30.0,1.5146514e+12,0.0041895,1.0,30.0,0.0041895,0.0
2244,1.5146514e+12,0.000138,0.000138,0.00013561,0.00013561,1645.0,1.5146517e+12,0.22382226,11.0,186.0,0.02552496,0.0
2245,1.5146517e+12,0.00013561,0.00013562,0.00013561,0.00013561,1404.0,1.514652e+12,0.19040444,5.0,28.0,0.00379708,0.0
2246,1.514652e+12,0.00013643,0.0001372,0.00013502,0.00013502,6407.0,1.5146523e+12,0.87091844,22.0,2918.0,0.39865416,0.0
2247,1.5146523e+12,0.00013502,0.00013502,0.00013502,0.00013502,0.0,1.5146526e+12,0.0,0.0,0.0,0.0,0.0
2248,1.5146526e+12,0.00013686,0.00013789,0.00013686,0.00013789,577.0,1.5146529e+12,0.0795512,4.0,577.0,0.0795512,0.0
2249,1.5146529e+12,0.00013788,0.000138,0.00013788,0.000138,1325.0,1.5146532e+12,0.1827941,4.0,1325.0,0.1827941,0.0
2250,1.5146532e+12,0.000138,0.000138,0.00013686,0.00013686,2057.0,1.5146535e+12,0.28240413,8.0,717.0,0.098946,0.0
2251,1.5146535e+12,0.00013686,0.00013686,0.00013686,0.00013686,0.0,1.5146538e+12,0.0,0.0,0.0,0.0,0.0
2252,1.5146538e+12,0.00013686,0.00013872,0.00013686,0.00013872,1291.0,1.5146541e+12,0.17902986,4.0,1291.0,0.17902986,0.0
2253,1.5146541e+12,0.00013872,0.00013872,0.00013872,0.00013872,0.0,1.5146544e+12,0.0,0.0,0.0,0.0,0.0
2254,1.5146544e+12,0.00013872,0.00013872,0.00013872,0.00013872,0.0,1.5146547e+12,0.0,0.0,0.0,0.0,0.0
2255,1.5146547e+12,0.00013869,0.00013869,0.000137,0.000137,12.0,1.514655e+12,0.00164738,2.0,2.0,0.00027738,0.0
2256,1.514655e+12,0.00013627,0.00013627,0.00013107,0.00013107,4907.0,1.5146553e+12,0.65702537,13.0,0.0,0.0,0.0
2257,1.5146553e+12,0.00013636,0.00013636,0.00013458,0.00013458,121.0,1.5146556e+12,0.01630198,2.0,10.0,0.0013636,0.0
2258,1.5146556e+12,0.00013358,0.00013458,0.00013358,0.00013458,551.0,1.5146559e+12,0.07360958,2.0,7.0,0.00094206,0.0
2259,1.5146559e+12,0.00013522,0.00013522,0.00013505,0.00013505,592.0,1.5146562e+12,0.08001322,8.0,592.0,0.08001322,0.0
2260,1.5146562e+12,0.00013457,0.00013457,0.00013457,0.00013457,14.0,1.5146565e+12,0.00188398,1.0,0.0,0.0,0.0
2261,1.5146565e+12,0.00013603,0.00013747,0.00013603,0.00013747,100.0,1.5146568e+12,0.013675,2.0,100.0,0.013675,0.0
2262,1.5146568e+12,0.00013674,0.00013675,0.00013674,0.00013675,500.0,1.5146571e+12,0.06837287,2.0,500.0,0.06837287,0.0
2263,1.5146571e+12,0.00013674,0.00013697,0.00013289,0.00013494,6102.0,1.5146574e+12,0.82955193,20.0,3241.0,0.44374376,0.0
2264,1.5146574e+12,0.00013649,0.00013649,0.00013491,0.00013491,748.0,1.5146577e+12,0.10102802,6.0,708.0,0.09563162,0.0
2265,1.5146577e+12,0.00013491,0.00013491,0.00013491,0.00013491,0.0,1.514658e+12,0.0,0.0,0.0,0.0,0.0
2266,1.514658e+12,0.00013461,0.00013461,0.00013461,0.00013461,113.0,1.5146583e+12,0.01521093,1.0,0.0,0.0,0.0
2267,1.5146583e+12,0.000136,0.00013781,0.000136,0.00013781,2017.0,1.5146586e+12,0.27532697,16.0,2017.0,0.27532697,0.0
2268,1.5146586e+12,0.00013781,0.00013781,0.00013781,0.00013781,447.0,1.5146589e+12,0.06160107,3.0,447.0,0.06160107,0.0
2269,1.5146589e+12,0.00013781,0.00013781,0.00013781,0.00013781,0.0,1.5146592e+12,0.0,0.0,0.0,0.0,0.0
2270,1.5146592e+12,0.00013759,0.00013773,0.00013759,0.00013773,739.0,1.5146595e+12,0.10169422,4.0,739.0,0.10169422,0.0
2271,1.5146595e+12,0.00013773,0.00013773,0.00013773,0.00013773,0.0,1.5146598e+12,0.0,0.0,0.0,0.0,0.0
2272,1.5146598e+12,0.00013773,0.00013773,0.00013773,0.00013773,7.0,1.5146601e+12,0.00096411,1.0,7.0,0.00096411,0.0
2273,1.5146601e+12,0.00013773,0.00013803,0.00013773,0.00013803,317.0,1.5146604e+12,0.04366461,3.0,303.0,0.04173219,0.0
2274,1.5146604e+12,0.00013803,0.00013803,0.00013773,0.00013778,3348.0,1.5146607e+12,0.46133214,5.0,0.0,0.0,0.0
2275,1.5146607e+12,0.00013958,0.00013999,0.00013799,0.00013998,2192.0,1.514661e+12,0.30610674,9.0,2162.0,0.30196704,0.0
2276,1.514661e+12,0.00013818,0.00013818,0.00013817,0.00013817,1001.0,1.5146613e+12,0.13831787,2.0,0.0,0.0,0.0
2277,1.5146613e+12,0.00013817,0.00013817,0.00013817,0.00013817,0.0,1.5146616e+12,0.0,0.0,0.0,0.0,0.0
2278,1.5146616e+12,0.00013977,0.00013977,0.00013977,0.00013977,86.0,1.5146619e+12,0.01202022,1.0,86.0,0.01202022,0.0
2279,1.5146619e+12,0.00013972,0.00013973,0.00013972,0.00013973,165.0,1.5146622e+12,0.02305514,3.0,165.0,0.02305514,0.0
2280,1.5146622e+12,0.00013973,0.00013973,0.00013973,0.00013973,428.0,1.5146625e+12,0.05980444,2.0,428.0,0.05980444,0.0
2281,1.5146625e+12,0.00013997,0.00013998,0.00013997,0.00013998,3782.0,1.5146628e+12,0.52939436,5.0,3782.0,0.52939436,0.0
2282,1.5146628e+12,0.00013999,0.00014265,0.00013999,0.00014265,1438.0,1.5146631e+12,0.2024066,8.0,1438.0,0.2024066,0.0
2283,1.5146631e+12,0.00014121,0.00014123,0.00013997,0.00013997,1591.0,1.5146634e+12,0.22448305,10.0,0.0,0.0,0.0
2284,1.5146634e+12,0.00013997,0.00013997,0.00013997,0.00013997,0.0,1.5146637e+12,0.0,0.0,0.0,0.0,0.0
2285,1.5146637e+12,0.00013997,0.00014172,0.00013997,0.00014172,103.0,1.514664e+12,0.01453941,3.0,70.0,0.0099204,0.0
2286,1.514664e+12,0.00013997,0.00013997,0.00013787,0.0001382,1255.0,1.5146643e+12,0.17335997,7.0,36.0,0.0049752,0.0
2287,1.5146643e+12,0.0001382,0.00013983,0.0001382,0.00013983,1574.0,1.5146646e+12,0.22003966,3.0,1388.0,0.19403128,0.0
2288,1.5146646e+12,0.00013983,0.00013983,0.00013983,0.00013983,0.0,1.5146649e+12,0.0,0.0,0.0,0.0,0.0
2289,1.5146649e+12,0.00014134,0.00014218,0.00014134,0.00014218,150.0,1.5146652e+12,0.02127546,3.0,150.0,0.02127546,0.0
2290,1.5146652e+12,0.00014008,0.00014215,0.00014008,0.0001421,834.0,1.5146655e+12,0.11851076,5.0,801.0,0.11386175,0.0
2291,1.5146655e+12,0.00014024,0.00014067,0.00014024,0.00014067,27.0,1.5146658e+12,0.00379198,3.0,0.0,0.0,0.0
2292,1.5146658e+12,0.0001407,0.0001407,0.0001407,0.0001407,11.0,1.5146661e+12,0.0015477,1.0,0.0,0.0,0.0
2293,1.5146661e+12,0.0001407,0.0001407,0.0001407,0.0001407,0.0,1.5146664e+12,0.0,0.0,0.0,0.0,0.0
2294,1.5146664e+12,0.0001407,0.0001407,0.0001407,0.0001407,0.0,1.5146667e+12,0.0,0.0,0.0,0.0,0.0
2295,1.5146667e+12,0.0001422,0.0001422,0.0001421,0.0001421,34.0,1.514667e+12,0.0048318,2.0,4.0,0.0005688,0.0
2296,1.514667e+12,0.0001421,0.0001421,0.0001421,0.0001421,0.0,1.5146673e+12,0.0,0.0,0.0,0.0,0.0
2297,1.5146673e+12,0.0001421,0.0001421,0.0001421,0.0001421,0.0,1.5146676e+12,0.0,0.0,0.0,0.0,0.0
2298,1.5146676e+12,0.00014208,0.00014209,0.00014012,0.00014012,88.0,1.5146679e+12,0.01246824,3.0,70.0,0.00994608,0.0
2299,1.5146679e+12,0.00014012,0.00014012,0.00014012,0.00014012,0.0,1.5146682e+12,0.0,0.0,0.0,0.0,0.0
2300,1.5146682e+12,0.00014024,0.00014024,0.00014023,0.00014023,2259.0,1.5146685e+12,0.3167943,2.0,0.0,0.0,0.0
2301,1.5146685e+12,0.00014023,0.00014023,0.00014023,0.00014023,0.0,1.5146688e+12,0.0,0.0,0.0,0.0,0.0
2302,1.5146688e+12,0.00014121,0.00014137,0.00014121,0.00014136,5020.0,1.5146691e+12,0.70941799,5.0,3550.0,0.50161879,0.0
2303,1.5146691e+12,0.00014136,0.00014136,0.00014136,0.00014136,0.0,1.5146694e+12,0.0,0.0,0.0,0.0,0.0
2304,1.5146694e+12,0.00014136,0.0001418,0.00014136,0.0001418,1010.0,1.5146697e+12,0.1432004,2.0,970.0,0.137546,0.0
2305,1.5146697e+12,0.0001418,0.00014282,0.0001418,0.00014281,2879.0,1.51467e+12,0.41053149,10.0,2418.0,0.34469608,0.0
2306,1.51467e+12,0.000143,0.00014442,0.000143,0.00014303,2082.0,1.5146703e+12,0.29871355,7.0,871.0,0.12553458,0.0
2307,1.5146703e+12,0.00014316,0.00014323,0.00014316,0.00014323,882.0,1.5146706e+12,0.12632802,3.0,0.0,0.0,0.0
2308,1.5146706e+12,0.00014375,0.0001465,0.00014324,0.00014599,9478.0,1.5146709e+12,1.37577585,38.0,8014.0,1.16259334,0.0
2309,1.5146709e+12,0.00014599,0.000148,0.00014364,0.000148,1940.0,1.5146712e+12,0.2827355,14.0,1073.0,0.15721644,0.0
2310,1.5146712e+12,0.00014889,0.00014889,0.00014599,0.00014623,1335.0,1.5146715e+12,0.19696806,12.0,547.0,0.08144283,0.0
2311,1.5146715e+12,0.00014623,0.00014623,0.00014623,0.00014623,0.0,1.5146718e+12,0.0,0.0,0.0,0.0,0.0
2312,1.5146718e+12,0.00014872,0.0001489,0.00014654,0.00014654,2834.0,1.5146721e+12,0.41735353,14.0,208.0,0.0309434,0.0
2313,1.5146721e+12,0.00014624,0.00014834,0.00014624,0.00014834,354.0,1.5146724e+12,0.05178996,4.0,10.0,0.0014834,0.0
2314,1.5146724e+12,0.00014727,0.00014727,0.0001435,0.0001435,1029.0,1.5146727e+12,0.14830171,9.0,140.0,0.02048946,0.0
2315,1.5146727e+12,0.00014584,0.00014584,0.00014281,0.00014305,6463.0,1.514673e+12,0.93033726,19.0,2554.0,0.37051393,0.0
2316,1.514673e+12,0.00014305,0.00014305,0.00014305,0.00014305,654.0,1.5146733e+12,0.0935547,1.0,654.0,0.0935547,0.0
2317,1.5146733e+12,0.00014305,0.00014305,0.00014305,0.00014305,0.0,1.5146736e+12,0.0,0.0,0.0,0.0,0.0
2318,1.5146736e+12,0.00014287,0.00014287,0.00014286,0.00014286,36.0,1.5146739e+12,0.00514318,2.0,0.0,0.0,0.0
2319,1.5146739e+12,0.00014286,0.00014286,0.00014286,0.00014286,0.0,1.5146742e+12,0.0,0.0,0.0,0.0,0.0
2320,1.5146742e+12,0.00014293,0.00014293,0.00014293,0.00014293,99.0,1.5146745e+12,0.01415007,1.0,0.0,0.0,0.0
2321,1.5146745e+12,0.00014293,0.00014293,0.00014293,0.00014293,30.0,1.5146748e+12,0.0042879,2.0,20.0,0.0028586,0.0
2322,1.5146748e+12,0.00014293,0.00014293,0.00014293,0.00014293,0.0,1.5146751e+12,0.0,0.0,0.0,0.0,0.0
2323,1.5146751e+12,0.00014293,0.00014293,0.00014293,0.00014293,0.0,1.5146754e+12,0.0,0.0,0.0,0.0,0.0
2324,1.5146754e+12,0.00014493,0.00014493,0.00014493,0.00014493,44.0,1.5146757e+12,0.00637692,1.0,44.0,0.00637692,0.0
2325,1.5146757e+12,0.00014493,0.00014495,0.00014493,0.00014495,376.0,1.514676e+12,0.05449827,4.0,376.0,0.05449827,0.0
2326,1.514676e+12,0.00014495,0.00014658,0.00014495,0.00014656,164.0,1.5146763e+12,0.02396391,5.0,164.0,0.02396391,0.0
2327,1.5146763e+12,0.00014344,0.00014344,0.00014344,0.00014344,10.0,1.5146766e+12,0.0014344,1.0,0.0,0.0,0.0
2328,1.5146766e+12,0.00014352,0.00014625,0.00014352,0.00014625,130.0,1.5146769e+12,0.0188487,2.0,70.0,0.0102375,0.0
2329,1.5146769e+12,0.00014625,0.00014625,0.00014625,0.00014625,0.0,1.5146772e+12,0.0,0.0,0.0,0.0,0.0
2330,1.5146772e+12,0.0001459,0.00014616,0.00014404,0.00014404,232.0,1.5146775e+12,0.03385056,3.0,211.0,0.03082572,0.0
2331,1.5146775e+12,0.00014404,0.00014404,0.00014208,0.0001428,971.0,1.5146778e+12,0.13849397,6.0,88.0,0.01257816,0.0
2332,1.5146778e+12,0.0001428,0.0001428,0.0001428,0.0001428,150.0,1.5146781e+12,0.02142,5.0,150.0,0.02142,0.0
2333,1.5146781e+12,0.0001428,0.0001428,0.0001428,0.0001428,85.0,1.5146784e+12,0.012138,1.0,85.0,0.012138,0.0
2334,1.5146784e+12,0.0001428,0.0001428,0.0001428,0.0001428,0.0,1.5146787e+12,0.0,0.0,0.0,0.0,0.0
2335,1.5146787e+12,0.00014281,0.00014293,0.00014281,0.00014293,392.0,1.514679e+12,0.05599328,2.0,294.0,0.04198614,0.0
2336,1.514679e+12,0.00014386,0.00014587,0.00014386,0.00014587,635.0,1.5146793e+12,0.09258725,5.0,173.0,0.02523551,0.0
2337,1.5146793e+12,0.000146,0.00014671,0.000146,0.00014671,1066.0,1.5146796e+12,0.15586036,3.0,1066.0,0.15586036,0.0
2338,1.5146796e+12,0.00014671,0.00014856,0.00014594,0.00014682,1633.0,1.5146799e+12,0.24106262,10.0,1147.0,0.16980764,0.0
2339,1.5146799e+12,0.00014856,0.00014977,0.00014738,0.00014977,607.0,1.5146802e+12,0.09064015,14.0,542.0,0.08093139,0.0
2340,1.5146802e+12,0.00014977,0.00014998,0.00014977,0.00014998,2448.0,1.5146805e+12,0.36705636,13.0,937.0,0.14043658,0.0
2341,1.5146805e+12,0.00014998,0.00015114,0.00014998,0.00015114,3061.0,1.5146808e+12,0.45991381,13.0,1678.0,0.25249147,0.0
2342,1.5146808e+12,0.00015011,0.00015286,0.00014983,0.00014983,2351.0,1.5146811e+12,0.35489581,12.0,1450.0,0.21966518,0.0
2343,1.5146811e+12,0.00014983,0.00015101,0.00014729,0.00014729,5693.0,1.5146814e+12,0.85016901,17.0,4967.0,0.74206921,0.0
2344,1.5146814e+12,0.00015096,0.00015097,0.00014853,0.00014853,245.0,1.5146817e+12,0.03674043,3.0,144.0,0.0217389,0.0
2345,1.5146817e+12,0.00014856,0.0001486,0.00014757,0.00014757,1525.0,1.514682e+12,0.22658308,7.0,0.0,0.0,0.0
2346,1.514682e+12,0.00014757,0.00014845,0.00014528,0.00014528,167.0,1.5146823e+12,0.02428554,3.0,158.0,0.02295741,0.0
2347,1.5146823e+12,0.00014531,0.00014531,0.00014477,0.00014519,1331.0,1.5146826e+12,0.19325587,11.0,364.0,0.05276914,0.0
2348,1.5146826e+12,0.00014691,0.00014811,0.00014528,0.00014811,3291.0,1.5146829e+12,0.48591439,11.0,1609.0,0.23824799,0.0
2349,1.5146829e+12,0.0001481,0.0001481,0.000147,0.00014808,804.0,1.5146832e+12,0.11891162,4.0,804.0,0.11891162,0.0
2350,1.5146832e+12,0.000149,0.000149,0.00014517,0.00014517,899.0,1.5146835e+12,0.13247316,4.0,841.0,0.1240505,0.0
2351,1.5146835e+12,0.00014517,0.00014985,0.00014517,0.00014985,1860.0,1.5146838e+12,0.27663666,16.0,1178.0,0.17553208,0.0
2352,1.5146838e+12,0.00014985,0.00014985,0.0001472,0.00014766,3700.0,1.5146841e+12,0.54939094,17.0,966.0,0.14445035,0.0
2353,1.5146841e+12,0.00014914,0.00014916,0.00014914,0.00014916,449.0,1.5146844e+12,0.06696506,7.0,182.0,0.02714348,0.0
2354,1.5146844e+12,0.00014975,0.00014975,0.000148,0.00014801,537.0,1.5146847e+12,0.07982869,8.0,0.0,0.0,0.0
2355,1.5146847e+12,0.00014947,0.00014947,0.00014801,0.00014801,502.0,1.514685e+12,0.07433314,3.0,22.0,0.00328834,0.0
2356,1.514685e+12,0.00014947,0.00015008,0.00014947,0.00015008,370.0,1.5146853e+12,0.05535354,7.0,333.0,0.04982315,0.0
2357,1.5146853e+12,0.00015094,0.00015094,0.00015011,0.00015021,907.0,1.5146856e+12,0.13666365,10.0,586.0,0.08845084,0.0
2358,1.5146856e+12,0.00015091,0.00015101,0.0001503,0.00015101,1376.0,1.5146859e+12,0.20768978,12.0,1304.0,0.19686762,0.0
2359,1.5146859e+12,0.00015291,0.00015291,0.00015291,0.00015291,302.0,1.5146862e+12,0.04617882,2.0,302.0,0.04617882,0.0
2360,1.5146862e+12,0.00015291,0.00015291,0.00014988,0.0001515,4005.0,1.5146865e+12,0.60694256,19.0,251.0,0.0383367,0.0
2361,1.5146865e+12,0.0001508,0.0001515,0.00014971,0.00014971,4409.0,1.5146868e+12,0.66482306,21.0,1332.0,0.2009976,0.0
2362,1.5146868e+12,0.00014975,0.0001507,0.00014971,0.00014973,5898.0,1.5146871e+12,0.88708878,15.0,3607.0,0.54314354,0.0
2363,1.5146871e+12,0.00014973,0.00014973,0.0001497,0.00014973,794.0,1.5146874e+12,0.11886699,4.0,0.0,0.0,0.0
2364,1.5146874e+12,0.00014973,0.00015151,0.00014973,0.00015151,652.0,1.5146877e+12,0.09865057,14.0,336.0,0.05081474,0.0
2365,1.5146877e+12,0.00015149,0.00015583,0.00015021,0.00015021,1005.0,1.514688e+12,0.15183464,10.0,605.0,0.09174669,0.0
2366,1.514688e+12,0.0001531,0.00015598,0.0001531,0.00015598,3580.0,1.5146883e+12,0.55465934,18.0,1865.0,0.28940168,0.0
2367,1.5146883e+12,0.00015598,0.00015598,0.00015309,0.0001537,2394.0,1.5146886e+12,0.36676463,15.0,1592.0,0.24394121,0.0
2368,1.5146886e+12,0.0001544,0.00015463,0.00015374,0.00015463,331.0,1.5146889e+12,0.051099,7.0,255.0,0.03940853,0.0
2369,1.5146889e+12,0.00015463,0.00015555,0.00015303,0.00015555,1921.0,1.5146892e+12,0.29764839,19.0,1255.0,0.19501917,0.0
2370,1.5146892e+12,0.0001558,0.0001566,0.00015558,0.0001559,4210.0,1.5146895e+12,0.65628096,52.0,3203.0,0.49928654,0.0
2371,1.5146895e+12,0.0001559,0.00015627,0.00015014,0.0001508,9896.0,1.5146898e+12,1.51637604,59.0,838.0,0.12796807,0.0
2372,1.5146898e+12,0.0001502,0.0001507,0.0001485,0.0001487,4126.0,1.5146901e+12,0.61589968,60.0,674.0,0.10056959,0.0
2373,1.5146901e+12,0.0001487,0.0001519,0.0001487,0.0001509,2703.0,1.5146904e+12,0.40632378,68.0,1289.0,0.19428536,0.0
2374,1.5146904e+12,0.0001508,0.00015677,0.00014955,0.0001512,9683.0,1.5146907e+12,1.47787007,97.0,6499.0,0.99686917,0.0
2375,1.5146907e+12,0.0001513,0.0001514,0.0001493,0.0001493,9776.0,1.514691e+12,1.46949985,75.0,6146.0,0.92346766,0.0
2376,1.514691e+12,0.0001493,0.0001494,0.00014895,0.000149,12243.0,1.5146913e+12,1.82684445,100.0,8046.0,1.2009307,0.0
2377,1.5146913e+12,0.000149,0.0001493,0.00014895,0.0001492,33556.0,1.5146916e+12,4.9998601,116.0,7887.0,1.1754349,0.0
2378,1.5146916e+12,0.0001491,0.0001492,0.00014858,0.0001488,15365.0,1.5146919e+12,2.29022619,159.0,5773.0,0.8604781,0.0
2379,1.5146919e+12,0.0001488,0.000149,0.00014855,0.0001486,11184.0,1.5146922e+12,1.66389726,146.0,5955.0,0.8859932,0.0
2380,1.5146922e+12,0.0001489,0.0001493,0.0001486,0.0001489,11399.0,1.5146925e+12,1.69738365,119.0,6610.0,0.98443395,0.0
2381,1.5146925e+12,0.000149,0.0001506,0.00014858,0.0001491,14514.0,1.5146928e+12,2.16699911,183.0,7070.0,1.05602236,0.0
2382,1.5146928e+12,0.0001491,0.0001502,0.00014885,0.0001498,9854.0,1.5146931e+12,1.47451695,135.0,4163.0,0.6230866,0.0
2383,1.5146931e+12,0.0001498,0.0001501,0.000149,0.0001494,12004.0,1.5146934e+12,1.79749994,158.0,4702.0,0.7042037,0.0
2384,1.5146934e+12,0.0001496,0.00014992,0.000149,0.0001495,11703.0,1.5146937e+12,1.75006648,160.0,5673.0,0.84850148,0.0
2385,1.5146937e+12,0.0001495,0.00014999,0.0001487,0.0001491,13296.0,1.514694e+12,1.98662651,166.0,7731.0,1.15609891,0.0
2386,1.514694e+12,0.000149,0.0001497,0.0001489,0.0001493,12872.0,1.5146943e+12,1.92046456,165.0,7277.0,1.08608608,0.0
2387,1.5146943e+12,0.0001497,0.0001497,0.00014851,0.0001491,20292.0,1.5146946e+12,3.02578285,214.0,11257.0,1.6786081,0.0
2388,1.5146946e+12,0.0001494,0.00014968,0.0001487,0.0001494,14799.0,1.5146949e+12,2.20838199,193.0,7248.0,1.08165789,0.0
2389,1.5146949e+12,0.0001495,0.0001496,0.0001491,0.0001495,18462.0,1.5146952e+12,2.7571716,230.0,10006.0,1.4945048,0.0
2390,1.5146952e+12,0.0001496,0.00014969,0.0001492,0.0001493,15950.0,1.5146955e+12,2.38305429,169.0,6405.0,0.95701519,0.0
2391,1.5146955e+12,0.0001495,0.0001501,0.0001493,0.0001495,15429.0,1.5146958e+12,2.30708522,151.0,7072.0,1.05750432,0.0
2392,1.5146958e+12,0.0001495,0.0001502,0.00014929,0.0001497,9732.0,1.5146961e+12,1.4570104,118.0,5902.0,0.8836212,0.0
2393,1.5146961e+12,0.0001497,0.00015,0.0001493,0.0001497,14297.0,1.5146964e+12,2.13920148,136.0,6013.0,0.8994774,0.0
2394,1.5146964e+12,0.00014959,0.00015019,0.00014929,0.0001499,10692.0,1.5146967e+12,1.59936751,152.0,6662.0,0.99657193,0.0
2395,1.5146967e+12,0.0001496,0.000151,0.0001493,0.000151,14264.0,1.514697e+12,2.13939408,157.0,7195.0,1.07904125,0.0
2396,1.514697e+12,0.000151,0.0001525,0.0001494,0.0001523,13147.0,1.5146973e+12,1.98943896,149.0,7253.0,1.09786541,0.0
2397,1.5146973e+12,0.0001524,0.0001541,0.0001506,0.0001517,19575.0,1.5146976e+12,2.97908688,193.0,8748.0,1.33023348,0.0
2398,1.5146976e+12,0.0001516,0.0001572,0.0001509,0.0001572,16281.0,1.5146979e+12,2.49254989,166.0,9401.0,1.44126086,0.0
2399,1.5146979e+12,0.00015799,0.000165,0.00015799,0.0001645,29474.0,1.5146982e+12,4.7563804,206.0,16260.0,2.62693389,0.0
2400,1.5146982e+12,0.0001646,0.00016899,0.00016141,0.0001671,28830.0,1.5146985e+12,4.76928446,214.0,18786.0,3.11678338,0.0
2401,1.5146985e+12,0.0001671,0.00017211,0.00016653,0.0001709,36448.0,1.5146988e+12,6.19104928,236.0,22055.0,3.74571945,0.0
2402,1.5146988e+12,0.0001709,0.0001721,0.00016403,0.0001678,29333.0,1.5146991e+12,4.98046081,222.0,8342.0,1.41941739,0.0
2403,1.5146991e+12,0.0001678,0.00017114,0.00016509,0.00017051,25827.0,1.5146994e+12,4.34747635,239.0,11340.0,1.90994098,0.0
2404,1.5146994e+12,0.0001708,0.0001719,0.0001685,0.0001693,37113.0,1.5146997e+12,6.33026622,255.0,8454.0,1.44438452,0.0
2405,1.5146997e+12,0.0001693,0.0001714,0.00016855,0.00016948,21621.0,1.5147e+12,3.66327084,241.0,10238.0,1.73528685,0.0
2406,1.5147e+12,0.00016948,0.00017004,0.00016001,0.0001649,21442.0,1.5147003e+12,3.61344125,236.0,8888.0,1.49620632,0.0
2407,1.5147003e+12,0.0001636,0.0001646,0.00015872,0.0001628,18141.0,1.5147006e+12,2.95697747,228.0,7236.0,1.18106315,0.0
2408,1.5147006e+12,0.0001628,0.0001637,0.0001594,0.0001622,16896.0,1.5147009e+12,2.74133183,233.0,11431.0,1.85506097,0.0
2409,1.5147009e+12,0.0001617,0.00016305,0.00015826,0.0001624,17699.0,1.5147012e+12,2.86446455,239.0,7663.0,1.24093276,0.0
2410,1.5147012e+12,0.0001622,0.0001633,0.00015966,0.0001615,22967.0,1.5147015e+12,3.7265947,248.0,9017.0,1.46396903,0.0
2411,1.5147015e+12,0.000161,0.00016185,0.0001596,0.0001598,18440.0,1.5147018e+12,2.95887892,241.0,9631.0,1.54639,0.0
2412,1.5147018e+12,0.00015989,0.0001628,0.0001598,0.0001618,15684.0,1.5147021e+12,2.53263138,223.0,8679.0,1.40082072,0.0
2413,1.5147021e+12,0.0001625,0.0001627,0.0001618,0.0001622,14497.0,1.5147024e+12,2.35082757,227.0,7295.0,1.18290927,0.0
2414,1.5147024e+12,0.0001624,0.0001636,0.0001618,0.0001632,12478.0,1.5147027e+12,2.03395336,242.0,7091.0,1.15556436,0.0
2415,1.5147027e+12,0.0001631,0.0001642,0.0001629,0.000164,10722.0,1.514703e+12,1.75294305,243.0,5367.0,0.87719094,0.0
2416,1.514703e+12,0.000164,0.00016484,0.00016397,0.00016397,10783.0,1.5147033e+12,1.77082708,237.0,5654.0,0.9285487,0.0
2417,1.5147033e+12,0.00016397,0.0001647,0.0001639,0.0001644,9946.0,1.5147036e+12,1.63356982,247.0,3915.0,0.6430142,0.0
2418,1.5147036e+12,0.0001642,0.000165,0.00016283,0.00016362,19468.0,1.5147039e+12,3.19076186,298.0,10432.0,1.71252324,0.0
2419,1.5147039e+12,0.0001637,0.00016487,0.0001629,0.0001638,13018.0,1.5147042e+12,2.13303289,236.0,6299.0,1.03266683,0.0
2420,1.5147042e+12,0.0001635,0.0001659,0.0001635,0.0001656,18459.0,1.5147045e+12,3.04553572,280.0,9515.0,1.57012274,0.0
2421,1.5147045e+12,0.00016559,0.00016919,0.00016559,0.000167,11456.0,1.5147048e+12,1.90409138,202.0,4520.0,0.7507959,0.0
2422,1.5147048e+12,0.0001679,0.00017008,0.00016769,0.0001695,17552.0,1.5147051e+12,2.97698256,218.0,11455.0,1.94366942,0.0
2423,1.5147051e+12,0.0001697,0.00017003,0.0001656,0.0001683,18632.0,1.5147054e+12,3.13483998,194.0,6314.0,1.06134019,0.0
2424,1.5147054e+12,0.0001675,0.00016935,0.00016144,0.0001656,9828.0,1.5147057e+12,1.62774061,152.0,3558.0,0.59324106,0.0
2425,1.5147057e+12,0.0001656,0.0001657,0.00016206,0.00016223,5508.0,1.514706e+12,0.90104947,130.0,1470.0,0.24165023,0.0
2426,1.514706e+12,0.00016223,0.0001629,0.00016223,0.00016289,944.0,1.5147063e+12,0.15338523,11.0,572.0,0.09297151,0.0
2427,1.5147063e+12,0.00016434,0.00016524,0.00016181,0.00016181,1248.0,1.5147066e+12,0.20379039,21.0,541.0,0.08907562,0.0
2428,1.5147066e+12,0.00016181,0.00016192,0.00016031,0.00016031,8391.0,1.5147069e+12,1.3533812,18.0,178.0,0.02880244,0.0
2429,1.5147069e+12,0.00016031,0.00016082,0.00015666,0.00016079,2634.0,1.5147072e+12,0.4211248,15.0,208.0,0.03342383,0.0
2430,1.5147072e+12,0.00016,0.0001618,0.00015666,0.0001613,4218.0,1.5147075e+12,0.67650642,72.0,1510.0,0.24288718,0.0
2431,1.5147075e+12,0.0001613,0.0001637,0.0001613,0.00016361,4939.0,1.5147078e+12,0.7990809,82.0,2352.0,0.3803514,0.0
2432,1.5147078e+12,0.0001644,0.0001644,0.00016189,0.0001619,4452.0,1.5147081e+12,0.72170169,83.0,2143.0,0.34731586,0.0
2433,1.5147081e+12,0.0001619,0.0001643,0.0001619,0.00016299,4037.0,1.5147084e+12,0.65748126,80.0,2581.0,0.42041565,0.0
2434,1.5147084e+12,0.000163,0.00016315,0.0001609,0.000161,7141.0,1.5147087e+12,1.15788817,110.0,2197.0,0.35595503,0.0
2435,1.5147087e+12,0.00016096,0.00016156,0.00015873,0.00015875,5893.0,1.514709e+12,0.94441801,59.0,3347.0,0.53632083,0.0
2436,1.514709e+12,0.0001588,0.00016071,0.00015012,0.00015012,4587.0,1.5147093e+12,0.71764519,29.0,61.0,0.00979008,0.0
2437,1.5147093e+12,0.00015104,0.0001599,0.00015104,0.00015935,8601.0,1.5147096e+12,1.36906756,40.0,6669.0,1.06471212,0.0
2438,1.5147096e+12,0.00015884,0.0001598,0.00015884,0.00015931,661.0,1.5147099e+12,0.10553011,10.0,529.0,0.08450695,0.0
2439,1.5147099e+12,0.00015929,0.00015929,0.000158,0.00015834,1942.0,1.5147102e+12,0.30729781,23.0,213.0,0.03375056,0.0
2440,1.5147102e+12,0.000158,0.000158,0.00015722,0.0001577,5546.0,1.5147105e+12,0.87342647,32.0,1830.0,0.28870567,0.0
2441,1.5147105e+12,0.0001576,0.00015771,0.00015724,0.00015724,2311.0,1.5147108e+12,0.36400574,7.0,1711.0,0.26966174,0.0
2442,1.5147108e+12,0.00015771,0.00015835,0.00015743,0.00015808,465.0,1.5147111e+12,0.07343418,23.0,335.0,0.05296733,0.0
2443,1.5147111e+12,0.00015808,0.00015808,0.00015019,0.00015447,4901.0,1.5147114e+12,0.7502318,38.0,1798.0,0.27503793,0.0
2444,1.5147114e+12,0.0001566,0.0001572,0.00015615,0.0001572,747.0,1.5147117e+12,0.11735179,23.0,747.0,0.11735179,0.0
2445,1.5147117e+12,0.0001572,0.00015807,0.00015537,0.00015537,1285.0,1.514712e+12,0.20255526,11.0,1134.0,0.17893349,0.0
2446,1.514712e+12,0.00015651,0.00015759,0.00015531,0.00015531,291.0,1.5147123e+12,0.04559172,11.0,76.0,0.01194303,0.0
2447,1.5147123e+12,0.000155,0.000157,0.000155,0.000157,577.0,1.5147126e+12,0.08993732,21.0,265.0,0.0411296,0.0
2448,1.5147126e+12,0.000157,0.00015711,0.00015653,0.00015711,387.0,1.5147129e+12,0.06073541,11.0,267.0,0.0419128,0.0
2449,1.5147129e+12,0.00015709,0.00015709,0.00015215,0.00015569,5252.0,1.5147132e+12,0.81749131,23.0,251.0,0.03929599,0.0
2450,1.5147132e+12,0.0001534,0.00015682,0.0001534,0.00015395,5700.0,1.5147135e+12,0.88218688,34.0,5398.0,0.83545045,0.0
2451,1.5147135e+12,0.00015459,0.00015459,0.00015459,0.00015459,8.0,1.5147138e+12,0.00123672,1.0,0.0,0.0,0.0
2452,1.5147138e+12,0.00015392,0.00015455,0.00015392,0.00015455,16.0,1.5147141e+12,0.00246776,2.0,16.0,0.00246776,0.0
2453,1.5147141e+12,0.00015487,0.00015549,0.00015487,0.00015549,25.0,1.5147144e+12,0.00388229,2.0,25.0,0.00388229,0.0
2454,1.5147144e+12,0.00015551,0.00015689,0.00015456,0.00015456,1632.0,1.5147147e+12,0.25303625,17.0,114.0,0.01772014,0.0
2455,1.5147147e+12,0.00015511,0.00015557,0.00015456,0.00015557,111.0,1.514715e+12,0.01725651,3.0,95.0,0.01477915,0.0
2456,1.514715e+12,0.00015564,0.00016074,0.00015564,0.00015778,6473.0,1.5147153e+12,1.013303,44.0,5443.0,0.85040768,0.0
2457,1.5147153e+12,0.00015773,0.00015951,0.0001577,0.0001595,2472.0,1.5147156e+12,0.39198561,46.0,1854.0,0.29409942,0.0
2458,1.5147156e+12,0.00015951,0.00016029,0.00015864,0.00016003,1041.0,1.5147159e+12,0.16628477,16.0,812.0,0.12986485,0.0
2459,1.5147159e+12,0.00016012,0.0001611,0.00015882,0.00016031,1890.0,1.5147162e+12,0.30239823,34.0,695.0,0.11164961,0.0
2460,1.5147162e+12,0.00015966,0.00016302,0.00015961,0.00015961,663.0,1.5147165e+12,0.10756734,23.0,547.0,0.08899712,0.0
2461,1.5147165e+12,0.00016014,0.00016014,0.00015905,0.00015962,290.0,1.5147168e+12,0.04624788,10.0,28.0,0.00447012,0.0
2462,1.5147168e+12,0.00015962,0.00015999,0.00015905,0.00015905,250.0,1.5147171e+12,0.03978629,4.0,31.0,0.0049534,0.0
2463,1.5147171e+12,0.00015865,0.00015966,0.0001579,0.0001579,1973.0,1.5147174e+12,0.31360155,11.0,544.0,0.08685488,0.0
2464,1.5147174e+12,0.00015907,0.00015966,0.00015818,0.00015818,492.0,1.5147177e+12,0.07788358,6.0,14.0,0.00222312,0.0
2465,1.5147177e+12,0.00015818,0.0001599,0.00015817,0.00015927,641.0,1.514718e+12,0.10198368,10.0,247.0,0.03923036,0.0
2466,1.514718e+12,0.00015868,0.00015868,0.00015772,0.00015774,3202.0,1.5147183e+12,0.50520751,11.0,37.0,0.00583564,0.0
2467,1.5147183e+12,0.00015872,0.00015933,0.00015788,0.00015933,882.0,1.5147186e+12,0.1401248,14.0,868.0,0.13791448,0.0
2468,1.5147186e+12,0.00015994,0.00016085,0.00015975,0.00016085,982.0,1.5147189e+12,0.15743732,9.0,897.0,0.14384907,0.0
2469,1.5147189e+12,0.00016148,0.00016205,0.00016094,0.00016204,2906.0,1.5147192e+12,0.47077962,18.0,1710.0,0.27699283,0.0
2470,1.5147192e+12,0.00016204,0.00016316,0.00016203,0.00016316,7413.0,1.5147195e+12,1.20217991,24.0,877.0,0.1430246,0.0
2471,1.5147195e+12,0.00016316,0.00016316,0.00016205,0.0001625,2125.0,1.5147198e+12,0.34575931,15.0,446.0,0.07276936,0.0
2472,1.5147198e+12,0.00016251,0.00016251,0.00016204,0.00016207,1676.0,1.5147201e+12,0.27209997,21.0,0.0,0.0,0.0
2473,1.5147201e+12,0.00016208,0.00016529,0.00016208,0.00016343,1828.0,1.5147204e+12,0.2991844,46.0,248.0,0.04076444,0.0
2474,1.5147204e+12,0.00016343,0.00016647,0.00016343,0.00016574,4911.0,1.5147207e+12,0.81351141,35.0,2417.0,0.40127369,0.0
2475,1.5147207e+12,0.00016574,0.00016574,0.00016411,0.00016465,2703.0,1.514721e+12,0.44542959,24.0,1735.0,0.28583366,0.0
2476,1.514721e+12,0.00016423,0.00016539,0.00016423,0.00016526,5160.0,1.5147213e+12,0.85033501,14.0,2149.0,0.35517019,0.0
2477,1.5147213e+12,0.0001653,0.00016638,0.0001645,0.00016638,6247.0,1.5147216e+12,1.03782364,24.0,2429.0,0.40368356,0.0
2478,1.5147216e+12,0.00016636,0.00016636,0.0001644,0.000166,1795.0,1.5147219e+12,0.29775639,11.0,341.0,0.05665977,0.0
2479,1.5147219e+12,0.000165,0.000165,0.00016484,0.00016484,5393.0,1.5147222e+12,0.8890564,13.0,13.0,0.0021436,0.0
2480,1.5147222e+12,0.00016484,0.00016484,0.0001626,0.0001626,2299.0,1.5147225e+12,0.37670572,14.0,133.0,0.02192063,0.0
2481,1.5147225e+12,0.0001626,0.00016472,0.00016005,0.00016195,214.0,1.5147228e+12,0.03467473,13.0,63.0,0.01033578,0.0
2482,1.5147228e+12,0.00016137,0.00016292,0.00016,0.00016164,1692.0,1.5147231e+12,0.2726666,24.0,207.0,0.03347973,0.0
2483,1.5147231e+12,0.00016164,0.00016259,0.00016164,0.00016165,5071.0,1.5147234e+12,0.81991396,21.0,210.0,0.03410531,0.0
2484,1.5147234e+12,0.00016165,0.00016165,0.00016,0.00016067,550.0,1.5147237e+12,0.08864185,12.0,165.0,0.02656005,0.0
2485,1.5147237e+12,0.00015875,0.00015986,0.0001587,0.00015986,1882.0,1.514724e+12,0.2989458,16.0,220.0,0.0351312,0.0
2486,1.514724e+12,0.0001587,0.00015976,0.0001572,0.0001572,6816.0,1.5147243e+12,1.07352872,21.0,787.0,0.12487371,0.0
2487,1.5147243e+12,0.00015769,0.00015869,0.00015596,0.000156,5253.0,1.5147246e+12,0.82305537,42.0,864.0,0.13690194,0.0
2488,1.5147246e+12,0.00015594,0.00015746,0.000154,0.0001553,5073.0,1.5147249e+12,0.78994067,29.0,2020.0,0.31510312,0.0
2489,1.5147249e+12,0.0001553,0.00015593,0.000154,0.00015557,2038.0,1.5147252e+12,0.31541922,35.0,918.0,0.14291714,0.0
2490,1.5147252e+12,0.000154,0.00015564,0.000154,0.00015551,5051.0,1.5147255e+12,0.78509026,38.0,957.0,0.14881929,0.0
2491,1.5147255e+12,0.00015551,0.00015551,0.00015501,0.0001555,1680.0,1.5147258e+12,0.2612376,18.0,303.0,0.0471141,0.0
2492,1.5147258e+12,0.00015551,0.00015553,0.00015543,0.00015543,812.0,1.5147261e+12,0.12625911,14.0,812.0,0.12625911,0.0
2493,1.5147261e+12,0.0001547,0.00015493,0.000154,0.000154,4401.0,1.5147264e+12,0.67852538,35.0,391.0,0.06048526,0.0
2494,1.5147264e+12,0.000154,0.00015538,0.00015377,0.00015538,4430.0,1.5147267e+12,0.68605058,27.0,1612.0,0.24904615,0.0
2495,1.5147267e+12,0.00015485,0.00015551,0.00015433,0.00015543,4092.0,1.514727e+12,0.63321936,35.0,623.0,0.09681105,0.0
2496,1.514727e+12,0.00015535,0.00015662,0.00015379,0.00015662,7900.0,1.5147273e+12,1.22808652,36.0,3398.0,0.52848212,0.0
2497,1.5147273e+12,0.00015584,0.00015986,0.00015584,0.00015984,4866.0,1.5147276e+12,0.77465754,42.0,4575.0,0.7289969,0.0
2498,1.5147276e+12,0.00015984,0.00016165,0.00015976,0.00016069,4675.0,1.5147279e+12,0.74930745,43.0,4109.0,0.65836804,0.0
2499,1.5147279e+12,0.00016069,0.0001607,0.00015606,0.00015652,3432.0,1.5147282e+12,0.54985662,32.0,931.0,0.14959599,0.0
2500,1.5147282e+12,0.00015674,0.00015977,0.00015674,0.00015696,3192.0,1.5147285e+12,0.50690485,23.0,68.0,0.01084101,0.0
2501,1.5147285e+12,0.00015802,0.00015857,0.00015802,0.00015803,302.0,1.5147288e+12,0.04772995,8.0,71.0,0.01122408,0.0
2502,1.5147288e+12,0.00015804,0.00015915,0.00015804,0.00015914,1405.0,1.5147291e+12,0.22317471,11.0,503.0,0.0798813,0.0
2503,1.5147291e+12,0.00015978,0.00015978,0.00015904,0.00015904,208.0,1.5147294e+12,0.03322832,3.0,208.0,0.03322832,0.0
2504,1.5147294e+12,0.00015834,0.00015928,0.00015834,0.00015913,8647.0,1.5147297e+12,1.37489521,119.0,3707.0,0.58985365,0.0
2505,1.5147297e+12,0.00015914,0.00015991,0.0001591,0.00015951,20173.0,1.51473e+12,3.21793869,202.0,7876.0,1.25684382,0.0
2506,1.51473e+12,0.00015978,0.00015978,0.00015752,0.00015772,14304.0,1.5147303e+12,2.2767459,204.0,5937.0,0.94495394,0.0
2507,1.5147303e+12,0.00015772,0.0001594,0.00015753,0.00015901,16264.0,1.5147306e+12,2.58329253,193.0,6668.0,1.05904067,0.0
2508,1.5147306e+12,0.00015901,0.00015954,0.00015901,0.00015942,14801.0,1.5147309e+12,2.35836885,221.0,7524.0,1.19883898,0.0
2509,1.5147309e+12,0.00015943,0.00016497,0.000159,0.00016373,22535.0,1.5147312e+12,3.63939557,216.0,12331.0,1.98747624,0.0
2510,1.5147312e+12,0.00016423,0.00016423,0.0001608,0.00016173,10043.0,1.5147315e+12,1.63357191,169.0,3894.0,0.63356646,0.0
2511,1.5147315e+12,0.00016168,0.00016188,0.00016017,0.00016121,10724.0,1.5147318e+12,1.72846808,98.0,4074.0,0.65669467,0.0
2512,1.5147318e+12,0.00016171,0.00016171,0.00016002,0.00016093,4487.0,1.5147321e+12,0.72264314,26.0,1959.0,0.31563743,0.0
2513,1.5147321e+12,0.00016093,0.00016474,0.00016063,0.00016217,6540.0,1.5147324e+12,1.06615168,43.0,3291.0,0.53666833,0.0
2514,1.5147324e+12,0.0001626,0.000165,0.00016163,0.00016254,8241.0,1.5147327e+12,1.35452068,41.0,6601.0,1.08826041,0.0
2515,1.5147327e+12,0.00016267,0.0001627,0.00016074,0.00016074,4197.0,1.514733e+12,0.67563676,37.0,142.0,0.02292484,0.0
2516,1.514733e+12,0.00016074,0.00016077,0.00016002,0.0001606,2990.0,1.5147333e+12,0.48006405,16.0,1245.0,0.20012656,0.0
2517,1.5147333e+12,0.00016119,0.00016472,0.00016,0.0001635,4406.0,1.5147336e+12,0.71417328,62.0,2203.0,0.35816443,0.0
2518,1.5147336e+12,0.00016293,0.00016293,0.000162,0.00016208,1552.0,1.5147339e+12,0.25166776,6.0,566.0,0.09188696,0.0
2519,1.5147339e+12,0.00016285,0.00016285,0.000162,0.000162,1497.0,1.5147342e+12,0.24288327,14.0,728.0,0.11828971,0.0
2520,1.5147342e+12,0.000162,0.00016226,0.00016001,0.0001602,2895.0,1.5147345e+12,0.46788584,12.0,93.0,0.01509018,0.0
2521,1.5147345e+12,0.0001604,0.00016071,0.00016001,0.0001605,2363.0,1.5147348e+12,0.37876219,45.0,689.0,0.11050467,0.0
2522,1.5147348e+12,0.0001605,0.00016473,0.0001605,0.00016077,5207.0,1.5147351e+12,0.84411564,58.0,2443.0,0.39924624,0.0
2523,1.5147351e+12,0.00016117,0.00016163,0.000161,0.00016102,3672.0,1.5147354e+12,0.59156835,32.0,967.0,0.15591079,0.0
2524,1.5147354e+12,0.00016102,0.00016468,0.00016001,0.00016061,18547.0,1.5147357e+12,2.98782337,117.0,6725.0,1.08811308,0.0
2525,1.5147357e+12,0.0001607,0.0001613,0.00016033,0.00016043,13001.0,1.514736e+12,2.08928775,112.0,4953.0,0.79596421,0.0
2526,1.514736e+12,0.00016043,0.00016045,0.0001602,0.00016036,11786.0,1.5147363e+12,1.8892509,97.0,5711.0,0.91543333,0.0
2527,1.5147363e+12,0.00016036,0.00016037,0.00016002,0.00016004,12238.0,1.5147366e+12,1.96101027,96.0,6236.0,0.99921916,0.0
2528,1.5147366e+12,0.00016024,0.00016034,0.0001592,0.00016024,19791.0,1.5147369e+12,3.16614588,129.0,8750.0,1.40008813,0.0
2529,1.5147369e+12,0.0001597,0.00016013,0.000158,0.000159,8829.0,1.5147372e+12,1.40467239,85.0,4372.0,0.6959425,0.0
2530,1.5147372e+12,0.00015952,0.00016051,0.00015952,0.00015993,5562.0,1.5147375e+12,0.89034802,41.0,3553.0,0.56932769,0.0
2531,1.5147375e+12,0.00016014,0.00016025,0.00015953,0.00015992,8283.0,1.5147378e+12,1.32440179,76.0,5582.0,0.89254809,0.0
2532,1.5147378e+12,0.00015992,0.00015993,0.00015991,0.00015991,4938.0,1.5147381e+12,0.78967377,20.0,2890.0,0.46217693,0.0
2533,1.5147381e+12,0.0001598,0.0001598,0.00015909,0.00015926,10352.0,1.5147384e+12,1.65151862,56.0,5727.0,0.91422606,0.0
2534,1.5147384e+12,0.00015945,0.00015945,0.00015705,0.0001575,13488.0,1.5147387e+12,2.13195753,72.0,5296.0,0.83924152,0.0
2535,1.5147387e+12,0.0001574,0.0001577,0.00015682,0.00015729,12519.0,1.514739e+12,1.96493721,76.0,6506.0,1.02144556,0.0
2536,1.514739e+12,0.00015714,0.000158,0.00015713,0.00015763,7073.0,1.5147393e+12,1.11342762,47.0,3332.0,0.52479358,0.0
2537,1.5147393e+12,0.00015757,0.00015862,0.0001575,0.0001581,7313.0,1.5147396e+12,1.15666648,68.0,3753.0,0.5937815,0.0
2538,1.5147396e+12,0.0001581,0.00015889,0.00015797,0.0001583,10997.0,1.5147399e+12,1.74160682,61.0,4554.0,0.72192288,0.0
2539,1.5147399e+12,0.0001584,0.0001585,0.00015727,0.00015757,10543.0,1.5147402e+12,1.66734182,63.0,5765.0,0.91148824,0.0
2540,1.5147402e+12,0.00015749,0.00015792,0.0001572,0.0001575,10376.0,1.5147405e+12,1.63433423,76.0,4815.0,0.75837646,0.0
2541,1.5147405e+12,0.0001575,0.00015792,0.00015741,0.00015751,13122.0,1.5147408e+12,2.06861264,92.0,7108.0,1.12051406,0.0
2542,1.5147408e+12,0.00015751,0.00015761,0.00015683,0.00015732,14515.0,1.5147411e+12,2.28285256,114.0,6390.0,1.0053506,0.0
2543,1.5147411e+12,0.00015732,0.0001575,0.00015682,0.00015703,18383.0,1.5147414e+12,2.88918551,134.0,8800.0,1.38304872,0.0
2544,1.5147414e+12,0.00015703,0.00015732,0.00015684,0.00015687,14925.0,1.5147417e+12,2.34321872,152.0,7523.0,1.18122103,0.0
2545,1.5147417e+12,0.00015684,0.00015748,0.00015585,0.00015614,17858.0,1.514742e+12,2.7951128,135.0,6672.0,1.04351413,0.0
2546,1.514742e+12,0.00015614,0.0001564,0.00015585,0.00015595,16081.0,1.5147423e+12,2.50786891,158.0,6876.0,1.07235149,0.0
2547,1.5147423e+12,0.00015595,0.00015813,0.00015585,0.00015669,19671.0,1.5147426e+12,3.08006579,137.0,14374.0,2.25323998,0.0
2548,1.5147426e+12,0.00015668,0.00015669,0.00015584,0.00015586,7228.0,1.5147429e+12,1.13107481,81.0,5645.0,0.88370748,0.0
2549,1.5147429e+12,0.00015585,0.00015597,0.00015415,0.00015524,14362.0,1.5147432e+12,2.2271587,108.0,4736.0,0.73488975,0.0
2550,1.5147432e+12,0.00015554,0.00015554,0.00015456,0.00015487,6856.0,1.5147435e+12,1.06280542,115.0,3800.0,0.5891551,0.0
2551,1.5147435e+12,0.00015497,0.00015737,0.00015444,0.00015534,9385.0,1.5147438e+12,1.47193947,104.0,4514.0,0.70787585,0.0
2552,1.5147438e+12,0.00015624,0.00015763,0.00015488,0.00015682,6754.0,1.5147441e+12,1.05790821,78.0,4946.0,0.77552927,0.0
2553,1.5147441e+12,0.00015682,0.00015695,0.00015682,0.00015695,1626.0,1.5147444e+12,0.25508606,36.0,820.0,0.12864838,0.0
2554,1.5147444e+12,0.00015695,0.00015798,0.00015688,0.00015788,2607.0,1.5147447e+12,0.40988067,64.0,1356.0,0.21318764,0.0
2555,1.5147447e+12,0.00015788,0.00015798,0.00015778,0.00015797,1121.0,1.514745e+12,0.17697681,42.0,519.0,0.08193675,0.0
2556,1.514745e+12,0.00015798,0.00015813,0.00015788,0.00015788,2100.0,1.5147453e+12,0.3316701,41.0,1396.0,0.22050764,0.0
2557,1.5147453e+12,0.00015788,0.00015797,0.00015788,0.00015797,321.0,1.5147456e+12,0.05069487,8.0,237.0,0.03743295,0.0
2558,1.5147456e+12,0.00015797,0.0001587,0.00015797,0.00015865,387.0,1.5147459e+12,0.06131534,9.0,387.0,0.06131534,0.0
2559,1.5147459e+12,0.0001585,0.0001585,0.00015788,0.00015788,389.0,1.5147462e+12,0.06142247,7.0,10.0,0.001585,0.0
2560,1.5147462e+12,0.00015788,0.00015797,0.00015788,0.00015797,51.0,1.5147465e+12,0.00805494,3.0,34.0,0.00537098,0.0
2561,1.5147465e+12,0.00015788,0.00015835,0.00015777,0.00015835,1042.0,1.5147468e+12,0.16451508,5.0,187.0,0.02961084,0.0
2562,1.5147468e+12,0.00015797,0.00015817,0.00015778,0.00015807,12411.0,1.5147471e+12,1.96041228,84.0,6956.0,1.09877333,0.0
2563,1.5147471e+12,0.00015797,0.00015807,0.00015778,0.00015787,11379.0,1.5147474e+12,1.79693718,95.0,8138.0,1.28515585,0.0
2564,1.5147474e+12,0.00015787,0.00015798,0.00015778,0.00015778,16659.0,1.5147477e+12,2.62970737,131.0,7760.0,1.22498185,0.0
2565,1.5147477e+12,0.00015779,0.00015789,0.00015778,0.00015787,20427.0,1.514748e+12,3.22438248,138.0,8687.0,1.37125632,0.0
2566,1.514748e+12,0.00015788,0.00015788,0.00015778,0.00015778,14482.0,1.5147483e+12,2.28519908,146.0,7855.0,1.23947261,0.0
2567,1.5147483e+12,0.00015778,0.0001578,0.00015778,0.00015778,16297.0,1.5147486e+12,2.57138085,128.0,7991.0,1.26084247,0.0
2568,1.5147486e+12,0.00015778,0.00015938,0.00015777,0.00015877,11066.0,1.5147489e+12,1.75360704,123.0,5910.0,0.93652482,0.0
2569,1.5147489e+12,0.00015887,0.00015961,0.00015797,0.00015951,15573.0,1.5147492e+12,2.47906772,128.0,6921.0,1.10171343,0.0
2570,1.5147492e+12,0.00015951,0.00015973,0.00015941,0.00015952,12217.0,1.5147495e+12,1.94892635,111.0,5924.0,0.94507571,0.0
2571,1.5147495e+12,0.00015952,0.00016144,0.00015865,0.00015934,21058.0,1.5147498e+12,3.36968645,166.0,10774.0,1.72411893,0.0
2572,1.5147498e+12,0.00015993,0.0001603,0.00015806,0.00015919,15740.0,1.5147501e+12,2.50395029,159.0,10164.0,1.61671497,0.0
2573,1.5147501e+12,0.00015919,0.0001597,0.00015914,0.0001597,17845.0,1.5147504e+12,2.84399563,166.0,8246.0,1.31402802,0.0
2574,1.5147504e+12,0.00015985,0.00016131,0.00015985,0.00016042,19479.0,1.5147507e+12,3.12459247,205.0,9907.0,1.58977063,0.0
2575,1.5147507e+12,0.00016042,0.00016152,0.0001604,0.00016132,19028.0,1.514751e+12,3.06027289,179.0,9867.0,1.58734606,0.0
2576,1.514751e+12,0.00016132,0.00016369,0.00016132,0.00016353,20000.0,1.5147513e+12,3.25105221,200.0,12469.0,2.02550029,0.0
2577,1.5147513e+12,0.00016304,0.0001645,0.00016282,0.00016434,13573.0,1.5147516e+12,2.22396033,120.0,10769.0,1.76578059,0.0
2578,1.5147516e+12,0.00016434,0.00016643,0.00016425,0.00016591,4870.0,1.5147519e+12,0.80496227,95.0,3060.0,0.50652521,0.0
2579,1.5147519e+12,0.0001658,0.00016642,0.00016304,0.00016432,2453.0,1.5147522e+12,0.40360646,42.0,683.0,0.11312759,0.0
2580,1.5147522e+12,0.00016431,0.00016431,0.00016431,0.00016431,6.0,1.5147525e+12,0.00098586,1.0,0.0,0.0,0.0
2581,1.5147525e+12,0.0001646,0.00016643,0.0001646,0.00016502,706.0,1.5147528e+12,0.11702258,24.0,575.0,0.09536284,0.0
2582,1.5147528e+12,0.0001651,0.00016576,0.00016462,0.00016472,5103.0,1.5147531e+12,0.84236691,71.0,1892.0,0.3124378,0.0
2583,1.5147531e+12,0.00016472,0.00016512,0.00016033,0.00016081,2688.0,1.5147534e+12,0.43745073,55.0,873.0,0.14217028,0.0
2584,1.5147534e+12,0.0001607,0.00016576,0.00016042,0.00016228,679.0,1.5147537e+12,0.10950845,20.0,365.0,0.05898723,0.0
2585,1.5147537e+12,0.00016248,0.00016315,0.00016248,0.00016314,416.0,1.514754e+12,0.06782927,6.0,69.0,0.01125666,0.0
2586,1.514754e+12,0.00016315,0.00016358,0.00016258,0.00016311,6900.0,1.5147543e+12,1.12440597,41.0,4138.0,0.67446004,0.0
2587,1.5147543e+12,0.00016313,0.00016324,0.00016088,0.00016234,6413.0,1.5147546e+12,1.04339707,40.0,3153.0,0.51310312,0.0
2588,1.5147546e+12,0.00016234,0.00016234,0.00016175,0.00016211,8039.0,1.5147549e+12,1.30239905,56.0,3918.0,0.63474216,0.0
2589,1.5147549e+12,0.00016211,0.00016262,0.0001619,0.0001619,6820.0,1.5147552e+12,1.10560525,50.0,3033.0,0.49183292,0.0
2590,1.5147552e+12,0.00016219,0.0001622,0.000162,0.000162,779.0,1.5147555e+12,0.12620984,28.0,428.0,0.06934784,0.0
2591,1.5147555e+12,0.0001619,0.0001619,0.0001619,0.0001619,47.0,1.5147558e+12,0.0076093,2.0,0.0,0.0,0.0
2592,1.5147558e+12,0.0001619,0.00016214,0.0001619,0.00016214,1909.0,1.5147561e+12,0.30951686,4.0,1451.0,0.23526514,0.0
2593,1.5147561e+12,0.00016214,0.00016214,0.00016214,0.00016214,338.0,1.5147564e+12,0.05480332,2.0,0.0,0.0,0.0
2594,1.5147564e+12,0.00016215,0.00016215,0.00016002,0.00016176,2068.0,1.5147567e+12,0.33478424,47.0,698.0,0.11297391,0.0
2595,1.5147567e+12,0.00016157,0.00016188,0.00016146,0.00016188,822.0,1.514757e+12,0.13285828,20.0,376.0,0.06078545,0.0
2596,1.514757e+12,0.00016188,0.00016201,0.00016176,0.00016189,1055.0,1.5147573e+12,0.17078979,19.0,497.0,0.08047146,0.0
2597,1.5147573e+12,0.0001622,0.0001622,0.0001622,0.0001622,10.0,1.5147576e+12,0.001622,1.0,10.0,0.001622,0.0
2598,1.5147576e+12,0.00016177,0.00016219,0.00016103,0.00016164,854.0,1.5147579e+12,0.13814522,29.0,573.0,0.0927213,0.0
2599,1.5147579e+12,0.00016164,0.00016262,0.00016164,0.00016261,533.0,1.5147582e+12,0.08641749,21.0,312.0,0.05057956,0.0
2600,1.5147582e+12,0.00016262,0.00016317,0.00016204,0.00016241,928.0,1.5147585e+12,0.1509532,32.0,487.0,0.07920601,0.0
2601,1.5147585e+12,0.00016241,0.00016278,0.00016241,0.00016254,841.0,1.5147588e+12,0.13668717,30.0,548.0,0.08906957,0.0
2602,1.5147588e+12,0.00016254,0.00016277,0.00016245,0.00016255,6847.0,1.5147591e+12,1.11325983,62.0,3676.0,0.59769844,0.0
2603,1.5147591e+12,0.00016264,0.00016317,0.00016255,0.00016317,7708.0,1.5147594e+12,1.25464235,78.0,4062.0,0.66121903,0.0
2604,1.5147594e+12,0.00016296,0.00016649,0.00016267,0.00016393,6865.0,1.5147597e+12,1.12251068,77.0,3438.0,0.56351111,0.0
2605,1.5147597e+12,0.00016408,0.00016511,0.00016299,0.000163,15123.0,1.51476e+12,2.48194784,91.0,3946.0,0.64742538,0.0
2606,1.51476e+12,0.00016299,0.00016498,0.0001627,0.00016435,7045.0,1.5147603e+12,1.15462495,86.0,4614.0,0.75570101,0.0
2607,1.5147603e+12,0.00016435,0.00016649,0.00016416,0.00016459,1400.0,1.5147606e+12,0.23056011,46.0,806.0,0.13284336,0.0
2608,1.5147606e+12,0.00016461,0.00016472,0.00016416,0.00016416,1174.0,1.5147609e+12,0.19312582,39.0,487.0,0.08011757,0.0
2609,1.5147609e+12,0.00016416,0.00016477,0.00016103,0.00016273,6019.0,1.5147612e+12,0.98172685,58.0,1432.0,0.23353245,0.0
2610,1.5147612e+12,0.00016273,0.00016273,0.0001624,0.00016262,246.0,1.5147615e+12,0.04000056,5.0,91.0,0.01478148,0.0
2611,1.5147615e+12,0.00016262,0.00016262,0.00016262,0.00016262,2433.0,1.5147618e+12,0.39565446,2.0,0.0,0.0,0.0
2612,1.5147618e+12,0.00016262,0.00016273,0.00016233,0.00016273,116.0,1.5147621e+12,0.01887042,4.0,96.0,0.01562208,0.0
2613,1.5147621e+12,0.00016356,0.00016428,0.00016,0.00016211,2218.0,1.5147624e+12,0.35860461,16.0,554.0,0.09049292,0.0
2614,1.5147624e+12,0.0001628,0.00016333,0.00016043,0.00016051,2222.0,1.5147627e+12,0.36095935,12.0,1507.0,0.24608154,0.0
2615,1.5147627e+12,0.00016101,0.00016169,0.00016,0.00016103,4481.0,1.514763e+12,0.72035126,16.0,52.0,0.00840062,0.0
2616,1.514763e+12,0.00016102,0.00016103,0.00016102,0.00016102,2455.0,1.5147633e+12,0.39530508,15.0,233.0,0.03751771,0.0
2617,1.5147633e+12,0.00016102,0.00016102,0.00016102,0.00016102,8.0,1.5147636e+12,0.00128816,1.0,0.0,0.0,0.0
2618,1.5147636e+12,0.00016167,0.00016167,0.00016155,0.00016167,1707.0,1.5147639e+12,0.27580284,11.0,1707.0,0.27580284,0.0
2619,1.5147639e+12,0.00016167,0.00016167,0.00016052,0.00016052,212.0,1.5147642e+12,0.03418807,6.0,84.0,0.01358015,0.0
2620,1.5147642e+12,0.00016166,0.00016166,0.00016166,0.00016166,8.0,1.5147645e+12,0.00129328,1.0,8.0,0.00129328,0.0
2621,1.5147645e+12,0.00016166,0.00016166,0.00016166,0.00016166,0.0,1.5147648e+12,0.0,0.0,0.0,0.0,0.0
2622,1.5147648e+12,0.00016163,0.00016164,0.00016163,0.00016163,21.0,1.5147651e+12,0.0033943,3.0,21.0,0.0033943,0.0
2623,1.5147651e+12,0.00016163,0.00016163,0.00016161,0.00016161,47.0,1.5147654e+12,0.00759633,4.0,47.0,0.00759633,0.0
2624,1.5147654e+12,0.0001606,0.0001616,0.0001601,0.0001616,2510.0,1.5147657e+12,0.40253897,7.0,10.0,0.001616,0.0
2625,1.5147657e+12,0.0001616,0.0001616,0.0001616,0.0001616,1151.0,1.514766e+12,0.1860016,9.0,1151.0,0.1860016,0.0
2626,1.514766e+12,0.0001616,0.0001616,0.0001616,0.0001616,0.0,1.5147663e+12,0.0,0.0,0.0,0.0,0.0
2627,1.5147663e+12,0.0001615,0.0001616,0.00016011,0.00016108,4082.0,1.5147666e+12,0.65693078,11.0,3164.0,0.50990964,0.0
2628,1.5147666e+12,0.00016149,0.0001615,0.00016149,0.0001615,584.0,1.5147669e+12,0.09431141,4.0,584.0,0.09431141,0.0
2629,1.5147669e+12,0.0001615,0.0001615,0.0001615,0.0001615,123.0,1.5147672e+12,0.0198645,2.0,123.0,0.0198645,0.0
2630,1.5147672e+12,0.0001615,0.0001615,0.0001615,0.0001615,40.0,1.5147675e+12,0.00646,1.0,40.0,0.00646,0.0
2631,1.5147675e+12,0.0001615,0.0001615,0.00016037,0.0001615,1031.0,1.5147678e+12,0.16580703,7.0,405.0,0.0654075,0.0
2632,1.5147678e+12,0.0001615,0.0001615,0.0001615,0.0001615,0.0,1.5147681e+12,0.0,0.0,0.0,0.0,0.0
2633,1.5147681e+12,0.00016146,0.00016266,0.0001608,0.0001608,666.0,1.5147684e+12,0.10756688,8.0,490.0,0.07926515,0.0
2634,1.5147684e+12,0.00016161,0.00016178,0.00016105,0.00016178,2888.0,1.5147687e+12,0.465248,7.0,167.0,0.02690934,0.0
2635,1.5147687e+12,0.00016105,0.00016125,0.00016105,0.00016118,572.0,1.514769e+12,0.0921484,5.0,209.0,0.03368725,0.0
2636,1.514769e+12,0.00016106,0.00016106,0.00016105,0.00016105,84.0,1.5147693e+12,0.01352827,4.0,0.0,0.0,0.0
2637,1.5147693e+12,0.00016119,0.00016119,0.00016105,0.00016105,267.0,1.5147696e+12,0.04300609,6.0,41.0,0.00660879,0.0
2638,1.5147696e+12,0.00016105,0.00016105,0.00015885,0.0001596,1425.0,1.5147699e+12,0.22728217,20.0,387.0,0.06191961,0.0
2639,1.5147699e+12,0.00015889,0.00015899,0.00015797,0.000158,4213.0,1.5147702e+12,0.66787376,31.0,1411.0,0.22330831,0.0
2640,1.5147702e+12,0.000158,0.00015897,0.00015798,0.00015897,2044.0,1.5147705e+12,0.32315422,19.0,1954.0,0.30893602,0.0
2641,1.5147705e+12,0.00015897,0.00016123,0.00015897,0.00016038,1745.0,1.5147708e+12,0.27832045,27.0,560.0,0.08959604,0.0
2642,1.5147708e+12,0.00016122,0.00016122,0.00016038,0.00016077,220.0,1.5147711e+12,0.03529389,3.0,16.0,0.00257637,0.0
2643,1.5147711e+12,0.00015968,0.00016,0.00015968,0.00016,450.0,1.5147714e+12,0.07199488,3.0,0.0,0.0,0.0
2644,1.5147714e+12,0.00016058,0.0001616,0.00016058,0.0001616,201.0,1.5147717e+12,0.0323886,4.0,201.0,0.0323886,0.0
2645,1.5147717e+12,0.00016157,0.00016157,0.00016156,0.00016156,1142.0,1.514772e+12,0.18450962,3.0,1142.0,0.18450962,0.0
2646,1.514772e+12,0.00016154,0.00016154,0.00015998,0.0001606,4577.0,1.5147723e+12,0.73405582,14.0,726.0,0.117263,0.0
2647,1.5147723e+12,0.00015983,0.00015983,0.00015768,0.00015895,7298.0,1.5147726e+12,1.15373224,18.0,3272.0,0.51866037,0.0
2648,1.5147726e+12,0.00015918,0.00015918,0.00015893,0.00015917,311.0,1.5147729e+12,0.04950276,8.0,22.0,0.00350174,0.0
2649,1.5147729e+12,0.00015918,0.00015918,0.00015918,0.00015918,87.0,1.5147732e+12,0.01384866,4.0,87.0,0.01384866,0.0
2650,1.5147732e+12,0.00015918,0.00015918,0.00015918,0.00015918,0.0,1.5147735e+12,0.0,0.0,0.0,0.0,0.0
2651,1.5147735e+12,0.00015928,0.00015928,0.00015711,0.00015875,2160.0,1.5147738e+12,0.34202098,18.0,438.0,0.06956546,0.0
2652,1.5147738e+12,0.00015884,0.00015884,0.00015884,0.00015884,101.0,1.5147741e+12,0.01604284,3.0,56.0,0.00889504,0.0
2653,1.5147741e+12,0.00015896,0.00015896,0.00015896,0.00015896,1.0,1.5147744e+12,0.00015896,1.0,1.0,0.00015896,0.0
2654,1.5147744e+12,0.00015896,0.00015896,0.00015896,0.00015896,0.0,1.5147747e+12,0.0,0.0,0.0,0.0,0.0
2655,1.5147747e+12,0.00015831,0.00015897,0.0001583,0.00015897,1443.0,1.514775e+12,0.22857326,9.0,101.0,0.0160559,0.0
2656,1.514775e+12,0.0001593,0.00015951,0.00015832,0.00015923,324.0,1.5147753e+12,0.05133657,5.0,40.0,0.00637369,0.0
2657,1.5147753e+12,0.00015831,0.00015831,0.00015815,0.00015815,1845.0,1.5147756e+12,0.29204036,11.0,0.0,0.0,0.0
2658,1.5147756e+12,0.00015853,0.00015853,0.00015738,0.00015849,3315.0,1.5147759e+12,0.52206968,14.0,126.0,0.01997165,0.0
2659,1.5147759e+12,0.00015833,0.00015886,0.00015822,0.00015822,5295.0,1.5147762e+12,0.83968907,20.0,1015.0,0.16082774,0.0
2660,1.5147762e+12,0.00015823,0.00015823,0.00015822,0.00015822,456.0,1.5147765e+12,0.07214926,3.0,0.0,0.0,0.0
2661,1.5147765e+12,0.00015822,0.00015822,0.00015822,0.00015822,0.0,1.5147768e+12,0.0,0.0,0.0,0.0,0.0
2662,1.5147768e+12,0.00015888,0.00015889,0.00015888,0.00015889,102.0,1.5147771e+12,0.0162067,3.0,102.0,0.0162067,0.0
2663,1.5147771e+12,0.00015822,0.00015871,0.00015822,0.00015871,919.0,1.5147774e+12,0.14541202,9.0,0.0,0.0,0.0
2664,1.5147774e+12,0.0001592,0.00016007,0.00015852,0.00015921,2230.0,1.5147777e+12,0.35669958,10.0,1330.0,0.21279374,0.0
2665,1.5147777e+12,0.00015748,0.00015852,0.00015748,0.00015847,903.0,1.514778e+12,0.14228155,5.0,77.0,0.01220307,0.0
2666,1.514778e+12,0.00015805,0.00015805,0.00015748,0.00015802,586.0,1.5147783e+12,0.09233524,10.0,77.0,0.01216774,0.0
2667,1.5147783e+12,0.0001576,0.0001576,0.0001576,0.0001576,520.0,1.5147786e+12,0.081952,2.0,0.0,0.0,0.0
2668,1.5147786e+12,0.0001583,0.00015861,0.0001583,0.00015861,32.0,1.5147789e+12,0.00507233,4.0,32.0,0.00507233,0.0
2669,1.5147789e+12,0.00015861,0.00015862,0.0001576,0.0001576,1040.0,1.5147792e+12,0.16495684,7.0,698.0,0.11071492,0.0
2670,1.5147792e+12,0.00015814,0.00015814,0.00015814,0.00015814,8.0,1.5147795e+12,0.00126512,1.0,0.0,0.0,0.0
2671,1.5147795e+12,0.00015865,0.00015865,0.00015769,0.00015864,1000.0,1.5147798e+12,0.15832255,6.0,659.0,0.10455026,0.0
2672,1.5147798e+12,0.00015766,0.00015862,0.00015766,0.00015862,727.0,1.5147801e+12,0.11463994,2.0,22.0,0.00348964,0.0
2673,1.5147801e+12,0.00015766,0.00015861,0.00015738,0.00015861,3578.0,1.5147804e+12,0.56381664,10.0,550.0,0.0872355,0.0
2674,1.5147804e+12,0.00015836,0.00015857,0.00015738,0.00015857,773.0,1.5147807e+12,0.12180653,7.0,200.0,0.03162207,0.0
2675,1.5147807e+12,0.00015857,0.00015857,0.00015857,0.00015857,234.0,1.514781e+12,0.03710538,4.0,234.0,0.03710538,0.0
2676,1.514781e+12,0.00015855,0.00015855,0.00015855,0.00015855,856.0,1.5147813e+12,0.1357188,6.0,722.0,0.1144731,0.0
2677,1.5147813e+12,0.00015855,0.00015855,0.00015855,0.00015855,37.0,1.5147816e+12,0.00586635,1.0,37.0,0.00586635,0.0
2678,1.5147816e+12,0.00015855,0.00015867,0.00015855,0.00015867,2179.0,1.5147819e+12,0.34557216,13.0,1971.0,0.31259304,0.0
2679,1.5147819e+12,0.00015868,0.00015868,0.00015741,0.00015835,741.0,1.5147822e+12,0.11746326,7.0,9.0,0.00142508,0.0
2680,1.5147822e+12,0.00015792,0.00015793,0.00015792,0.00015793,362.0,1.5147825e+12,0.05716887,3.0,362.0,0.05716887,0.0
2681,1.5147825e+12,0.00015793,0.00015793,0.00015793,0.00015793,393.0,1.5147828e+12,0.06206649,4.0,393.0,0.06206649,0.0
2682,1.5147828e+12,0.00015739,0.00015793,0.00015739,0.0001574,40.0,1.5147831e+12,0.00629951,3.0,7.0,0.00110551,0.0
2683,1.5147831e+12,0.0001585,0.0001585,0.000157,0.000157,5987.0,1.5147834e+12,0.94233669,13.0,294.0,0.04651751,0.0
2684,1.5147834e+12,0.000157,0.0001576,0.000157,0.000157,448.0,1.5147837e+12,0.0703546,3.0,31.0,0.0048856,0.0
2685,1.5147837e+12,0.000157,0.000157,0.00015684,0.00015684,334.0,1.514784e+12,0.05242644,4.0,77.0,0.01207744,0.0
2686,1.514784e+12,0.00015685,0.00015685,0.0001564,0.0001564,204.0,1.5147843e+12,0.0319572,4.0,102.0,0.0159936,0.0
2687,1.5147843e+12,0.0001564,0.0001564,0.00015573,0.000156,752.0,1.5147846e+12,0.11738623,18.0,201.0,0.03139287,0.0
2688,1.5147846e+12,0.00015599,0.000156,0.000155,0.000156,5900.0,1.5147849e+12,0.91744249,29.0,1392.0,0.21696489,0.0
2689,1.5147849e+12,0.00015733,0.00015764,0.00015537,0.00015537,1470.0,1.5147852e+12,0.22897641,26.0,384.0,0.0599527,0.0
2690,1.5147852e+12,0.00015538,0.00015693,0.00015538,0.00015693,605.0,1.5147855e+12,0.0940506,3.0,30.0,0.0047071,0.0
2691,1.5147855e+12,0.00015693,0.00015693,0.00015691,0.00015691,890.0,1.5147858e+12,0.13965004,5.0,890.0,0.13965004,0.0
2692,1.5147858e+12,0.00015693,0.00015693,0.00015691,0.00015693,1230.0,1.5147861e+12,0.1930237,12.0,1220.0,0.1914546,0.0
2693,1.5147861e+12,0.00015691,0.00015693,0.00015691,0.00015691,637.0,1.5147864e+12,0.09996385,5.0,609.0,0.09557037,0.0
2694,1.5147864e+12,0.00015693,0.00015694,0.00015693,0.00015694,796.0,1.5147867e+12,0.12491636,6.0,796.0,0.12491636,0.0
2695,1.5147867e+12,0.00015694,0.00015694,0.00015694,0.00015694,0.0,1.514787e+12,0.0,0.0,0.0,0.0,0.0
2696,1.514787e+12,0.00015695,0.000157,0.00015689,0.000157,1976.0,1.5147873e+12,0.31005856,14.0,440.0,0.06904391,0.0
2697,1.5147873e+12,0.000157,0.000157,0.00015628,0.00015628,243.0,1.5147876e+12,0.03814524,3.0,235.0,0.036895,0.0
2698,1.5147876e+12,0.00015647,0.000157,0.00015528,0.00015528,1510.0,1.5147879e+12,0.23538096,17.0,340.0,0.05337152,0.0
2699,1.5147879e+12,0.00015528,0.00015776,0.00015528,0.00015574,1856.0,1.5147882e+12,0.2898701,19.0,672.0,0.10574088,0.0
2700,1.5147882e+12,0.00015574,0.00015649,0.00015574,0.00015637,543.0,1.5147885e+12,0.08478245,7.0,342.0,0.05347871,0.0
2701,1.5147885e+12,0.00015637,0.0001578,0.00015637,0.00015639,797.0,1.5147888e+12,0.12565956,6.0,763.0,0.1203423,0.0
2702,1.5147888e+12,0.00015639,0.00015781,0.00015639,0.00015781,4005.0,1.5147891e+12,0.63048342,28.0,2933.0,0.46240773,0.0
2703,1.5147891e+12,0.00015781,0.00015781,0.00015512,0.00015775,14143.0,1.5147894e+12,2.22352261,42.0,9012.0,1.419511,0.0
2704,1.5147894e+12,0.00015775,0.00015775,0.00015775,0.00015775,835.0,1.5147897e+12,0.13172125,3.0,835.0,0.13172125,0.0
2705,1.5147897e+12,0.0001567,0.00015781,0.0001567,0.00015781,1395.0,1.51479e+12,0.21999734,17.0,1318.0,0.20793144,0.0
2706,1.51479e+12,0.00015781,0.00015781,0.00015781,0.00015781,0.0,1.5147903e+12,0.0,0.0,0.0,0.0,0.0
2707,1.5147903e+12,0.00015781,0.00015846,0.00015781,0.00015781,1568.0,1.5147906e+12,0.24747758,15.0,1447.0,0.22838162,0.0
2708,1.5147906e+12,0.00015781,0.00015848,0.00015781,0.00015848,2205.0,1.5147909e+12,0.34880035,17.0,1175.0,0.18618915,0.0
2709,1.5147909e+12,0.00015784,0.00015848,0.00015784,0.00015785,2522.0,1.5147912e+12,0.39841234,11.0,500.0,0.07924,0.0
2710,1.5147912e+12,0.00015846,0.00015846,0.00015784,0.00015784,170.0,1.5147915e+12,0.02686752,3.0,56.0,0.00887376,0.0
2711,1.5147915e+12,0.00015784,0.00015784,0.00015782,0.00015782,3404.0,1.5147918e+12,0.53725904,23.0,0.0,0.0,0.0
2712,1.5147918e+12,0.00015845,0.00015845,0.00015781,0.00015781,1260.0,1.5147921e+12,0.19886104,14.0,21.0,0.00332745,0.0
2713,1.5147921e+12,0.00015785,0.00015844,0.00015781,0.00015844,2287.0,1.5147924e+12,0.36093226,5.0,9.0,0.00142596,0.0
2714,1.5147924e+12,0.00015844,0.00015844,0.00015844,0.00015844,41.0,1.5147927e+12,0.00649604,2.0,41.0,0.00649604,0.0
2715,1.5147927e+12,0.00015844,0.00015845,0.00015782,0.000158,1242.0,1.514793e+12,0.19636929,7.0,174.0,0.02757021,0.0
2716,1.514793e+12,0.00015844,0.00015964,0.00015844,0.00015964,556.0,1.5147933e+12,0.0881638,7.0,523.0,0.08292636,0.0
2717,1.5147933e+12,0.0001599,0.0001607,0.00015847,0.00015891,2047.0,1.5147936e+12,0.32743566,15.0,1880.0,0.3009147,0.0
2718,1.5147936e+12,0.00016119,0.000163,0.00016082,0.00016118,617.0,1.5147939e+12,0.09939913,17.0,352.0,0.05674478,0.0
2719,1.5147939e+12,0.00016118,0.00016119,0.00015988,0.00016119,5428.0,1.5147942e+12,0.87310783,24.0,695.0,0.11202048,0.0
2720,1.5147942e+12,0.00016118,0.00016118,0.00016038,0.00016038,2006.0,1.5147945e+12,0.32177309,6.0,56.0,0.00902608,0.0
2721,1.5147945e+12,0.00015997,0.00015997,0.00015989,0.00015989,237.0,1.5147948e+12,0.03791009,3.0,0.0,0.0,0.0
2722,1.5147948e+12,0.00016119,0.0001652,0.00016001,0.00016017,2389.0,1.5147951e+12,0.3920357,22.0,1544.0,0.25493734,0.0
2723,1.5147951e+12,0.000161,0.00016161,0.00016011,0.00016011,2090.0,1.5147954e+12,0.33594464,20.0,565.0,0.09097224,0.0
2724,1.5147954e+12,0.00016048,0.00016048,0.00016048,0.00016048,54.0,1.5147957e+12,0.00866592,2.0,54.0,0.00866592,0.0
2725,1.5147957e+12,0.00016033,0.00016133,0.00016032,0.00016133,1645.0,1.514796e+12,0.26391315,11.0,1568.0,0.25149074,0.0
2726,1.514796e+12,0.00016158,0.00016158,0.00016128,0.00016149,141.0,1.5147963e+12,0.0227748,6.0,15.0,0.00242228,0.0
2727,1.5147963e+12,0.0001623,0.00016519,0.00016158,0.000162,1366.0,1.5147966e+12,0.22124562,27.0,109.0,0.01796827,0.0
2728,1.5147966e+12,0.00016253,0.0001668,0.00016253,0.00016443,7616.0,1.5147969e+12,1.26260368,34.0,6834.0,1.13421444,0.0
2729,1.5147969e+12,0.00016443,0.00016486,0.00016423,0.00016486,826.0,1.5147972e+12,0.13581009,5.0,744.0,0.12234323,0.0
2730,1.5147972e+12,0.00016486,0.00016486,0.00016345,0.00016345,587.0,1.5147975e+12,0.09650729,7.0,38.0,0.00626468,0.0
2731,1.5147975e+12,0.00016345,0.00016345,0.00016337,0.00016337,583.0,1.5147978e+12,0.09526695,12.0,0.0,0.0,0.0
2732,1.5147978e+12,0.00016341,0.00016399,0.00016341,0.00016399,441.0,1.5147981e+12,0.07206787,7.0,0.0,0.0,0.0
2733,1.5147981e+12,0.00016399,0.00016399,0.00016337,0.00016337,1615.0,1.5147984e+12,0.26450002,14.0,91.0,0.01486792,0.0
2734,1.5147984e+12,0.00016339,0.00016388,0.00016337,0.00016388,483.0,1.5147987e+12,0.07894172,3.0,0.0,0.0,0.0
2735,1.5147987e+12,0.00016387,0.00016387,0.00016337,0.00016338,1567.0,1.514799e+12,0.25601966,6.0,192.0,0.03136896,0.0
2736,1.514799e+12,0.00016368,0.00016426,0.00016368,0.00016426,1095.0,1.5147993e+12,0.17971558,4.0,1095.0,0.17971558,0.0
2737,1.5147993e+12,0.00016343,0.00016487,0.00016343,0.00016487,4684.0,1.5147996e+12,0.77028691,11.0,4645.0,0.76391314,0.0
2738,1.5147996e+12,0.00016373,0.00016487,0.00016373,0.00016487,1020.0,1.5147999e+12,0.16810698,5.0,967.0,0.15942929,0.0
2739,1.5147999e+12,0.00016487,0.00016487,0.00016345,0.00016347,2693.0,1.5148002e+12,0.44045475,8.0,1411.0,0.23090257,0.0
2740,1.5148002e+12,0.00016403,0.00016403,0.00016403,0.00016403,19.0,1.5148005e+12,0.00311657,1.0,0.0,0.0,0.0
2741,1.5148005e+12,0.00016495,0.00016499,0.00016405,0.00016499,3349.0,1.5148008e+12,0.55248315,5.0,3333.0,0.54985835,0.0
2742,1.5148008e+12,0.00016514,0.0001668,0.00016393,0.0001668,4042.0,1.5148011e+12,0.67345187,18.0,2090.0,0.34859156,0.0
2743,1.5148011e+12,0.00016528,0.00016851,0.00016528,0.00016677,2339.0,1.5148014e+12,0.38882658,17.0,220.0,0.03694073,0.0
2744,1.5148014e+12,0.00016762,0.00016762,0.00016594,0.000167,4668.0,1.5148017e+12,0.77848012,8.0,3413.0,0.56995723,0.0
2745,1.5148017e+12,0.00016595,0.00016698,0.00016595,0.00016698,1130.0,1.514802e+12,0.18797545,13.0,7.0,0.00116886,0.0
2746,1.514802e+12,0.00016698,0.00016771,0.00016604,0.00016771,2389.0,1.5148023e+12,0.39858163,10.0,1990.0,0.33226607,0.0
2747,1.5148023e+12,0.00016808,0.000169,0.00016757,0.00016786,3096.0,1.5148026e+12,0.5230288,16.0,1416.0,0.23925356,0.0
2748,1.5148026e+12,0.00016786,0.00016786,0.00016786,0.00016786,0.0,1.5148029e+12,0.0,0.0,0.0,0.0,0.0
2749,1.5148029e+12,0.00016828,0.00016828,0.00016758,0.00016758,4992.0,1.5148032e+12,0.83674301,10.0,76.0,0.01276742,0.0
2750,1.5148032e+12,0.00016759,0.00016977,0.00016602,0.00016977,3072.0,1.5148035e+12,0.51063901,12.0,733.0,0.12205686,0.0
2751,1.5148035e+12,0.00016972,0.00016973,0.00016679,0.00016679,700.0,1.5148038e+12,0.11716783,17.0,206.0,0.03466269,0.0
2752,1.5148038e+12,0.00016679,0.00016679,0.00016591,0.00016591,190.0,1.5148041e+12,0.0316813,2.0,0.0,0.0,0.0
2753,1.5148041e+12,0.00016722,0.00016722,0.0001659,0.0001659,109.0,1.5148044e+12,0.01816098,3.0,59.0,0.00986598,0.0
2754,1.5148044e+12,0.0001659,0.00016873,0.0001659,0.00016776,477.0,1.5148047e+12,0.07922868,6.0,64.0,0.01071198,0.0
2755,1.5148047e+12,0.00016808,0.00016808,0.0001654,0.000168,2336.0,1.514805e+12,0.38744605,20.0,238.0,0.03997285,0.0
2756,1.514805e+12,0.000168,0.00016807,0.00016408,0.00016671,5562.0,1.5148053e+12,0.91511388,16.0,595.0,0.09830447,0.0
2757,1.5148053e+12,0.0001666,0.00016662,0.00016084,0.00016243,897.0,1.5148056e+12,0.1466294,15.0,271.0,0.04476844,0.0
2758,1.5148056e+12,0.00016191,0.00016428,0.00016191,0.00016251,791.0,1.5148059e+12,0.12876422,16.0,725.0,0.11803392,0.0
2759,1.5148059e+12,0.00016301,0.00016301,0.00016287,0.00016287,233.0,1.5148062e+12,0.03795976,5.0,233.0,0.03795976,0.0
2760,1.5148062e+12,0.00016245,0.00016245,0.00016141,0.00016243,1771.0,1.5148065e+12,0.28707082,15.0,997.0,0.16163695,0.0
2761,1.5148065e+12,0.00016243,0.00016429,0.00016243,0.00016429,2750.0,1.5148068e+12,0.44677246,10.0,1756.0,0.28531704,0.0
2762,1.5148068e+12,0.00016439,0.00016439,0.00016439,0.00016439,91.0,1.5148071e+12,0.01495949,4.0,91.0,0.01495949,0.0
2763,1.5148071e+12,0.00016354,0.00016354,0.00016257,0.00016257,317.0,1.5148074e+12,0.05164546,6.0,0.0,0.0,0.0
2764,1.5148074e+12,0.00016262,0.00016351,0.00016262,0.00016268,1231.0,1.5148077e+12,0.20041951,8.0,91.0,0.01487941,0.0
2765,1.5148077e+12,0.00016268,0.00016268,0.00016268,0.00016268,0.0,1.514808e+12,0.0,0.0,0.0,0.0,0.0
2766,1.514808e+12,0.0001638,0.0001683,0.00016268,0.00016268,2848.0,1.5148083e+12,0.46883842,28.0,274.0,0.04581426,0.0
2767,1.5148083e+12,0.00016268,0.00016268,0.00016268,0.00016268,64.0,1.5148086e+12,0.01041152,1.0,64.0,0.01041152,0.0
2768,1.5148086e+12,0.00016256,0.0001636,0.00016255,0.00016255,852.0,1.5148089e+12,0.13850606,8.0,10.0,0.001636,0.0
2769,1.5148089e+12,0.00016243,0.00016322,0.00016242,0.00016292,1378.0,1.5148092e+12,0.2239419,12.0,93.0,0.01515666,0.0
2770,1.5148092e+12,0.00016272,0.00016352,0.00016269,0.00016352,344.0,1.5148095e+12,0.05599231,6.0,204.0,0.03321571,0.0
2771,1.5148095e+12,0.00016346,0.00016353,0.00016343,0.00016353,944.0,1.5148098e+12,0.15428303,6.0,944.0,0.15428303,0.0
2772,1.5148098e+12,0.00016353,0.00016353,0.00016353,0.00016353,250.0,1.5148101e+12,0.0408825,1.0,0.0,0.0,0.0
2773,1.5148101e+12,0.00016353,0.00016386,0.00016201,0.00016201,3603.0,1.5148104e+12,0.58940841,14.0,902.0,0.14780172,0.0
2774,1.5148104e+12,0.00016383,0.00016383,0.00016383,0.00016383,7.0,1.5148107e+12,0.00114681,1.0,7.0,0.00114681,0.0
2775,1.5148107e+12,0.00016383,0.00016383,0.00016383,0.00016383,0.0,1.514811e+12,0.0,0.0,0.0,0.0,0.0
2776,1.514811e+12,0.00016301,0.00016386,0.00016301,0.00016386,113.0,1.5148113e+12,0.01850513,2.0,100.0,0.016386,0.0
2777,1.5148113e+12,0.00016203,0.00016383,0.00016203,0.00016383,348.0,1.5148116e+12,0.05666544,2.0,155.0,0.02539365,0.0
2778,1.5148116e+12,0.00016383,0.00016462,0.000163,0.00016462,5695.0,1.5148119e+12,0.93312338,16.0,2563.0,0.42018906,0.0
2779,1.5148119e+12,0.00016464,0.00016542,0.00016336,0.00016537,2303.0,1.5148122e+12,0.38012939,8.0,2038.0,0.33683899,0.0
2780,1.5148122e+12,0.00016535,0.00016788,0.00016413,0.00016413,7544.0,1.5148125e+12,1.25562487,30.0,5624.0,0.9399625,0.0
2781,1.5148125e+12,0.00016697,0.00016872,0.00016504,0.00016504,3676.0,1.5148128e+12,0.61290192,17.0,2139.0,0.35784494,0.0
2782,1.5148128e+12,0.00016505,0.00016507,0.00016505,0.00016507,338.0,1.5148131e+12,0.05579284,4.0,0.0,0.0,0.0
2783,1.5148131e+12,0.00016553,0.0001657,0.00016553,0.0001657,388.0,1.5148134e+12,0.06425386,3.0,0.0,0.0,0.0
2784,1.5148134e+12,0.00016602,0.00016602,0.00016571,0.00016602,748.0,1.5148137e+12,0.12413307,9.0,639.0,0.1060621,0.0
2785,1.5148137e+12,0.00016795,0.00016795,0.00016595,0.00016615,1272.0,1.514814e+12,0.211279,7.0,4.0,0.0006718,0.0
2786,1.514814e+12,0.00016615,0.00016615,0.00016592,0.00016592,2367.0,1.5148143e+12,0.39283985,7.0,24.0,0.00398756,0.0
2787,1.5148143e+12,0.00016592,0.00016614,0.00016592,0.00016592,28.0,1.5148146e+12,0.0046473,3.0,7.0,0.00116298,0.0
2788,1.5148146e+12,0.00016592,0.00016592,0.000163,0.00016344,1261.0,1.5148149e+12,0.20650084,16.0,128.0,0.02111872,0.0
2789,1.5148149e+12,0.00016499,0.00016743,0.00016351,0.00016351,2344.0,1.5148152e+12,0.39193076,12.0,2334.0,0.39029566,0.0
2790,1.5148152e+12,0.00016388,0.00016388,0.00016388,0.00016388,11.0,1.5148155e+12,0.00180268,1.0,0.0,0.0,0.0
2791,1.5148155e+12,0.00016535,0.00016701,0.00016534,0.000167,1663.0,1.5148158e+12,0.27735694,10.0,0.0,0.0,0.0
2792,1.5148158e+12,0.00016661,0.00016661,0.00016547,0.00016547,694.0,1.5148161e+12,0.11494754,7.0,117.0,0.01946633,0.0
2793,1.5148161e+12,0.00016507,0.00016931,0.0001641,0.00016454,6957.0,1.5148164e+12,1.14619194,27.0,92.0,0.01535295,0.0
2794,1.5148164e+12,0.0001644,0.0001646,0.0001644,0.0001644,831.0,1.5148167e+12,0.1366294,5.0,0.0,0.0,0.0
2795,1.5148167e+12,0.0001646,0.00016492,0.0001641,0.0001642,11777.0,1.514817e+12,1.93317397,25.0,5.0,0.0008246,0.0
2796,1.514817e+12,0.0001649,0.00016548,0.0001649,0.00016548,30.0,1.5148173e+12,0.00495106,2.0,30.0,0.00495106,0.0
2797,1.5148173e+12,0.0001642,0.0001642,0.00016419,0.00016419,359.0,1.5148176e+12,0.05894758,6.0,233.0,0.03825838,0.0
2798,1.5148176e+12,0.00016411,0.00016411,0.0001641,0.0001641,384.0,1.5148179e+12,0.06301599,4.0,0.0,0.0,0.0
2799,1.5148179e+12,0.0001641,0.00016432,0.0001641,0.00016431,1286.0,1.5148182e+12,0.21121329,7.0,164.0,0.0269288,0.0
2800,1.5148182e+12,0.00016412,0.00016428,0.0001641,0.00016428,1343.0,1.5148185e+12,0.22040046,10.0,50.0,0.008214,0.0
2801,1.5148185e+12,0.00016428,0.00016598,0.00016418,0.00016598,408.0,1.5148188e+12,0.06747464,18.0,227.0,0.03759212,0.0
2802,1.5148188e+12,0.00016485,0.00016485,0.00016485,0.00016485,5.0,1.5148191e+12,0.00082425,1.0,0.0,0.0,0.0
2803,1.5148191e+12,0.0001654,0.00016606,0.0001654,0.00016606,33.0,1.5148194e+12,0.0054747,5.0,33.0,0.0054747,0.0
2804,1.5148194e+12,0.00016606,0.0001685,0.00016555,0.0001685,1257.0,1.5148197e+12,0.21133274,7.0,1222.0,0.20552399,0.0
2805,1.5148197e+12,0.00016898,0.00016898,0.0001683,0.00016895,1190.0,1.51482e+12,0.20105349,4.0,1190.0,0.20105349,0.0
2806,1.51482e+12,0.00016898,0.00016991,0.00016898,0.00016915,8402.0,1.5148203e+12,1.42268795,23.0,7983.0,1.35181648,0.0
2807,1.5148203e+12,0.00016946,0.00016968,0.00016921,0.00016921,3066.0,1.5148206e+12,0.5200336,10.0,3005.0,0.50971179,0.0
2808,1.5148206e+12,0.00016967,0.00017134,0.00016921,0.00017004,18758.0,1.5148209e+12,3.18849799,37.0,16305.0,2.77227928,0.0
2809,1.5148209e+12,0.00017004,0.00017358,0.00017004,0.00017358,6061.0,1.5148212e+12,1.04701329,47.0,2955.0,0.51110462,0.0
2810,1.5148212e+12,0.00017357,0.0001792,0.00017357,0.0001786,13849.0,1.5148215e+12,2.44256706,80.0,8599.0,1.51667767,0.0
2811,1.5148215e+12,0.00017858,0.00017858,0.0001772,0.0001772,8801.0,1.5148218e+12,1.56152035,38.0,1482.0,0.26342238,0.0
2812,1.5148218e+12,0.00017718,0.00017718,0.000172,0.00017203,4580.0,1.5148221e+12,0.79470805,33.0,2069.0,0.3595443,0.0
2813,1.5148221e+12,0.00017203,0.00017313,0.0001719,0.00017196,6694.0,1.5148224e+12,1.15086176,12.0,312.0,0.05372986,0.0
2814,1.5148224e+12,0.00017196,0.00017313,0.00017191,0.00017313,2593.0,1.5148227e+12,0.4461318,11.0,200.0,0.034626,0.0
2815,1.5148227e+12,0.00017464,0.00017986,0.00017464,0.00017765,7755.0,1.514823e+12,1.38175204,29.0,5049.0,0.90099257,0.0
2816,1.514823e+12,0.00017559,0.00017794,0.00017553,0.0001776,4587.0,1.5148233e+12,0.81402055,30.0,1916.0,0.34069279,0.0
2817,1.5148233e+12,0.00017736,0.00017736,0.00017699,0.00017707,1676.0,1.5148236e+12,0.29684366,9.0,1154.0,0.2042637,0.0
2818,1.5148236e+12,0.00017708,0.00017763,0.00017593,0.00017596,15668.0,1.5148239e+12,2.76105461,21.0,10590.0,1.86711791,0.0
2819,1.5148239e+12,0.00017763,0.00017988,0.00017594,0.00017732,6422.0,1.5148242e+12,1.14472558,26.0,4145.0,0.74247754,0.0
2820,1.5148242e+12,0.00017613,0.00017987,0.00017613,0.00017987,4017.0,1.5148245e+12,0.71723902,21.0,2975.0,0.53065489,0.0
2821,1.5148245e+12,0.00017905,0.00018199,0.00017905,0.00018029,10421.0,1.5148248e+12,1.88084985,25.0,8724.0,1.57257988,0.0
2822,1.5148248e+12,0.00018188,0.00018297,0.00018006,0.0001813,3629.0,1.5148251e+12,0.65889401,28.0,1524.0,0.27743744,0.0
2823,1.5148251e+12,0.00018133,0.000185,0.00018048,0.000185,12596.0,1.5148254e+12,2.29540183,54.0,995.0,0.18248239,0.0
2824,1.5148254e+12,0.00018491,0.00018492,0.000181,0.000181,2232.0,1.5148257e+12,0.40916781,15.0,1249.0,0.23084021,0.0
2825,1.5148257e+12,0.00018099,0.00018302,0.00018016,0.000181,1797.0,1.514826e+12,0.32438474,10.0,384.0,0.06953369,0.0
2826,1.514826e+12,0.00018101,0.00018144,0.00017939,0.00017939,558.0,1.5148263e+12,0.10063786,10.0,121.0,0.02190006,0.0
2827,1.5148263e+12,0.00017939,0.00018002,0.00017614,0.00017805,3458.0,1.5148266e+12,0.61822703,14.0,1774.0,0.31925026,0.0
2828,1.5148266e+12,0.0001764,0.00017721,0.00017605,0.00017605,1430.0,1.5148269e+12,0.25200148,17.0,93.0,0.01644147,0.0
2829,1.5148269e+12,0.00017605,0.00017606,0.00017605,0.00017605,302.0,1.5148272e+12,0.05316774,5.0,64.0,0.01126784,0.0
2830,1.5148272e+12,0.00017606,0.0001761,0.00017605,0.0001761,2585.0,1.5148275e+12,0.45511358,14.0,420.0,0.0739506,0.0
2831,1.5148275e+12,0.0001761,0.0001761,0.0001761,0.0001761,38.0,1.5148278e+12,0.0066918,1.0,38.0,0.0066918,0.0
2832,1.5148278e+12,0.000176,0.0001783,0.000176,0.0001783,1925.0,1.5148281e+12,0.33932221,9.0,820.0,0.14459702,0.0
2833,1.5148281e+12,0.00017825,0.00017825,0.00017708,0.00017708,192.0,1.5148284e+12,0.03407917,8.0,81.0,0.01439761,0.0
2834,1.5148284e+12,0.00017696,0.00017709,0.00017691,0.00017709,2041.0,1.5148287e+12,0.3612442,15.0,2041.0,0.3612442,0.0
2835,1.5148287e+12,0.00017709,0.00018304,0.00017709,0.00017923,609.0,1.514829e+12,0.10957718,13.0,555.0,0.09998998,0.0
2836,1.514829e+12,0.00017953,0.00017979,0.00017953,0.00017978,225.0,1.5148293e+12,0.04044357,3.0,195.0,0.03505767,0.0
2837,1.5148293e+12,0.00017978,0.00017979,0.00017923,0.00017978,1944.0,1.5148296e+12,0.34935473,12.0,1639.0,0.29467171,0.0
2838,1.5148296e+12,0.00017978,0.00017978,0.00017978,0.00017978,26.0,1.5148299e+12,0.00467428,5.0,0.0,0.0,0.0
2839,1.5148299e+12,0.00017978,0.00017979,0.00017978,0.00017979,620.0,1.5148302e+12,0.11146973,3.0,613.0,0.11021127,0.0
2840,1.5148302e+12,0.00017979,0.00017979,0.00017922,0.00017922,2749.0,1.5148305e+12,0.49286452,10.0,106.0,0.01905375,0.0
2841,1.5148305e+12,0.00017859,0.00017859,0.00017799,0.00017799,13.0,1.5148308e+12,0.00231807,2.0,6.0,0.00106794,0.0
2842,1.5148308e+12,0.00017799,0.00017799,0.00017799,0.00017799,24.0,1.5148311e+12,0.00427176,3.0,8.0,0.00142392,0.0
2843,1.5148311e+12,0.00017799,0.00017859,0.00017607,0.00017859,471.0,1.5148314e+12,0.0831875,7.0,96.0,0.01707061,0.0
2844,1.5148314e+12,0.00017859,0.00017859,0.00017859,0.00017859,0.0,1.5148317e+12,0.0,0.0,0.0,0.0,0.0
2845,1.5148317e+12,0.00017859,0.00017859,0.00017859,0.00017859,0.0,1.514832e+12,0.0,0.0,0.0,0.0,0.0
2846,1.514832e+12,0.00017859,0.00017859,0.00017859,0.00017859,0.0,1.5148323e+12,0.0,0.0,0.0,0.0,0.0
2847,1.5148323e+12,0.00017804,0.00017804,0.00017804,0.00017804,7.0,1.5148326e+12,0.00124628,1.0,7.0,0.00124628,0.0
2848,1.5148326e+12,0.00017806,0.00017806,0.00017805,0.00017805,3171.0,1.5148329e+12,0.56461845,11.0,2044.0,0.3639449,0.0
2849,1.5148329e+12,0.00017805,0.00017805,0.00017751,0.00017751,431.0,1.5148332e+12,0.07669851,3.0,355.0,0.06320775,0.0
2850,1.5148332e+12,0.0001775,0.00017805,0.00017723,0.000178,671.0,1.5148335e+12,0.11921639,9.0,373.0,0.066399,0.0
2851,1.5148335e+12,0.00017806,0.00017806,0.00017602,0.00017806,3908.0,1.5148338e+12,0.69366604,11.0,2833.0,0.5044293,0.0
2852,1.5148338e+12,0.00017806,0.00017806,0.00017806,0.00017806,0.0,1.5148341e+12,0.0,0.0,0.0,0.0,0.0
2853,1.5148341e+12,0.00017692,0.00017711,0.00017692,0.0001771,7681.0,1.5148344e+12,1.35920657,10.0,6097.0,1.07868124,0.0
2854,1.5148344e+12,0.0001771,0.0001771,0.0001771,0.0001771,0.0,1.5148347e+12,0.0,0.0,0.0,0.0,0.0
2855,1.5148347e+12,0.000178,0.000178,0.000178,0.000178,118.0,1.514835e+12,0.021004,3.0,118.0,0.021004,0.0
2856,1.514835e+12,0.00017798,0.00017798,0.00017797,0.00017797,1371.0,1.5148353e+12,0.24399748,3.0,1371.0,0.24399748,0.0
2857,1.5148353e+12,0.00017803,0.00017806,0.00017803,0.00017806,4369.0,1.5148356e+12,0.77792686,8.0,4369.0,0.77792686,0.0
2858,1.5148356e+12,0.00017811,0.00017819,0.00017811,0.00017819,2707.0,1.5148359e+12,0.48231151,24.0,0.0,0.0,0.0
2859,1.5148359e+12,0.0001782,0.00017954,0.0001782,0.00017954,899.0,1.5148362e+12,0.16025277,3.0,43.0,0.00771357,0.0
2860,1.5148362e+12,0.00017936,0.00017936,0.00017936,0.00017936,28.0,1.5148365e+12,0.00502208,1.0,28.0,0.00502208,0.0
2861,1.5148365e+12,0.00017936,0.00017954,0.00017936,0.00017951,957.0,1.5148368e+12,0.17178903,4.0,925.0,0.16604375,0.0
2862,1.5148368e+12,0.00017948,0.00017951,0.00017948,0.00017951,694.0,1.5148371e+12,0.12456022,4.0,690.0,0.12384222,0.0
2863,1.5148371e+12,0.0001795,0.00017951,0.0001795,0.00017951,120.0,1.5148374e+12,0.02154072,6.0,72.0,0.01292472,0.0
2864,1.5148374e+12,0.00017951,0.00017951,0.0001793,0.0001793,21.0,1.5148377e+12,0.00376701,3.0,1.0,0.00017951,0.0
2865,1.5148377e+12,0.0001793,0.0001793,0.0001793,0.0001793,0.0,1.514838e+12,0.0,0.0,0.0,0.0,0.0
2866,1.514838e+12,0.0001793,0.0001793,0.00017837,0.00017838,94.0,1.5148383e+12,0.016781,3.0,0.0,0.0,0.0
2867,1.5148383e+12,0.0001795,0.0001795,0.0001782,0.0001782,1603.0,1.5148386e+12,0.2857369,14.0,20.0,0.00359,0.0
2868,1.5148386e+12,0.00017821,0.00017821,0.0001782,0.0001782,2447.0,1.5148389e+12,0.43607888,6.0,0.0,0.0,0.0
2869,1.5148389e+12,0.0001782,0.0001782,0.0001782,0.0001782,0.0,1.5148392e+12,0.0,0.0,0.0,0.0,0.0
2870,1.5148392e+12,0.0001782,0.0001782,0.0001782,0.0001782,500.0,1.5148395e+12,0.0891,1.0,0.0,0.0,0.0
2871,1.5148395e+12,0.00017821,0.00017841,0.0001782,0.00017841,1081.0,1.5148398e+12,0.19263869,4.0,19.0,0.00338979,0.0
2872,1.5148398e+12,0.00017837,0.00017837,0.00017704,0.00017704,752.0,1.5148401e+12,0.13323612,6.0,68.0,0.01212916,0.0
2873,1.5148401e+12,0.00017808,0.00017808,0.00017808,0.00017808,1.0,1.5148404e+12,0.00017808,1.0,1.0,0.00017808,0.0
2874,1.5148404e+12,0.00017806,0.00017857,0.0001766,0.0001775,3811.0,1.5148407e+12,0.68026325,13.0,1102.0,0.19664856,0.0
2875,1.5148407e+12,0.00017661,0.0001775,0.000176,0.00017657,2922.0,1.514841e+12,0.51546816,32.0,503.0,0.08895106,0.0
2876,1.514841e+12,0.00017657,0.00017714,0.00017657,0.00017658,464.0,1.5148413e+12,0.0821743,7.0,451.0,0.07987882,0.0
2877,1.5148413e+12,0.00017715,0.00017818,0.00017693,0.00017693,521.0,1.5148416e+12,0.09281274,4.0,514.0,0.09157423,0.0
2878,1.5148416e+12,0.00017693,0.00017857,0.00017693,0.00017857,31.0,1.5148419e+12,0.00549535,5.0,31.0,0.00549535,0.0
2879,1.5148419e+12,0.00017697,0.00017697,0.00017618,0.00017697,35.0,1.5148422e+12,0.00618842,5.0,21.0,0.00371637,0.0
2880,1.5148422e+12,0.0001762,0.0001762,0.0001762,0.0001762,34.0,1.5148425e+12,0.0059908,2.0,34.0,0.0059908,0.0
2881,1.5148425e+12,0.0001762,0.00017776,0.0001762,0.00017776,11.0,1.5148428e+12,0.001946,2.0,11.0,0.001946,0.0
2882,1.5148428e+12,0.00017776,0.00017843,0.00017641,0.00017694,621.0,1.5148431e+12,0.10984392,8.0,140.0,0.02497886,0.0
2883,1.5148431e+12,0.00017692,0.00017964,0.0001769,0.00017964,1850.0,1.5148434e+12,0.33082025,18.0,1843.0,0.32958069,0.0
2884,1.5148434e+12,0.00017964,0.00017969,0.00017913,0.00017969,643.0,1.5148437e+12,0.11550488,8.0,643.0,0.11550488,0.0
2885,1.5148437e+12,0.00017859,0.00017969,0.00017859,0.00017968,811.0,1.514844e+12,0.14569712,6.0,801.0,0.14391122,0.0
2886,1.514844e+12,0.00017969,0.00017978,0.00017969,0.00017978,767.0,1.5148443e+12,0.13788604,7.0,758.0,0.13626802,0.0
2887,1.5148443e+12,0.00017978,0.00017978,0.00017978,0.00017978,0.0,1.5148446e+12,0.0,0.0,0.0,0.0,0.0
2888,1.5148446e+12,0.00017868,0.00018,0.00017868,0.00018,1606.0,1.5148449e+12,0.28794439,7.0,870.0,0.156435,0.0
2889,1.5148449e+12,0.00017909,0.00018319,0.00017909,0.00018064,2020.0,1.5148452e+12,0.36838852,21.0,1612.0,0.29503432,0.0
2890,1.5148452e+12,0.00018188,0.0001819,0.00018095,0.00018095,490.0,1.5148455e+12,0.08897598,11.0,7.0,0.00127316,0.0
2891,1.5148455e+12,0.00018093,0.00018093,0.00018093,0.00018093,12.0,1.5148458e+12,0.00217116,1.0,0.0,0.0,0.0
2892,1.5148458e+12,0.00018049,0.00018049,0.00017893,0.00017893,2058.0,1.5148461e+12,0.36825486,9.0,1085.0,0.19414841,0.0
2893,1.5148461e+12,0.00017929,0.00017974,0.00017929,0.00017974,124.0,1.5148464e+12,0.02225947,4.0,0.0,0.0,0.0
2894,1.5148464e+12,0.00018049,0.00018049,0.00017872,0.00018049,289.0,1.5148467e+12,0.05209966,6.0,254.0,0.04584446,0.0
2895,1.5148467e+12,0.00018123,0.00018234,0.00017967,0.00017967,68.0,1.514847e+12,0.01229599,5.0,41.0,0.00744042,0.0
2896,1.514847e+12,0.00017972,0.00017972,0.00017858,0.00017858,2652.0,1.5148473e+12,0.47486602,11.0,511.0,0.09125438,0.0
2897,1.5148473e+12,0.00017858,0.00017858,0.00017858,0.00017858,47.0,1.5148476e+12,0.00839326,2.0,0.0,0.0,0.0
2898,1.5148476e+12,0.00017858,0.00017858,0.00017858,0.00017858,19.0,1.5148479e+12,0.00339302,1.0,0.0,0.0,0.0
2899,1.5148479e+12,0.0001786,0.0001786,0.00017857,0.00017859,2145.0,1.5148482e+12,0.38307948,12.0,131.0,0.02339403,0.0
2900,1.5148482e+12,0.00017856,0.00017856,0.00017615,0.00017724,2551.0,1.5148485e+12,0.45200654,28.0,1085.0,0.19289896,0.0
2901,1.5148485e+12,0.00017723,0.00017724,0.00017615,0.00017724,714.0,1.5148488e+12,0.12590325,8.0,70.0,0.0124067,0.0
2902,1.5148488e+12,0.00017617,0.0001772,0.00017552,0.0001772,3058.0,1.5148491e+12,0.53834141,16.0,382.0,0.0673532,0.0
2903,1.5148491e+12,0.00017715,0.00017844,0.00017564,0.00017658,6923.0,1.5148494e+12,1.22419625,23.0,3467.0,0.61466405,0.0
2904,1.5148494e+12,0.00017504,0.00017657,0.00017202,0.00017202,2042.0,1.5148497e+12,0.3574864,18.0,1015.0,0.17858126,0.0
2905,1.5148497e+12,0.0001737,0.00017499,0.00017363,0.00017372,653.0,1.51485e+12,0.11341573,4.0,13.0,0.00227487,0.0
2906,1.51485e+12,0.00017392,0.00017392,0.00017392,0.00017392,184.0,1.5148503e+12,0.03200128,1.0,0.0,0.0,0.0
2907,1.5148503e+12,0.000175,0.00017638,0.000175,0.00017638,10.0,1.5148506e+12,0.00175414,2.0,10.0,0.00175414,0.0
2908,1.5148506e+12,0.00017586,0.00017586,0.0001705,0.00017191,3715.0,1.5148509e+12,0.64069856,27.0,452.0,0.07891703,0.0
2909,1.5148509e+12,0.00017219,0.00017303,0.00017219,0.0001729,408.0,1.5148512e+12,0.07050506,13.0,82.0,0.01415102,0.0
2910,1.5148512e+12,0.00017295,0.00017303,0.00017,0.00017102,1827.0,1.5148515e+12,0.31522735,18.0,158.0,0.02732518,0.0
2911,1.5148515e+12,0.00017103,0.000172,0.00017102,0.00017197,223.0,1.5148518e+12,0.03814784,6.0,9.0,0.00154797,0.0
2912,1.5148518e+12,0.00017167,0.00017167,0.00017167,0.00017167,47.0,1.5148521e+12,0.00806849,1.0,47.0,0.00806849,0.0
2913,1.5148521e+12,0.00017165,0.00017441,0.00017165,0.0001717,543.0,1.5148524e+12,0.09371152,31.0,462.0,0.07977947,0.0
2914,1.5148524e+12,0.00017404,0.00017404,0.00017166,0.00017176,2379.0,1.5148527e+12,0.40930021,20.0,329.0,0.05719125,0.0
2915,1.5148527e+12,0.0001723,0.00017242,0.00017096,0.00017242,2340.0,1.514853e+12,0.4015823,16.0,234.0,0.04033309,0.0
2916,1.514853e+12,0.00017242,0.00017245,0.00017242,0.00017245,1546.0,1.5148533e+12,0.26659624,18.0,1546.0,0.26659624,0.0
2917,1.5148533e+12,0.00017252,0.00017252,0.00017252,0.00017252,279.0,1.5148536e+12,0.04813308,8.0,279.0,0.04813308,0.0
2918,1.5148536e+12,0.00017245,0.00017253,0.00017245,0.00017253,3251.0,1.5148539e+12,0.560769,30.0,1362.0,0.23498586,0.0
2919,1.5148539e+12,0.00017327,0.00017434,0.00017327,0.00017433,11.0,1.5148542e+12,0.00191022,3.0,11.0,0.00191022,0.0
2920,1.5148542e+12,0.00017433,0.00017434,0.00017255,0.00017255,2377.0,1.5148545e+12,0.41310626,19.0,1654.0,0.28823937,0.0
2921,1.5148545e+12,0.000174,0.00017498,0.000174,0.00017498,4394.0,1.5148548e+12,0.76804991,18.0,4394.0,0.76804991,0.0
2922,1.5148548e+12,0.00017497,0.000175,0.00017424,0.000175,950.0,1.5148551e+12,0.16622122,6.0,835.0,0.14609852,0.0
2923,1.5148551e+12,0.00017456,0.00017456,0.00017275,0.00017335,1738.0,1.5148554e+12,0.30128642,19.0,955.0,0.16565069,0.0
2924,1.5148554e+12,0.00017335,0.00017336,0.00017275,0.00017275,1035.0,1.5148557e+12,0.17912205,10.0,517.0,0.08962252,0.0
2925,1.5148557e+12,0.00017275,0.00017446,0.00017275,0.00017437,527.0,1.514856e+12,0.09175975,7.0,427.0,0.07448475,0.0
2926,1.514856e+12,0.00017339,0.00017445,0.00017256,0.00017445,795.0,1.5148563e+12,0.1373471,13.0,78.0,0.0136071,0.0
2927,1.5148563e+12,0.0001737,0.00017604,0.0001737,0.00017603,1472.0,1.5148566e+12,0.25637609,14.0,1466.0,0.25533389,0.0
2928,1.5148566e+12,0.00017603,0.0001765,0.00017436,0.0001765,2180.0,1.5148569e+12,0.38314672,13.0,1713.0,0.30154843,0.0
2929,1.5148569e+12,0.00017494,0.0001765,0.00017494,0.0001765,510.0,1.5148572e+12,0.08970924,9.0,266.0,0.046949,0.0
2930,1.5148572e+12,0.0001765,0.00017779,0.00017556,0.00017779,9442.0,1.5148575e+12,1.6721583,38.0,6331.0,1.1243274,0.0
2931,1.5148575e+12,0.00017779,0.0001778,0.0001758,0.00017778,8133.0,1.5148578e+12,1.44139045,27.0,5463.0,0.97122673,0.0
2932,1.5148578e+12,0.0001769,0.00017778,0.0001769,0.00017778,482.0,1.5148581e+12,0.08566016,12.0,482.0,0.08566016,0.0
2933,1.5148581e+12,0.00017778,0.00018061,0.00017688,0.0001803,3944.0,1.5148584e+12,0.70692221,39.0,3842.0,0.68874981,0.0
2934,1.5148584e+12,0.0001803,0.0001803,0.00017687,0.00017784,2690.0,1.5148587e+12,0.4814535,24.0,872.0,0.15555786,0.0
2935,1.5148587e+12,0.00017706,0.00017781,0.00017706,0.00017781,368.0,1.514859e+12,0.06538472,11.0,368.0,0.06538472,0.0
2936,1.514859e+12,0.00017781,0.00017781,0.00017485,0.00017485,13418.0,1.5148593e+12,2.36164729,60.0,2585.0,0.45949769,0.0
2937,1.5148593e+12,0.00017485,0.00017766,0.00017483,0.00017766,4322.0,1.5148596e+12,0.75573749,25.0,316.0,0.05532565,0.0
2938,1.5148596e+12,0.00017756,0.00017756,0.0001748,0.0001748,9631.0,1.5148599e+12,1.68917035,51.0,500.0,0.08878,0.0
2939,1.5148599e+12,0.0001748,0.00017773,0.00017308,0.0001756,8657.0,1.5148602e+12,1.50974278,28.0,1923.0,0.3366781,0.0
2940,1.5148602e+12,0.00017468,0.00017473,0.0001732,0.00017322,2294.0,1.5148605e+12,0.39741985,24.0,1.0,0.00017473,0.0
2941,1.5148605e+12,0.00017323,0.00017323,0.00017321,0.00017323,4088.0,1.5148608e+12,0.70815129,39.0,1360.0,0.2355928,0.0
2942,1.5148608e+12,0.00017472,0.0001756,0.00017323,0.0001756,2372.0,1.5148611e+12,0.41255474,30.0,961.0,0.16812721,0.0
2943,1.5148611e+12,0.00017403,0.00017441,0.00017323,0.00017415,3194.0,1.5148614e+12,0.55388062,15.0,334.0,0.05818607,0.0
2944,1.5148614e+12,0.00017415,0.000175,0.00017325,0.00017325,444.0,1.5148617e+12,0.07715586,9.0,274.0,0.04768936,0.0
2945,1.5148617e+12,0.0001747,0.00017534,0.0001747,0.00017534,7956.0,1.514862e+12,1.39152758,16.0,6611.0,1.15644838,0.0
2946,1.514862e+12,0.00017649,0.0001765,0.00017478,0.00017488,2764.0,1.5148623e+12,0.4861451,8.0,1749.0,0.30868798,0.0
2947,1.5148623e+12,0.00017649,0.00017649,0.00017494,0.00017645,2618.0,1.5148626e+12,0.45972763,11.0,872.0,0.15389676,0.0
2948,1.5148626e+12,0.00017524,0.00017627,0.00017524,0.00017526,4166.0,1.5148629e+12,0.7307804,19.0,614.0,0.10822978,0.0
2949,1.5148629e+12,0.00017526,0.00017629,0.00017526,0.00017593,4465.0,1.5148632e+12,0.78459268,11.0,2032.0,0.35815688,0.0
2950,1.5148632e+12,0.00017592,0.00017598,0.0001753,0.00017531,1500.0,1.5148635e+12,0.26383178,15.0,1432.0,0.25191088,0.0
2951,1.5148635e+12,0.00017532,0.00017598,0.00017532,0.00017598,1122.0,1.5148638e+12,0.19674204,5.0,50.0,0.008799,0.0
2952,1.5148638e+12,0.00017533,0.00017579,0.00017524,0.00017524,10521.0,1.5148641e+12,1.84549684,34.0,1658.0,0.29116589,0.0
2953,1.5148641e+12,0.00017524,0.00017524,0.00017516,0.00017516,2222.0,1.5148644e+12,0.3892672,11.0,0.0,0.0,0.0
2954,1.5148644e+12,0.00017516,0.00017582,0.00017323,0.00017576,4632.0,1.5148647e+12,0.8122116,27.0,3176.0,0.55828505,0.0
2955,1.5148647e+12,0.00017505,0.00017651,0.00017418,0.00017528,2963.0,1.514865e+12,0.52070439,39.0,1925.0,0.33889315,0.0
2956,1.514865e+12,0.00017528,0.000176,0.00017516,0.00017555,3109.0,1.5148653e+12,0.54690455,12.0,2717.0,0.47817797,0.0
2957,1.5148653e+12,0.000176,0.00017784,0.000176,0.00017784,699.0,1.5148656e+12,0.12386716,6.0,489.0,0.08690276,0.0
2958,1.5148656e+12,0.00017866,0.000194,0.00017866,0.00019279,20696.0,1.5148659e+12,3.85910381,116.0,16491.0,3.07401603,0.0
2959,1.5148659e+12,0.00019279,0.00019414,0.00018229,0.0001895,16040.0,1.5148662e+12,3.04413403,129.0,6007.0,1.16094203,0.0
2960,1.5148662e+12,0.0001924,0.0001924,0.000186,0.00018604,9900.0,1.5148665e+12,1.86987388,66.0,2640.0,0.49873589,0.0
2961,1.5148665e+12,0.000187,0.00018806,0.000186,0.00018806,3951.0,1.5148668e+12,0.73775919,36.0,1324.0,0.24715025,0.0
2962,1.5148668e+12,0.000188,0.00018911,0.00018601,0.00018601,2390.0,1.5148671e+12,0.44716874,26.0,281.0,0.05276882,0.0
2963,1.5148671e+12,0.00018817,0.00018964,0.00018654,0.00018943,883.0,1.5148674e+12,0.16675879,15.0,648.0,0.12258376,0.0
2964,1.5148674e+12,0.00018943,0.00018964,0.00018673,0.00018958,9390.0,1.5148677e+12,1.77157149,33.0,3883.0,0.73572193,0.0
2965,1.5148677e+12,0.00018764,0.00018912,0.00018706,0.0001871,4663.0,1.514868e+12,0.87352095,20.0,983.0,0.18501933,0.0
2966,1.514868e+12,0.000188,0.00018964,0.0001871,0.0001885,3481.0,1.5148683e+12,0.6577136,13.0,2922.0,0.5530286,0.0
2967,1.5148683e+12,0.00018853,0.00018958,0.00018853,0.00018958,420.0,1.5148686e+12,0.07957495,5.0,363.0,0.06881754,0.0
2968,1.5148686e+12,0.00018958,0.00018958,0.00018725,0.00018725,2696.0,1.5148689e+12,0.51029848,10.0,1543.0,0.29251619,0.0
2969,1.5148689e+12,0.0001873,0.00018955,0.0001873,0.00018849,1638.0,1.5148692e+12,0.31010428,15.0,1379.0,0.26115892,0.0
2970,1.5148692e+12,0.00018848,0.00018849,0.00018754,0.00018849,2218.0,1.5148695e+12,0.41617003,10.0,930.0,0.17461851,0.0
2971,1.5148695e+12,0.00018722,0.00018849,0.00018719,0.00018849,4301.0,1.5148698e+12,0.80528263,14.0,21.0,0.00395829,0.0
2972,1.5148698e+12,0.0001881,0.00018932,0.0001872,0.00018872,3386.0,1.5148701e+12,0.63703262,39.0,1779.0,0.33470423,0.0
2973,1.5148701e+12,0.00018929,0.00018929,0.00018708,0.00018738,7017.0,1.5148704e+12,1.31852284,60.0,1799.0,0.33855201,0.0
2974,1.5148704e+12,0.00018709,0.00018719,0.0001869,0.00018692,4649.0,1.5148707e+12,0.86940024,39.0,2276.0,0.42558258,0.0
2975,1.5148707e+12,0.00018692,0.00018707,0.00018681,0.00018681,4879.0,1.514871e+12,0.91202149,38.0,1404.0,0.26246145,0.0
2976,1.514871e+12,0.0001869,0.00018698,0.00018505,0.0001863,7501.0,1.5148713e+12,1.39952785,76.0,4638.0,0.86606401,0.0
2977,1.5148713e+12,0.0001863,0.00018658,0.0001857,0.00018658,4708.0,1.5148716e+12,0.87628006,55.0,2595.0,0.48362228,0.0
2978,1.5148716e+12,0.00018641,0.00018641,0.00018601,0.00018601,4999.0,1.5148719e+12,0.93049659,32.0,245.0,0.04560133,0.0
2979,1.5148719e+12,0.00018601,0.00018601,0.0001845,0.00018599,5755.0,1.5148722e+12,1.06425403,14.0,2.0,0.00037198,0.0
2980,1.5148722e+12,0.000186,0.000186,0.000184,0.0001853,2404.0,1.5148725e+12,0.44496205,30.0,834.0,0.15436032,0.0
2981,1.5148725e+12,0.00018513,0.00018649,0.000184,0.00018599,2343.0,1.5148728e+12,0.43247247,30.0,1079.0,0.19946901,0.0
2982,1.5148728e+12,0.00018406,0.00018599,0.00018389,0.00018471,294.0,1.5148731e+12,0.05438223,21.0,186.0,0.03450017,0.0
2983,1.5148731e+12,0.00018471,0.00018554,0.0001847,0.00018554,536.0,1.5148734e+12,0.09901444,10.0,456.0,0.08423764,0.0
2984,1.5148734e+12,0.00018398,0.00018529,0.00018321,0.00018486,1830.0,1.5148737e+12,0.33723401,29.0,531.0,0.09805521,0.0
2985,1.5148737e+12,0.00018485,0.00018485,0.00018428,0.00018482,1451.0,1.514874e+12,0.26807931,12.0,1259.0,0.23265162,0.0
2986,1.514874e+12,0.00018447,0.00018481,0.00018447,0.00018481,39.0,1.5148743e+12,0.00720351,2.0,27.0,0.00498987,0.0
2987,1.5148743e+12,0.00018481,0.00018488,0.00018481,0.00018488,13851.0,1.5148746e+12,2.56003541,11.0,13851.0,2.56003541,0.0
2988,1.5148746e+12,0.00018488,0.00018488,0.00018263,0.00018275,4528.0,1.5148749e+12,0.82899657,43.0,846.0,0.15505814,0.0
2989,1.5148749e+12,0.00018277,0.00018421,0.00018277,0.00018298,1214.0,1.5148752e+12,0.2222155,22.0,806.0,0.14757715,0.0
2990,1.5148752e+12,0.00018303,0.0001837,0.00018274,0.00018284,4371.0,1.5148755e+12,0.7995142,37.0,1298.0,0.23755333,0.0
2991,1.5148755e+12,0.00018294,0.00018294,0.00018263,0.00018263,1140.0,1.5148758e+12,0.20841269,10.0,163.0,0.02981562,0.0
2992,1.5148758e+12,0.00018263,0.00018467,0.00018249,0.00018249,3545.0,1.5148761e+12,0.64785618,15.0,538.0,0.09906178,0.0
2993,1.5148761e+12,0.00018252,0.00018252,0.00018249,0.0001825,1383.0,1.5148764e+12,0.25238598,13.0,19.0,0.0034675,0.0
2994,1.5148764e+12,0.00018201,0.00018201,0.0001798,0.00017998,2558.0,1.5148767e+12,0.46062679,20.0,168.0,0.03023718,0.0
2995,1.5148767e+12,0.0001798,0.0001798,0.00017915,0.00017967,3338.0,1.514877e+12,0.59904737,30.0,1012.0,0.18156528,0.0
2996,1.514877e+12,0.00017962,0.0001819,0.00017962,0.0001819,385.0,1.5148773e+12,0.06927574,20.0,135.0,0.02434874,0.0
2997,1.5148773e+12,0.00018187,0.00018187,0.000179,0.00017996,7005.0,1.5148776e+12,1.25911462,36.0,1854.0,0.33380441,0.0
2998,1.5148776e+12,0.00017996,0.00017996,0.00017639,0.00017977,2269.0,1.5148779e+12,0.40544352,22.0,698.0,0.12527062,0.0
2999,1.5148779e+12,0.00017983,0.00017983,0.00017834,0.00017835,348.0,1.5148782e+12,0.0620797,7.0,19.0,0.00340493,0.0
3000,1.5148782e+12,0.00017835,0.00017906,0.00017763,0.00017763,1860.0,1.5148785e+12,0.33085208,11.0,420.0,0.07506488,0.0
3001,1.5148785e+12,0.00017763,0.00017906,0.00017762,0.00017762,486.0,1.5148788e+12,0.08638092,6.0,41.0,0.00733786,0.0
3002,1.5148788e+12,0.00017779,0.00017779,0.00017509,0.00017509,2483.0,1.5148791e+12,0.44070732,14.0,0.0,0.0,0.0
3003,1.5148791e+12,0.00017655,0.00017655,0.0001751,0.0001751,1343.0,1.5148794e+12,0.23546338,17.0,111.0,0.01957552,0.0
3004,1.5148794e+12,0.00017526,0.00017598,0.000175,0.000175,1511.0,1.5148797e+12,0.26464425,16.0,116.0,0.02037779,0.0
3005,1.5148797e+12,0.00017687,0.00017856,0.00017417,0.00017515,2829.0,1.51488e+12,0.49977973,39.0,1308.0,0.23322135,0.0
3006,1.51488e+12,0.00017523,0.00017523,0.0001742,0.00017515,2854.0,1.5148803e+12,0.49809511,15.0,227.0,0.03977509,0.0
3007,1.5148803e+12,0.000175,0.000175,0.00017413,0.00017413,887.0,1.5148806e+12,0.15471398,7.0,40.0,0.0069652,0.0
3008,1.5148806e+12,0.00017543,0.00017544,0.00017352,0.00017352,2287.0,1.5148809e+12,0.39790244,19.0,488.0,0.08506435,0.0
3009,1.5148809e+12,0.0001735,0.0001742,0.0001735,0.00017409,422.0,1.5148812e+12,0.07333205,8.0,103.0,0.01793641,0.0
3010,1.5148812e+12,0.00017439,0.00017439,0.00017309,0.0001743,1654.0,1.5148815e+12,0.28777665,21.0,1221.0,0.21278014,0.0
3011,1.5148815e+12,0.0001743,0.00017435,0.0001731,0.00017318,7204.0,1.5148818e+12,1.25154753,29.0,4299.0,0.74773733,0.0
3012,1.5148818e+12,0.0001732,0.0001732,0.00017003,0.00017067,4086.0,1.5148821e+12,0.70280783,26.0,1017.0,0.17566648,0.0
3013,1.5148821e+12,0.00017067,0.00017288,0.00017067,0.00017269,661.0,1.5148824e+12,0.11383067,13.0,566.0,0.0974838,0.0
3014,1.5148824e+12,0.00017269,0.00017283,0.00017114,0.0001728,1930.0,1.5148827e+12,0.3334298,11.0,1394.0,0.2408446,0.0
3015,1.5148827e+12,0.0001728,0.0001728,0.00017003,0.00017027,6140.0,1.514883e+12,1.0459312,32.0,1143.0,0.19465909,0.0
3016,1.514883e+12,0.00017027,0.00017179,0.00016945,0.0001717,12831.0,1.5148833e+12,2.17814013,42.0,1553.0,0.26658263,0.0
3017,1.5148833e+12,0.0001717,0.00017176,0.00016945,0.00017015,6977.0,1.5148836e+12,1.18412357,18.0,379.0,0.06495152,0.0
3018,1.5148836e+12,0.00017175,0.00017175,0.00017101,0.00017101,1650.0,1.5148839e+12,0.28297316,18.0,1110.0,0.19062776,0.0
3019,1.5148839e+12,0.00017168,0.00017168,0.00017034,0.00017034,3594.0,1.5148842e+12,0.6137329,28.0,579.0,0.0992728,0.0
3020,1.5148842e+12,0.00017034,0.00017034,0.00016948,0.00016948,7447.0,1.5148845e+12,1.26367754,30.0,1000.0,0.16960318,0.0
3021,1.5148845e+12,0.00016947,0.00016948,0.00016945,0.00016947,8644.0,1.5148848e+12,1.46478948,30.0,904.0,0.1532013,0.0
3022,1.5148848e+12,0.00016947,0.00016947,0.00016865,0.00016865,3392.0,1.5148851e+12,0.57375929,22.0,547.0,0.09269739,0.0
3023,1.5148851e+12,0.00016866,0.00016943,0.00016865,0.00016943,3422.0,1.5148854e+12,0.57816738,16.0,1321.0,0.22381615,0.0
3024,1.5148854e+12,0.00016944,0.00016946,0.00016943,0.00016943,1858.0,1.5148857e+12,0.31484041,6.0,1684.0,0.28535959,0.0
3025,1.5148857e+12,0.00016943,0.00017161,0.00016943,0.00017161,10335.0,1.514886e+12,1.75804969,15.0,10243.0,1.74246213,0.0
3026,1.514886e+12,0.00017161,0.00017271,0.00017051,0.00017054,1962.0,1.5148863e+12,0.33683117,22.0,1525.0,0.26226441,0.0
3027,1.5148863e+12,0.00017068,0.00017424,0.00017068,0.00017188,8551.0,1.5148866e+12,1.46871824,75.0,3046.0,0.52427757,0.0
3028,1.5148866e+12,0.00017086,0.00017194,0.00017031,0.00017107,6823.0,1.5148869e+12,1.16298011,9.0,264.0,0.04538264,0.0
3029,1.5148869e+12,0.00017125,0.00017125,0.00017125,0.00017125,1.0,1.5148872e+12,0.00017125,1.0,0.0,0.0,0.0
3030,1.5148872e+12,0.000172,0.00017221,0.00017101,0.00017204,15324.0,1.5148875e+12,2.62283342,33.0,3498.0,0.59966603,0.0
3031,1.5148875e+12,0.00017195,0.00017199,0.00017032,0.00017186,7663.0,1.5148878e+12,1.31404538,13.0,3942.0,0.67772718,0.0
3032,1.5148878e+12,0.00017032,0.00017032,0.00016944,0.00016944,1374.0,1.5148881e+12,0.2338427,14.0,0.0,0.0,0.0
3033,1.5148881e+12,0.00017027,0.00017199,0.00016953,0.00017007,8106.0,1.5148884e+12,1.39316452,15.0,8010.0,1.37688428,0.0
3034,1.5148884e+12,0.00017008,0.00017199,0.00016967,0.00017039,9616.0,1.5148887e+12,1.64831193,44.0,7352.0,1.26269654,0.0
3035,1.5148887e+12,0.00017038,0.00017111,0.00017,0.00017111,1297.0,1.514889e+12,0.22154951,13.0,121.0,0.02061641,0.0
3036,1.514889e+12,0.00017162,0.00017163,0.00017,0.00017161,6744.0,1.5148893e+12,1.15605045,55.0,2839.0,0.48713762,0.0
3037,1.5148893e+12,0.0001716,0.00017191,0.0001716,0.00017191,7514.0,1.5148896e+12,1.29003797,46.0,4904.0,0.84210078,0.0
3038,1.5148896e+12,0.00017221,0.00017221,0.00017191,0.00017221,5242.0,1.5148899e+12,0.90132505,11.0,699.0,0.12032887,0.0
3039,1.5148899e+12,0.00017221,0.00017223,0.00017043,0.00017046,6666.0,1.5148902e+12,1.14502531,21.0,1849.0,0.3183986,0.0
3040,1.5148902e+12,0.00017185,0.00017246,0.0001705,0.00017099,1195.0,1.5148905e+12,0.20549403,11.0,1093.0,0.18810303,0.0
3041,1.5148905e+12,0.0001723,0.0001723,0.00017112,0.00017112,888.0,1.5148908e+12,0.15269932,5.0,550.0,0.094765,0.0
3042,1.5148908e+12,0.00017152,0.00017221,0.00017152,0.00017219,1000.0,1.5148911e+12,0.17160275,9.0,123.0,0.02117971,0.0
3043,1.5148911e+12,0.00017129,0.00017188,0.00017061,0.00017188,2058.0,1.5148914e+12,0.35156932,9.0,516.0,0.08828368,0.0
3044,1.5148914e+12,0.00017187,0.00017187,0.00017187,0.00017187,330.0,1.5148917e+12,0.0567171,2.0,330.0,0.0567171,0.0
3045,1.5148917e+12,0.00017186,0.00017186,0.00017186,0.00017186,662.0,1.514892e+12,0.11377132,7.0,662.0,0.11377132,0.0
3046,1.514892e+12,0.00017185,0.00017185,0.00017131,0.00017134,177.0,1.5148923e+12,0.03035046,3.0,50.0,0.0085925,0.0
3047,1.5148923e+12,0.00017153,0.0001722,0.00017115,0.00017118,3985.0,1.5148926e+12,0.68363545,22.0,1474.0,0.25357515,0.0
3048,1.5148926e+12,0.00017128,0.00017213,0.00017128,0.00017146,1616.0,1.5148929e+12,0.2773868,9.0,582.0,0.10017319,0.0
3049,1.5148929e+12,0.0001721,0.00017229,0.00017125,0.00017219,4076.0,1.5148932e+12,0.70163301,21.0,3536.0,0.60873082,0.0
3050,1.5148932e+12,0.00017229,0.00017229,0.0001716,0.0001716,157.0,1.5148935e+12,0.02703918,2.0,142.0,0.02446518,0.0
3051,1.5148935e+12,0.0001722,0.0001723,0.0001716,0.0001723,8310.0,1.5148938e+12,1.43055897,13.0,6540.0,1.12679779,0.0
3052,1.5148938e+12,0.00017165,0.00017231,0.00017163,0.00017187,1801.0,1.5148941e+12,0.31015707,9.0,1588.0,0.27356784,0.0
3053,1.5148941e+12,0.00017258,0.00017387,0.00017258,0.00017387,6117.0,1.5148944e+12,1.05997568,36.0,4189.0,0.72628422,0.0
3054,1.5148944e+12,0.00017387,0.00017576,0.00017357,0.00017576,2583.0,1.5148947e+12,0.44944757,28.0,2524.0,0.43920694,0.0
3055,1.5148947e+12,0.00017387,0.00017902,0.00017387,0.00017437,9984.0,1.514895e+12,1.76191621,82.0,4251.0,0.75424311,0.0
3056,1.514895e+12,0.00017559,0.00017651,0.00017426,0.00017428,737.0,1.5148953e+12,0.12919679,17.0,121.0,0.02135655,0.0
3057,1.5148953e+12,0.00017575,0.00017575,0.00017527,0.00017527,361.0,1.5148956e+12,0.06342363,11.0,299.0,0.05254633,0.0
3058,1.5148956e+12,0.00017527,0.00017574,0.00017502,0.00017502,1388.0,1.5148959e+12,0.24347422,14.0,421.0,0.07397047,0.0
3059,1.5148959e+12,0.00017458,0.00017529,0.00017429,0.00017517,2893.0,1.5148962e+12,0.50593342,11.0,1161.0,0.20298442,0.0
3060,1.5148962e+12,0.00017429,0.00017473,0.00017428,0.00017473,566.0,1.5148965e+12,0.09884005,10.0,423.0,0.07390993,0.0
3061,1.5148965e+12,0.00017473,0.00017997,0.0001744,0.00017622,5752.0,1.5148968e+12,1.03160032,28.0,5564.0,0.9986247,0.0
3062,1.5148968e+12,0.0001763,0.00017786,0.00017598,0.00017786,1350.0,1.5148971e+12,0.23825092,15.0,66.0,0.01173876,0.0
3063,1.5148971e+12,0.00017786,0.00018019,0.00017643,0.00018019,8967.0,1.5148974e+12,1.60559948,91.0,4965.0,0.89114171,0.0
3064,1.5148974e+12,0.00018151,0.00018512,0.00018,0.00018227,13300.0,1.5148977e+12,2.42447367,90.0,4655.0,0.85548363,0.0
3065,1.5148977e+12,0.00018227,0.00018283,0.00017504,0.00017557,16424.0,1.514898e+12,2.93944153,121.0,8577.0,1.53409608,0.0
3066,1.514898e+12,0.00017559,0.00018191,0.00017522,0.00018009,8443.0,1.5148983e+12,1.51881671,64.0,5650.0,1.0170773,0.0
3067,1.5148983e+12,0.00018009,0.00018182,0.00018009,0.00018115,5808.0,1.5148986e+12,1.05187481,42.0,806.0,0.14603379,0.0
3068,1.5148986e+12,0.00018163,0.00018164,0.00017965,0.00017965,13219.0,1.5148989e+12,2.38679309,69.0,1244.0,0.22481498,0.0
3069,1.5148989e+12,0.00017965,0.00017965,0.0001773,0.0001773,5505.0,1.5148992e+12,0.98102405,28.0,976.0,0.17351522,0.0
3070,1.5148992e+12,0.0001773,0.00017893,0.00017701,0.00017876,3224.0,1.5148995e+12,0.57299398,26.0,2983.0,0.5302367,0.0
3071,1.5148995e+12,0.00017771,0.00017893,0.000177,0.00017748,9402.0,1.5148998e+12,1.67366061,35.0,2427.0,0.43385624,0.0
3072,1.5148998e+12,0.00017748,0.00017748,0.0001762,0.00017622,1305.0,1.5149001e+12,0.23074922,11.0,564.0,0.10009872,0.0
3073,1.5149001e+12,0.00017644,0.00017644,0.00017359,0.00017359,5343.0,1.5149004e+12,0.93442313,38.0,1134.0,0.19875226,0.0
3074,1.5149004e+12,0.00017486,0.00017486,0.00016953,0.00017205,12875.0,1.5149007e+12,2.21144666,58.0,1376.0,0.23849912,0.0
3075,1.5149007e+12,0.00017195,0.00017199,0.00016866,0.00016867,8561.0,1.514901e+12,1.45729963,58.0,3482.0,0.59464062,0.0
3076,1.514901e+12,0.00016867,0.00017021,0.0001678,0.00016929,13686.0,1.5149013e+12,2.30226444,33.0,2766.0,0.46799558,0.0
3077,1.5149013e+12,0.00016929,0.00017136,0.00016929,0.00017135,775.0,1.5149016e+12,0.13228218,17.0,649.0,0.11072147,0.0
3078,1.5149016e+12,0.00017125,0.00017125,0.0001682,0.00017047,3377.0,1.5149019e+12,0.57366944,15.0,2037.0,0.34562876,0.0
3079,1.5149019e+12,0.00017047,0.00017133,0.00016991,0.00016991,1495.0,1.5149022e+12,0.25575756,12.0,1457.0,0.24930098,0.0
3080,1.5149022e+12,0.00016991,0.00016991,0.00016917,0.00016918,4320.0,1.5149025e+12,0.73306394,17.0,40.0,0.00679264,0.0
3081,1.5149025e+12,0.00016977,0.00016977,0.00016766,0.0001678,26522.0,1.5149028e+12,4.46144136,63.0,2304.0,0.38888065,0.0
3082,1.5149028e+12,0.0001678,0.0001678,0.0001671,0.00016778,3290.0,1.5149031e+12,0.55179604,23.0,2153.0,0.36125263,0.0
3083,1.5149031e+12,0.00016711,0.00016778,0.00016639,0.00016639,5633.0,1.5149034e+12,0.93930501,31.0,825.0,0.13782892,0.0
3084,1.5149034e+12,0.00016652,0.00016683,0.00016561,0.00016562,7153.0,1.5149037e+12,1.18579098,55.0,4499.0,0.74581188,0.0
3085,1.5149037e+12,0.00016562,0.00016639,0.00016561,0.00016625,1335.0,1.514904e+12,0.22124984,18.0,1309.0,0.21694398,0.0
3086,1.514904e+12,0.00016613,0.00016613,0.0001656,0.0001656,2026.0,1.5149043e+12,0.33560768,20.0,132.0,0.02189916,0.0
3087,1.5149043e+12,0.00016561,0.00016561,0.0001656,0.0001656,4128.0,1.5149046e+12,0.68361049,19.0,1369.0,0.22672009,0.0
3088,1.5149046e+12,0.0001656,0.00016791,0.0001656,0.00016642,13817.0,1.5149049e+12,2.30156845,38.0,3761.0,0.62734859,0.0
3089,1.5149049e+12,0.00016791,0.00016791,0.00016791,0.00016791,63.0,1.5149052e+12,0.01057833,2.0,63.0,0.01057833,0.0
3090,1.5149052e+12,0.00016704,0.0001679,0.00016703,0.00016703,2139.0,1.5149055e+12,0.35818116,20.0,484.0,0.08122958,0.0
3091,1.5149055e+12,0.00016788,0.00016998,0.00016654,0.00016998,3108.0,1.5149058e+12,0.5223498,21.0,2716.0,0.45678207,0.0
3092,1.5149058e+12,0.00016991,0.00016992,0.00016839,0.0001686,1642.0,1.5149061e+12,0.27709326,9.0,180.0,0.03057883,0.0
3093,1.5149061e+12,0.00016949,0.00016949,0.00016934,0.00016934,181.0,1.5149064e+12,0.03066038,4.0,181.0,0.03066038,0.0
3094,1.5149064e+12,0.00016934,0.00016934,0.00016863,0.00016863,1419.0,1.5149067e+12,0.2401902,16.0,1270.0,0.21505865,0.0
3095,1.5149067e+12,0.00016913,0.00016935,0.00016864,0.00016935,2524.0,1.514907e+12,0.42630182,17.0,1262.0,0.21346261,0.0
3096,1.514907e+12,0.00016871,0.00016934,0.00016864,0.00016865,1756.0,1.5149073e+12,0.29615314,11.0,16.0,0.00270323,0.0
3097,1.5149073e+12,0.00016911,0.00016911,0.00016864,0.00016865,1170.0,1.5149076e+12,0.19754001,15.0,619.0,0.10461401,0.0
3098,1.5149076e+12,0.00016865,0.00016865,0.00016854,0.00016854,2201.0,1.5149079e+12,0.37117042,11.0,0.0,0.0,0.0
3099,1.5149079e+12,0.00016862,0.00016862,0.0001656,0.00016762,13742.0,1.5149082e+12,2.27687447,32.0,779.0,0.12930875,0.0
3100,1.5149082e+12,0.0001664,0.00016742,0.00016562,0.00016708,4119.0,1.5149085e+12,0.68453872,19.0,1535.0,0.25606671,0.0
3101,1.5149085e+12,0.00016706,0.00016706,0.00016578,0.00016607,443.0,1.5149088e+12,0.07364079,6.0,159.0,0.02654454,0.0
3102,1.5149088e+12,0.00016608,0.00016693,0.00016607,0.00016691,1769.0,1.5149091e+12,0.29500448,11.0,1451.0,0.24219222,0.0
3103,1.5149091e+12,0.00016693,0.00016779,0.00016645,0.00016755,2712.0,1.5149094e+12,0.45186521,15.0,778.0,0.12986721,0.0
3104,1.5149094e+12,0.00016691,0.00016705,0.0001656,0.00016705,9683.0,1.5149097e+12,1.60618888,28.0,1585.0,0.26248615,0.0
3105,1.5149097e+12,0.000166,0.000166,0.000165,0.000165,1985.0,1.51491e+12,0.32800504,30.0,700.0,0.11571464,0.0
3106,1.51491e+12,0.00016519,0.00016519,0.00016419,0.000165,5001.0,1.5149103e+12,0.82295258,59.0,4671.0,0.76860186,0.0
3107,1.5149103e+12,0.00016595,0.00016595,0.00016581,0.00016594,2237.0,1.5149106e+12,0.3711171,16.0,2180.0,0.36165909,0.0
3108,1.5149106e+12,0.00016501,0.00016594,0.0001641,0.00016552,4374.0,1.5149109e+12,0.71914352,16.0,114.0,0.01887306,0.0
3109,1.5149109e+12,0.0001655,0.00016624,0.00016472,0.00016549,12800.0,1.5149112e+12,2.11632576,46.0,6703.0,1.10941578,0.0
3110,1.5149112e+12,0.00016554,0.00016684,0.00016554,0.00016571,1222.0,1.5149115e+12,0.20248017,16.0,172.0,0.02861862,0.0
3111,1.5149115e+12,0.00016667,0.00016699,0.00016565,0.00016699,2245.0,1.5149118e+12,0.37301095,17.0,1251.0,0.20793904,0.0
3112,1.5149118e+12,0.00016699,0.0001685,0.00016672,0.000167,1934.0,1.5149121e+12,0.32336992,24.0,1726.0,0.28863667,0.0
3113,1.5149121e+12,0.0001672,0.00016836,0.0001672,0.00016741,1158.0,1.5149124e+12,0.19462249,18.0,953.0,0.16032507,0.0
3114,1.5149124e+12,0.0001674,0.00016741,0.00016635,0.00016732,2155.0,1.5149127e+12,0.35998825,16.0,1367.0,0.22879767,0.0
3115,1.5149127e+12,0.00016815,0.00016815,0.00016787,0.00016787,2872.0,1.514913e+12,0.48277588,16.0,2872.0,0.48277588,0.0
3116,1.514913e+12,0.000167,0.00016777,0.000167,0.00016756,1101.0,1.5149133e+12,0.18403465,7.0,103.0,0.01728031,0.0
3117,1.5149133e+12,0.00016776,0.00016776,0.00016631,0.00016698,3102.0,1.5149136e+12,0.51975903,16.0,806.0,0.13513808,0.0
3118,1.5149136e+12,0.00016696,0.00016696,0.00016623,0.00016623,2111.0,1.5149139e+12,0.35201276,15.0,1196.0,0.19963115,0.0
3119,1.5149139e+12,0.00016625,0.000167,0.00016625,0.000167,1495.0,1.5149142e+12,0.24868799,11.0,162.0,0.02694636,0.0
3120,1.5149142e+12,0.00016701,0.00016701,0.00016625,0.000167,3344.0,1.5149145e+12,0.55781426,12.0,979.0,0.16348762,0.0
3121,1.5149145e+12,0.00016709,0.0001685,0.00016639,0.00016839,845.0,1.5149148e+12,0.14227292,9.0,817.0,0.1376028,0.0
3122,1.5149148e+12,0.00016837,0.00016837,0.00016657,0.00016657,641.0,1.5149151e+12,0.10683571,4.0,18.0,0.00303066,0.0
3123,1.5149151e+12,0.00016688,0.00016774,0.00016688,0.00016772,2161.0,1.5149154e+12,0.36216388,9.0,1961.0,0.32878788,0.0
3124,1.5149154e+12,0.00016771,0.00016774,0.00016771,0.00016774,977.0,1.5149157e+12,0.16386366,5.0,965.0,0.16185114,0.0
3125,1.5149157e+12,0.00016772,0.00016848,0.00016771,0.00016779,1888.0,1.514916e+12,0.31689007,12.0,306.0,0.05155488,0.0
3126,1.514916e+12,0.00016848,0.00016848,0.00016848,0.00016848,90.0,1.5149163e+12,0.0151632,1.0,90.0,0.0151632,0.0
3127,1.5149163e+12,0.00016775,0.00016838,0.00016625,0.00016838,7152.0,1.5149166e+12,1.1932617,12.0,10.0,0.0016838,0.0
3128,1.5149166e+12,0.00016761,0.00016761,0.00016549,0.00016549,401.0,1.5149169e+12,0.06655238,9.0,8.0,0.00134088,0.0
3129,1.5149169e+12,0.0001655,0.0001655,0.0001655,0.0001655,40.0,1.5149172e+12,0.00662,2.0,0.0,0.0,0.0
3130,1.5149172e+12,0.0001655,0.0001655,0.00016549,0.00016549,1412.0,1.5149175e+12,0.23368259,12.0,652.0,0.107906,0.0
3131,1.5149175e+12,0.00016549,0.00016549,0.0001651,0.0001651,4169.0,1.5149178e+12,0.68854957,25.0,195.0,0.03221959,0.0
3132,1.5149178e+12,0.0001651,0.0001651,0.00016289,0.00016289,9636.0,1.5149181e+12,1.58734788,40.0,82.0,0.0134942,0.0
3133,1.5149181e+12,0.00016289,0.00016289,0.00016002,0.00016087,6794.0,1.5149184e+12,1.09878309,34.0,9.0,0.00144783,0.0
3134,1.5149184e+12,0.00016002,0.00016079,0.00015867,0.00015867,7931.0,1.5149187e+12,1.2677585,65.0,58.0,0.0093245,0.0
3135,1.5149187e+12,0.00015867,0.00015867,0.00015633,0.00015785,6106.0,1.514919e+12,0.96354707,22.0,1487.0,0.23400784,0.0
3136,1.514919e+12,0.00015633,0.00015784,0.00015544,0.00015784,2451.0,1.5149193e+12,0.3829679,29.0,751.0,0.11798982,0.0
3137,1.5149193e+12,0.00015784,0.00015881,0.00015711,0.0001588,1920.0,1.5149196e+12,0.30472502,26.0,551.0,0.08732688,0.0
3138,1.5149196e+12,0.00015797,0.00015798,0.00015641,0.00015641,1597.0,1.5149199e+12,0.25102773,9.0,617.0,0.09742409,0.0
3139,1.5149199e+12,0.00015565,0.00015565,0.00015511,0.00015511,1917.0,1.5149202e+12,0.29821599,10.0,0.0,0.0,0.0
3140,1.5149202e+12,0.00015511,0.00015511,0.00015206,0.00015206,2434.0,1.5149205e+12,0.37257342,25.0,144.0,0.02225904,0.0
3141,1.5149205e+12,0.00015206,0.00015206,0.00014866,0.00014866,6314.0,1.5149208e+12,0.94598554,37.0,190.0,0.02850395,0.0
3142,1.5149208e+12,0.0001486,0.0001486,0.0001435,0.00014351,6426.0,1.5149211e+12,0.94959844,23.0,54.0,0.0080244,0.0
3143,1.5149211e+12,0.00014351,0.00014686,0.0001413,0.00014686,1607.0,1.5149214e+12,0.23061794,26.0,1246.0,0.17900774,0.0
3144,1.5149214e+12,0.00014686,0.00014866,0.00014686,0.00014866,6778.0,1.5149217e+12,1.0063779,53.0,6157.0,0.91477452,0.0
3145,1.5149217e+12,0.0001526,0.00015271,0.00015013,0.00015023,2419.0,1.514922e+12,0.36910488,30.0,2199.0,0.33575217,0.0
3146,1.514922e+12,0.00015025,0.00015031,0.00014734,0.000148,3365.0,1.5149223e+12,0.50458279,41.0,202.0,0.03004651,0.0
3147,1.5149223e+12,0.000148,0.00014874,0.00014799,0.00014874,138.0,1.5149226e+12,0.02042444,8.0,138.0,0.02042444,0.0
3148,1.5149226e+12,0.0001484,0.00015177,0.00013791,0.00015027,11014.0,1.5149229e+12,1.58584231,51.0,8008.0,1.16008529,0.0
3149,1.5149229e+12,0.00015171,0.00015178,0.00015032,0.00015177,1520.0,1.5149232e+12,0.23068582,9.0,1507.0,0.22872806,0.0
3150,1.5149232e+12,0.00015178,0.00015185,0.0001503,0.0001503,2743.0,1.5149235e+12,0.41379124,15.0,711.0,0.10791565,0.0
3151,1.5149235e+12,0.0001503,0.00015129,0.00015006,0.00015006,1739.0,1.5149238e+12,0.26125632,14.0,974.0,0.14627682,0.0
3152,1.5149238e+12,0.00014968,0.00014968,0.00014727,0.00014727,161.0,1.5149241e+12,0.02404543,11.0,0.0,0.0,0.0
3153,1.5149241e+12,0.00014794,0.00014794,0.00014551,0.00014556,616.0,1.5149244e+12,0.08990497,12.0,139.0,0.02045102,0.0
3154,1.5149244e+12,0.00014556,0.00014556,0.000143,0.000143,1255.0,1.5149247e+12,0.18017444,8.0,562.0,0.08039449,0.0
3155,1.5149247e+12,0.00014419,0.00014419,0.00014296,0.00014419,193.0,1.514925e+12,0.02761219,5.0,137.0,0.0196052,0.0
3156,1.514925e+12,0.00014482,0.00014681,0.00014397,0.00014479,1620.0,1.5149253e+12,0.23620177,13.0,974.0,0.14275338,0.0
3157,1.5149253e+12,0.00014611,0.00014912,0.00014611,0.00014912,1547.0,1.5149256e+12,0.22729363,13.0,1478.0,0.21700435,0.0
3158,1.5149256e+12,0.00014912,0.00015036,0.00014912,0.00014913,295.0,1.5149259e+12,0.04426578,7.0,222.0,0.03337992,0.0
3159,1.5149259e+12,0.00015036,0.00015045,0.00014913,0.00014913,7438.0,1.5149262e+12,1.11827424,24.0,6890.0,1.036551,0.0
3160,1.5149262e+12,0.0001495,0.0001502,0.0001495,0.0001502,2120.0,1.5149265e+12,0.31724345,10.0,54.0,0.0081108,0.0
3161,1.5149265e+12,0.0001502,0.00015045,0.0001502,0.00015045,6240.0,1.5149268e+12,0.93845884,15.0,6240.0,0.93845884,0.0
3162,1.5149268e+12,0.00015186,0.00015987,0.00015128,0.000156,494.0,1.5149271e+12,0.07666845,19.0,373.0,0.05796981,0.0
3163,1.5149271e+12,0.000156,0.000156,0.000156,0.000156,1444.0,1.5149274e+12,0.225264,4.0,0.0,0.0,0.0
3164,1.5149274e+12,0.00015601,0.00015601,0.00015601,0.00015601,114.0,1.5149277e+12,0.01778514,1.0,0.0,0.0,0.0
3165,1.5149277e+12,0.00015601,0.00015999,0.00015601,0.00015999,4337.0,1.514928e+12,0.68455261,14.0,4329.0,0.68330453,0.0
3166,1.514928e+12,0.0001587,0.0001587,0.00015624,0.00015642,396.0,1.5149283e+12,0.06209356,9.0,26.0,0.00410948,0.0
3167,1.5149283e+12,0.00015764,0.00015764,0.00015669,0.00015761,1437.0,1.5149286e+12,0.22532821,8.0,110.0,0.017326,0.0
3168,1.5149286e+12,0.00015756,0.00015756,0.00015288,0.00015289,5784.0,1.5149289e+12,0.89582831,32.0,1599.0,0.24898741,0.0
3169,1.5149289e+12,0.00015289,0.00015289,0.00015289,0.00015289,0.0,1.5149292e+12,0.0,0.0,0.0,0.0,0.0
3170,1.5149292e+12,0.00015415,0.00015415,0.00015306,0.00015402,1369.0,1.5149295e+12,0.20989403,4.0,369.0,0.05683403,0.0
3171,1.5149295e+12,0.0001539,0.0001539,0.00015386,0.00015386,1135.0,1.5149298e+12,0.17463227,6.0,130.0,0.020002,0.0
3172,1.5149298e+12,0.00015386,0.0001542,0.000152,0.0001542,4240.0,1.5149301e+12,0.64781731,23.0,2900.0,0.44352033,0.0
3173,1.5149301e+12,0.000154,0.00015443,0.00015304,0.00015304,983.0,1.5149304e+12,0.15170144,13.0,939.0,0.14491664,0.0
3174,1.5149304e+12,0.00015369,0.00015369,0.0001533,0.0001533,78.0,1.5149307e+12,0.0119613,5.0,68.0,0.0104244,0.0
3175,1.5149307e+12,0.0001533,0.0001533,0.00014293,0.00015153,799.0,1.514931e+12,0.12107469,13.0,511.0,0.07829577,0.0
3176,1.514931e+12,0.00014857,0.00014857,0.00014287,0.00014351,13621.0,1.5149313e+12,1.97617927,69.0,5800.0,0.84259297,0.0
3177,1.5149313e+12,0.0001444,0.0001518,0.0001444,0.00015021,2668.0,1.5149316e+12,0.397963,47.0,2239.0,0.33380774,0.0
3178,1.5149316e+12,0.00014845,0.00014931,0.0001435,0.00014523,7061.0,1.5149319e+12,1.01591584,33.0,1390.0,0.19996873,0.0
3179,1.5149319e+12,0.00014515,0.00014517,0.0001428,0.00014427,2475.0,1.5149322e+12,0.35525103,40.0,764.0,0.11019809,0.0
3180,1.5149322e+12,0.00014528,0.000148,0.00014409,0.00014409,2088.0,1.5149325e+12,0.30244562,22.0,1084.0,0.15634936,0.0
3181,1.5149325e+12,0.00014649,0.00014649,0.00014415,0.00014569,1472.0,1.5149328e+12,0.21293057,6.0,112.0,0.01635432,0.0
3182,1.5149328e+12,0.00014582,0.00014724,0.00014582,0.00014687,1032.0,1.5149331e+12,0.15160738,10.0,1032.0,0.15160738,0.0
3183,1.5149331e+12,0.00014782,0.00014998,0.00014685,0.00014836,4585.0,1.5149334e+12,0.68120634,38.0,2206.0,0.32642412,0.0
3184,1.5149334e+12,0.00014978,0.00014978,0.00014936,0.00014936,209.0,1.5149337e+12,0.03125546,4.0,91.0,0.01362998,0.0
3185,1.5149337e+12,0.00014932,0.00014932,0.00014835,0.00014878,458.0,1.514934e+12,0.06808579,7.0,317.0,0.04716844,0.0
3186,1.514934e+12,0.0001485,0.00014925,0.00014817,0.00014817,1748.0,1.5149343e+12,0.26014489,14.0,737.0,0.10996943,0.0
3187,1.5149343e+12,0.00014817,0.00014849,0.00014703,0.00014847,3452.0,1.5149346e+12,0.50863114,11.0,2158.0,0.31836138,0.0
3188,1.5149346e+12,0.00014703,0.00014849,0.00014703,0.00014847,972.0,1.5149349e+12,0.14308305,10.0,128.0,0.01898973,0.0
3189,1.5149349e+12,0.00014847,0.00014935,0.00014803,0.00014935,12039.0,1.5149352e+12,1.7884791,19.0,9577.0,1.42347924,0.0
3190,1.5149352e+12,0.0001483,0.00014934,0.0001483,0.00014932,543.0,1.5149355e+12,0.08096388,9.0,374.0,0.05585207,0.0
3191,1.5149355e+12,0.00014865,0.00015001,0.00014865,0.00015001,3969.0,1.5149358e+12,0.59204307,23.0,2783.0,0.41559439,0.0
3192,1.5149358e+12,0.00015001,0.00015146,0.00015001,0.00015146,3715.0,1.5149361e+12,0.55897812,27.0,2377.0,0.35770548,0.0
3193,1.5149361e+12,0.00015154,0.00016262,0.00015154,0.00016003,20991.0,1.5149364e+12,3.36222245,87.0,9148.0,1.45903943,0.0
3194,1.5149364e+12,0.00016003,0.00016004,0.0001428,0.00015665,15309.0,1.5149367e+12,2.34771115,63.0,2375.0,0.37987434,0.0
3195,1.5149367e+12,0.00015505,0.00015505,0.000154,0.000154,76.0,1.514937e+12,0.01172335,4.0,13.0,0.00201565,0.0
3196,1.514937e+12,0.000154,0.00015464,0.00015164,0.00015287,309.0,1.5149373e+12,0.04735626,18.0,288.0,0.04413353,0.0
3197,1.5149373e+12,0.00015173,0.00015268,0.00015037,0.00015109,5338.0,1.5149376e+12,0.80700665,15.0,2310.0,0.34934823,0.0
3198,1.5149376e+12,0.0001515,0.00015279,0.0001515,0.00015165,1255.0,1.5149379e+12,0.19121445,5.0,800.0,0.122232,0.0
3199,1.5149379e+12,0.00015118,0.00015118,0.00015107,0.00015107,2480.0,1.5149382e+12,0.37468079,18.0,72.0,0.01088221,0.0
3200,1.5149382e+12,0.0001515,0.00015165,0.00015036,0.00015038,2893.0,1.5149385e+12,0.43686529,17.0,888.0,0.13462374,0.0
3201,1.5149385e+12,0.00015163,0.00015163,0.00015,0.00015,911.0,1.5149388e+12,0.13692173,8.0,131.0,0.01986002,0.0
3202,1.5149388e+12,0.00015,0.00015078,0.00014904,0.00014906,3796.0,1.5149391e+12,0.56996095,26.0,2333.0,0.35030279,0.0
3203,1.5149391e+12,0.00014907,0.00015077,0.00014907,0.00014999,1027.0,1.5149394e+12,0.15355066,12.0,878.0,0.13133884,0.0
3204,1.5149394e+12,0.00014906,0.00014994,0.00014906,0.00014993,359.0,1.5149397e+12,0.05353266,5.0,23.0,0.0034485,0.0
3205,1.5149397e+12,0.00014993,0.00014995,0.00014993,0.00014995,802.0,1.51494e+12,0.12025452,4.0,802.0,0.12025452,0.0
3206,1.51494e+12,0.00014995,0.00015077,0.00014938,0.00015045,958.0,1.5149403e+12,0.14368864,12.0,658.0,0.09887464,0.0
3207,1.5149403e+12,0.00015076,0.00015295,0.00015076,0.0001522,9365.0,1.5149406e+12,1.42200908,27.0,6500.0,0.98783501,0.0
3208,1.5149406e+12,0.00015219,0.00015229,0.00015219,0.00015229,4010.0,1.5149409e+12,0.61046103,15.0,2847.0,0.43345243,0.0
3209,1.5149409e+12,0.00015296,0.00015533,0.00015296,0.0001535,1850.0,1.5149412e+12,0.28517408,9.0,974.0,0.15066931,0.0
3210,1.5149412e+12,0.00015418,0.00015418,0.0001535,0.0001535,660.0,1.5149415e+12,0.10137081,5.0,88.0,0.01356784,0.0
3211,1.5149415e+12,0.00015241,0.00015241,0.00015218,0.00015238,1413.0,1.5149418e+12,0.21504294,10.0,1371.0,0.20864796,0.0
3212,1.5149418e+12,0.00015266,0.00015399,0.00015266,0.00015298,5849.0,1.5149421e+12,0.89778244,17.0,3062.0,0.47148062,0.0
3213,1.5149421e+12,0.00015302,0.00015533,0.00015302,0.00015533,2503.0,1.5149424e+12,0.3851624,17.0,1649.0,0.25427822,0.0
3214,1.5149424e+12,0.00015306,0.00015306,0.00015167,0.00015167,18875.0,1.5149427e+12,2.86919226,93.0,1388.0,0.21082126,0.0
3215,1.5149427e+12,0.00015167,0.00015253,0.00015117,0.00015253,1865.0,1.514943e+12,0.28342614,20.0,788.0,0.12006355,0.0
3216,1.514943e+12,0.0001512,0.0001553,0.0001512,0.00015216,728.0,1.5149433e+12,0.11145082,17.0,523.0,0.08019948,0.0
3217,1.5149433e+12,0.0001515,0.000152,0.00015133,0.000152,137.0,1.5149436e+12,0.02073777,5.0,0.0,0.0,0.0
3218,1.5149436e+12,0.000152,0.000152,0.00015118,0.00015166,2340.0,1.5149439e+12,0.35393681,18.0,106.0,0.0160378,0.0
3219,1.5149439e+12,0.00015166,0.00015166,0.00015118,0.00015118,4004.0,1.5149442e+12,0.60581328,9.0,0.0,0.0,0.0
3220,1.5149442e+12,0.00015118,0.00015118,0.00015116,0.00015116,4209.0,1.5149445e+12,0.63625582,11.0,24.0,0.00362808,0.0
3221,1.5149445e+12,0.00015116,0.00015116,0.00015116,0.00015116,3597.0,1.5149448e+12,0.54372252,9.0,0.0,0.0,0.0
3222,1.5149448e+12,0.00015117,0.00015257,0.00015117,0.00015166,146.0,1.5149451e+12,0.02214168,5.0,48.0,0.007279,0.0
3223,1.5149451e+12,0.00015165,0.00015257,0.00015165,0.00015257,304.0,1.5149454e+12,0.0461181,7.0,194.0,0.02943558,0.0
3224,1.5149454e+12,0.00015166,0.00015166,0.00015166,0.00015166,42.0,1.5149457e+12,0.00636972,1.0,0.0,0.0,0.0
3225,1.5149457e+12,0.00015171,0.00015177,0.00015171,0.00015176,662.0,1.514946e+12,0.10046672,8.0,102.0,0.01548054,0.0
3226,1.514946e+12,0.00015176,0.00015385,0.00015176,0.000152,3461.0,1.5149463e+12,0.52599165,16.0,176.0,0.02681217,0.0
3227,1.5149463e+12,0.00015203,0.00015203,0.00015202,0.00015202,1015.0,1.5149466e+12,0.15430639,5.0,0.0,0.0,0.0
3228,1.5149466e+12,0.00015201,0.00015201,0.00015115,0.00015115,6838.0,1.5149469e+12,1.03472538,24.0,132.0,0.01995337,0.0
3229,1.5149469e+12,0.00015116,0.00015116,0.00014923,0.00014923,1476.0,1.5149472e+12,0.22261705,16.0,198.0,0.02963934,0.0
3230,1.5149472e+12,0.0001507,0.0001507,0.00014925,0.00014929,2378.0,1.5149475e+12,0.35659355,13.0,1197.0,0.18021926,0.0
3231,1.5149475e+12,0.00014929,0.00014931,0.00014602,0.00014833,8936.0,1.5149478e+12,1.32741258,24.0,970.0,0.14263912,0.0
3232,1.5149478e+12,0.00014823,0.00015038,0.00014823,0.00015038,5133.0,1.5149481e+12,0.76304379,20.0,1642.0,0.24352485,0.0
3233,1.5149481e+12,0.00015038,0.00015038,0.00014902,0.00014902,466.0,1.5149484e+12,0.06965648,6.0,0.0,0.0,0.0
3234,1.5149484e+12,0.00015037,0.00015051,0.00014946,0.00014946,385.0,1.5149487e+12,0.05786342,6.0,350.0,0.05263232,0.0
3235,1.5149487e+12,0.00015001,0.0001507,0.00014969,0.00015021,2000.0,1.514949e+12,0.30037482,12.0,1210.0,0.18186644,0.0
3236,1.514949e+12,0.00015031,0.00015094,0.00014909,0.00015058,11260.0,1.5149493e+12,1.68577291,30.0,4471.0,0.66975647,0.0
3237,1.5149493e+12,0.00015057,0.00015085,0.00014909,0.00014909,1156.0,1.5149496e+12,0.1729762,10.0,117.0,0.01761865,0.0
3238,1.5149496e+12,0.00014959,0.00014959,0.00014909,0.00014909,2261.0,1.5149499e+12,0.33709699,9.0,0.0,0.0,0.0
3239,1.5149499e+12,0.00014909,0.00014909,0.00014611,0.00014729,5944.0,1.5149502e+12,0.87480301,17.0,14.0,0.00207839,0.0
3240,1.5149502e+12,0.00014808,0.00014844,0.0001461,0.00014756,3538.0,1.5149505e+12,0.51718183,14.0,157.0,0.02318808,0.0
3241,1.5149505e+12,0.00014752,0.00015073,0.00014691,0.00015073,7240.0,1.5149508e+12,1.0802364,45.0,5586.0,0.83631393,0.0
3242,1.5149508e+12,0.00014847,0.0001492,0.00014805,0.0001492,2346.0,1.5149511e+12,0.3486968,17.0,895.0,0.13342267,0.0
3243,1.5149511e+12,0.00014809,0.00014919,0.00014809,0.00014869,211.0,1.5149514e+12,0.03132065,5.0,110.0,0.01636356,0.0
3244,1.5149514e+12,0.0001487,0.0001487,0.0001487,0.0001487,9.0,1.5149517e+12,0.0013383,2.0,9.0,0.0013383,0.0
3245,1.5149517e+12,0.00014918,0.00014918,0.00014918,0.00014918,1.0,1.514952e+12,0.00014918,1.0,1.0,0.00014918,0.0
3246,1.514952e+12,0.000149,0.000149,0.00014844,0.000149,638.0,1.5149523e+12,0.09500443,5.0,537.0,0.08001199,0.0
3247,1.5149523e+12,0.000149,0.00014918,0.000149,0.00014918,176.0,1.5149526e+12,0.0262438,6.0,176.0,0.0262438,0.0
3248,1.5149526e+12,0.00014921,0.00014942,0.00014921,0.00014942,1276.0,1.5149529e+12,0.19051523,10.0,1276.0,0.19051523,0.0
3249,1.5149529e+12,0.00014904,0.00014942,0.00014902,0.00014939,1965.0,1.5149532e+12,0.29301985,9.0,301.0,0.04497541,0.0
3250,1.5149532e+12,0.00014939,0.00014939,0.00014863,0.00014863,7025.0,1.5149535e+12,1.04733331,28.0,1072.0,0.16014608,0.0
3251,1.5149535e+12,0.00014864,0.00014942,0.00014821,0.00014821,3049.0,1.5149538e+12,0.4527709,14.0,1.0,0.00014942,0.0
3252,1.5149538e+12,0.00014821,0.00014821,0.00014813,0.00014813,460.0,1.5149541e+12,0.06814772,2.0,0.0,0.0,0.0
3253,1.5149541e+12,0.00014813,0.00014935,0.00014813,0.00014813,1340.0,1.5149544e+12,0.19912735,23.0,487.0,0.07271475,0.0
3254,1.5149544e+12,0.00014812,0.00014812,0.0001481,0.00014811,5888.0,1.5149547e+12,0.87207445,19.0,1600.0,0.2369661,0.0
3255,1.5149547e+12,0.00014809,0.00014809,0.00014809,0.00014809,128.0,1.514955e+12,0.01895552,1.0,0.0,0.0,0.0
3256,1.514955e+12,0.0001481,0.00014811,0.0001481,0.00014811,567.0,1.5149553e+12,0.08397761,5.0,567.0,0.08397761,0.0
3257,1.5149553e+12,0.00014811,0.00014812,0.00014809,0.00014812,1624.0,1.5149556e+12,0.24052897,6.0,1470.0,0.21772243,0.0
3258,1.5149556e+12,0.00014929,0.00014989,0.00014929,0.00014989,3351.0,1.5149559e+12,0.50217852,11.0,2028.0,0.30387405,0.0
3259,1.5149559e+12,0.0001499,0.00015122,0.0001499,0.00015014,1853.0,1.5149562e+12,0.27859916,13.0,808.0,0.12113108,0.0
3260,1.5149562e+12,0.00014872,0.00015013,0.00014872,0.00015012,3156.0,1.5149565e+12,0.46970071,8.0,1665.0,0.24777451,0.0
3261,1.5149565e+12,0.00014917,0.00015109,0.00014901,0.00014901,6225.0,1.5149568e+12,0.92863506,25.0,76.0,0.01135282,0.0
3262,1.5149568e+12,0.000149,0.0001505,0.000149,0.0001505,207.0,1.5149571e+12,0.03086927,8.0,132.0,0.01968667,0.0
3263,1.5149571e+12,0.00015049,0.00015049,0.00014894,0.00015037,2290.0,1.5149574e+12,0.34236581,13.0,723.0,0.10878909,0.0
3264,1.5149574e+12,0.00015036,0.0001507,0.00015036,0.0001507,2285.0,1.5149577e+12,0.3436374,6.0,2285.0,0.3436374,0.0
3265,1.5149577e+12,0.00015081,0.00015499,0.00015001,0.00015343,6337.0,1.514958e+12,0.96409135,32.0,5711.0,0.86996518,0.0
3266,1.514958e+12,0.0001542,0.00015589,0.00015343,0.00015589,1937.0,1.5149583e+12,0.30065875,19.0,1663.0,0.25843234,0.0
3267,1.5149583e+12,0.00015556,0.00016,0.00015556,0.00016,931.0,1.5149586e+12,0.14663215,16.0,615.0,0.09735812,0.0
3268,1.5149586e+12,0.00016019,0.000165,0.00016016,0.00016165,16157.0,1.5149589e+12,2.60667529,64.0,5234.0,0.848435,0.0
3269,1.5149589e+12,0.00016159,0.00016491,0.00016066,0.00016219,1997.0,1.5149592e+12,0.32406741,12.0,1793.0,0.29126265,0.0
3270,1.5149592e+12,0.00016245,0.00016345,0.00016242,0.00016345,3746.0,1.5149595e+12,0.6097215,12.0,2873.0,0.46791497,0.0
3271,1.5149595e+12,0.00016345,0.00016668,0.00016277,0.00016288,5564.0,1.5149598e+12,0.91206764,44.0,3687.0,0.60516351,0.0
3272,1.5149598e+12,0.00016285,0.000163,0.00015663,0.00015663,5237.0,1.5149601e+12,0.84975155,37.0,2914.0,0.47231338,0.0
3273,1.5149601e+12,0.00015665,0.00016116,0.00015665,0.00015948,1350.0,1.5149604e+12,0.21478677,23.0,408.0,0.0649942,0.0
3274,1.5149604e+12,0.00015948,0.00016061,0.00015906,0.00015906,1106.0,1.5149607e+12,0.1775882,10.0,998.0,0.16026158,0.0
3275,1.5149607e+12,0.00015933,0.00015961,0.00015807,0.00015807,1014.0,1.514961e+12,0.16036864,5.0,7.0,0.00111727,0.0
3276,1.514961e+12,0.0001587,0.0001625,0.0001587,0.0001625,653.0,1.5149613e+12,0.10483216,13.0,151.0,0.02412285,0.0
3277,1.5149613e+12,0.00016027,0.00016197,0.00015871,0.00015871,2766.0,1.5149616e+12,0.44249228,24.0,505.0,0.08176994,0.0
3278,1.5149616e+12,0.00015901,0.00015986,0.0001587,0.00015871,3588.0,1.5149619e+12,0.56974518,15.0,172.0,0.027305,0.0
3279,1.5149619e+12,0.00015931,0.00015941,0.00015805,0.00015825,3855.0,1.5149622e+12,0.61175797,27.0,1619.0,0.25691923,0.0
3280,1.5149622e+12,0.00015825,0.00016009,0.00015801,0.00015967,7191.0,1.5149625e+12,1.14401459,44.0,4954.0,0.78997368,0.0
3281,1.5149625e+12,0.00016015,0.00016015,0.00015736,0.00015736,1921.0,1.5149628e+12,0.30357004,13.0,220.0,0.03515758,0.0
3282,1.5149628e+12,0.00015936,0.00015968,0.00015735,0.00015863,3551.0,1.5149631e+12,0.5624549,19.0,2166.0,0.34442201,0.0
3283,1.5149631e+12,0.00015829,0.00015829,0.00015709,0.000158,155.0,1.5149634e+12,0.02449993,5.0,138.0,0.02181676,0.0
3284,1.5149634e+12,0.00015798,0.00015873,0.00015706,0.00015873,1978.0,1.5149637e+12,0.31354557,8.0,1515.0,0.24044597,0.0
3285,1.5149637e+12,0.00015894,0.00015894,0.00015765,0.0001581,2485.0,1.514964e+12,0.3938296,10.0,835.0,0.1327107,0.0
3286,1.514964e+12,0.00015765,0.00015809,0.00015705,0.00015809,2636.0,1.5149643e+12,0.4153405,7.0,257.0,0.04062819,0.0
3287,1.5149643e+12,0.00015706,0.0001581,0.00015705,0.00015705,367.0,1.5149646e+12,0.05775378,7.0,167.0,0.02634283,0.0
3288,1.5149646e+12,0.00015746,0.00015756,0.00015725,0.00015726,1604.0,1.5149649e+12,0.25257116,18.0,963.0,0.15158499,0.0
3289,1.5149649e+12,0.00015726,0.00015755,0.000156,0.00015642,3453.0,1.5149652e+12,0.54123409,31.0,1293.0,0.20260613,0.0
3290,1.5149652e+12,0.00015645,0.00015699,0.000156,0.000156,3923.0,1.5149655e+12,0.61376682,37.0,1346.0,0.21079012,0.0
3291,1.5149655e+12,0.0001562,0.0001565,0.0001562,0.0001564,657.0,1.5149658e+12,0.1026551,14.0,308.0,0.0481165,0.0
3292,1.5149658e+12,0.00015699,0.00015705,0.00015699,0.00015705,119.0,1.5149661e+12,0.01868643,2.0,119.0,0.01868643,0.0
3293,1.5149661e+12,0.00015705,0.00015705,0.00015705,0.00015705,56.0,1.5149664e+12,0.0087948,1.0,56.0,0.0087948,0.0
3294,1.5149664e+12,0.00015659,0.00015659,0.00015646,0.00015646,1189.0,1.5149667e+12,0.18611077,12.0,1189.0,0.18611077,0.0
3295,1.5149667e+12,0.00015646,0.00015756,0.00015626,0.00015695,1136.0,1.514967e+12,0.17837364,11.0,636.0,0.09997498,0.0
3296,1.514967e+12,0.00015821,0.00015893,0.00015821,0.00015893,314.0,1.5149673e+12,0.04983242,5.0,314.0,0.04983242,0.0
3297,1.5149673e+12,0.00015851,0.00015866,0.00015851,0.00015856,443.0,1.5149676e+12,0.07026588,10.0,291.0,0.04615961,0.0
3298,1.5149676e+12,0.00015866,0.00015949,0.00015856,0.00015949,4773.0,1.5149679e+12,0.75873314,42.0,4615.0,0.73366924,0.0
3299,1.5149679e+12,0.00015902,0.00016001,0.00015902,0.00016001,1217.0,1.5149682e+12,0.19465449,8.0,179.0,0.0286048,0.0
3300,1.5149682e+12,0.00016089,0.00016111,0.00016,0.00016064,3417.0,1.5149685e+12,0.54926582,35.0,2030.0,0.32628336,0.0
3301,1.5149685e+12,0.00016064,0.00016204,0.00016064,0.00016124,4264.0,1.5149688e+12,0.68842649,39.0,1659.0,0.26832194,0.0
3302,1.5149688e+12,0.00016124,0.00016143,0.00016083,0.00016096,3861.0,1.5149691e+12,0.6225306,34.0,1714.0,0.27622739,0.0
3303,1.5149691e+12,0.00016096,0.00016139,0.00016011,0.00016139,1622.0,1.5149694e+12,0.26098489,27.0,906.0,0.14594733,0.0
3304,1.5149694e+12,0.00016134,0.00016165,0.00016014,0.00016096,2380.0,1.5149697e+12,0.38223333,21.0,1417.0,0.22743751,0.0
3305,1.5149697e+12,0.00016096,0.0001625,0.00016096,0.00016147,4307.0,1.51497e+12,0.69430506,35.0,2736.0,0.44094246,0.0
3306,1.51497e+12,0.00016147,0.0001625,0.00016108,0.00016139,2654.0,1.5149703e+12,0.42878423,62.0,1282.0,0.2073708,0.0
3307,1.5149703e+12,0.0001613,0.0001617,0.00015962,0.00015962,5753.0,1.5149706e+12,0.92621543,58.0,1290.0,0.20748709,0.0
3308,1.5149706e+12,0.00015953,0.00016,0.0001583,0.0001587,959.0,1.5149709e+12,0.15299349,33.0,649.0,0.10355363,0.0
3309,1.5149709e+12,0.0001587,0.0001617,0.0001579,0.00015857,7105.0,1.5149712e+12,1.12724088,70.0,2878.0,0.45684878,0.0
3310,1.5149712e+12,0.00015842,0.0001594,0.00015822,0.00015823,4736.0,1.5149715e+12,0.75096904,29.0,2430.0,0.38542662,0.0
3311,1.5149715e+12,0.00015823,0.00015824,0.00015497,0.0001581,8276.0,1.5149718e+12,1.30132374,47.0,2959.0,0.4664877,0.0
3312,1.5149718e+12,0.0001581,0.0001594,0.0001581,0.00015835,6475.0,1.5149721e+12,1.02755106,68.0,3214.0,0.51020304,0.0
3313,1.5149721e+12,0.00015835,0.00015836,0.00015805,0.00015836,3325.0,1.5149724e+12,0.52622787,42.0,1962.0,0.31051135,0.0
3314,1.5149724e+12,0.00015846,0.00015846,0.00015735,0.00015755,4475.0,1.5149727e+12,0.70544459,39.0,1183.0,0.1869571,0.0
3315,1.5149727e+12,0.00015756,0.00015815,0.00015725,0.00015735,1834.0,1.514973e+12,0.28892669,38.0,714.0,0.11250667,0.0
3316,1.514973e+12,0.00015735,0.00015735,0.00015491,0.00015595,9189.0,1.5149733e+12,1.43708926,53.0,1945.0,0.30401946,0.0
3317,1.5149733e+12,0.00015595,0.00015596,0.00015491,0.00015595,2076.0,1.5149736e+12,0.32368897,20.0,492.0,0.07672865,0.0
3318,1.5149736e+12,0.00015596,0.00015735,0.00015595,0.00015595,3874.0,1.5149739e+12,0.60449144,30.0,771.0,0.12047364,0.0
3319,1.5149739e+12,0.00015551,0.00015633,0.00015492,0.00015492,895.0,1.5149742e+12,0.13892766,9.0,181.0,0.02810009,0.0
3320,1.5149742e+12,0.00015542,0.00015542,0.00015532,0.00015542,742.0,1.5149745e+12,0.11528404,10.0,447.0,0.06945004,0.0
3321,1.5149745e+12,0.00015532,0.00015592,0.00015482,0.00015522,3559.0,1.5149748e+12,0.55164085,17.0,425.0,0.06610466,0.0
3322,1.5149748e+12,0.00015557,0.00015558,0.00015482,0.00015512,4140.0,1.5149751e+12,0.64145718,22.0,1023.0,0.15876732,0.0
3323,1.5149751e+12,0.00015532,0.00015532,0.00015277,0.0001528,7245.0,1.5149754e+12,1.11677249,25.0,397.0,0.06128195,0.0
3324,1.5149754e+12,0.00015281,0.0001536,0.00015279,0.00015331,1217.0,1.5149757e+12,0.18636511,29.0,176.0,0.02696717,0.0
3325,1.5149757e+12,0.00015331,0.00015496,0.00015257,0.00015494,6308.0,1.514976e+12,0.96583684,49.0,936.0,0.14389583,0.0
3326,1.514976e+12,0.0001538,0.00015599,0.00015157,0.00015432,6222.0,1.5149763e+12,0.95122489,44.0,451.0,0.06955811,0.0
3327,1.5149763e+12,0.00015395,0.00015599,0.00015375,0.0001544,3408.0,1.5149766e+12,0.5250288,20.0,2548.0,0.39263485,0.0
3328,1.5149766e+12,0.0001544,0.00015488,0.0001544,0.00015462,1190.0,1.5149769e+12,0.18391789,15.0,184.0,0.02845822,0.0
3329,1.5149769e+12,0.0001544,0.0001547,0.0001544,0.0001547,4480.0,1.5149772e+12,0.69252438,14.0,421.0,0.0651103,0.0
3330,1.5149772e+12,0.00015471,0.0001555,0.00015471,0.00015501,2090.0,1.5149775e+12,0.32404551,30.0,1136.0,0.17609797,0.0
3331,1.5149775e+12,0.00015521,0.00015521,0.0001546,0.0001552,1320.0,1.5149778e+12,0.20442108,10.0,82.0,0.01272662,0.0
3332,1.5149778e+12,0.0001552,0.00015577,0.000155,0.00015562,1658.0,1.5149781e+12,0.2571908,13.0,1434.0,0.22236382,0.0
3333,1.5149781e+12,0.00015562,0.00015642,0.00015562,0.00015642,1526.0,1.5149784e+12,0.23818798,15.0,1055.0,0.16468666,0.0
3334,1.5149784e+12,0.00015663,0.00015688,0.0001565,0.0001565,3091.0,1.5149787e+12,0.48476457,13.0,3018.0,0.47332985,0.0
3335,1.5149787e+12,0.0001565,0.00015751,0.0001565,0.00015751,667.0,1.514979e+12,0.10488634,7.0,551.0,0.08661518,0.0
3336,1.514979e+12,0.00015697,0.00015774,0.000156,0.0001563,3894.0,1.5149793e+12,0.61225989,37.0,1390.0,0.21844438,0.0
3337,1.5149793e+12,0.0001563,0.00015746,0.00015554,0.00015746,1780.0,1.5149796e+12,0.2782627,6.0,660.0,0.10390288,0.0
3338,1.5149796e+12,0.0001574,0.0001574,0.0001558,0.0001558,16.0,1.5149799e+12,0.0025168,2.0,15.0,0.002361,0.0
3339,1.5149799e+12,0.0001566,0.00015753,0.00015581,0.00015673,2474.0,1.5149802e+12,0.38712543,21.0,1923.0,0.30101676,0.0
3340,1.5149802e+12,0.00015679,0.00015679,0.00015633,0.00015634,3140.0,1.5149805e+12,0.49168827,25.0,1845.0,0.28914822,0.0
3341,1.5149805e+12,0.00015634,0.00015709,0.00015633,0.00015641,3971.0,1.5149808e+12,0.62217203,18.0,2256.0,0.35389552,0.0
3342,1.5149808e+12,0.00015671,0.00015736,0.00015633,0.00015736,6145.0,1.5149811e+12,0.96284673,22.0,1568.0,0.24620005,0.0
3343,1.5149811e+12,0.00015737,0.00015771,0.00015693,0.00015694,1063.0,1.5149814e+12,0.16708768,6.0,697.0,0.10965113,0.0
3344,1.5149814e+12,0.00015699,0.00015773,0.00015698,0.00015773,3394.0,1.5149817e+12,0.53424708,18.0,2766.0,0.43556544,0.0
3345,1.5149817e+12,0.00015729,0.0001594,0.00015729,0.00015915,1719.0,1.514982e+12,0.27250416,43.0,710.0,0.11257108,0.0
3346,1.514982e+12,0.00015926,0.00016139,0.00015688,0.00015755,2563.0,1.5149823e+12,0.40735541,32.0,698.0,0.11119763,0.0
3347,1.5149823e+12,0.00015909,0.00016103,0.00015769,0.0001577,2359.0,1.5149826e+12,0.3747943,13.0,1425.0,0.22750007,0.0
3348,1.5149826e+12,0.0001605,0.0001607,0.00015782,0.00015782,7309.0,1.5149829e+12,1.16368184,47.0,3014.0,0.48214306,0.0
3349,1.5149829e+12,0.00015841,0.00015923,0.00015633,0.00015681,4102.0,1.5149832e+12,0.6437158,19.0,1734.0,0.27191009,0.0
3350,1.5149832e+12,0.00015633,0.00015729,0.00015633,0.00015645,4267.0,1.5149835e+12,0.66715526,21.0,3416.0,0.53407733,0.0
3351,1.5149835e+12,0.0001569,0.00015729,0.00015515,0.0001562,1785.0,1.5149838e+12,0.27873738,26.0,379.0,0.05948576,0.0
3352,1.5149838e+12,0.0001562,0.0001562,0.00015597,0.00015607,1482.0,1.5149841e+12,0.23118269,8.0,91.0,0.0142142,0.0
3353,1.5149841e+12,0.0001571,0.00015729,0.00015608,0.00015729,2320.0,1.5149844e+12,0.36427875,11.0,1870.0,0.29394413,0.0
3354,1.5149844e+12,0.00015786,0.00015786,0.00015785,0.00015785,1191.0,1.5149847e+12,0.1879994,10.0,873.0,0.1378031,0.0
3355,1.5149847e+12,0.00015785,0.00015843,0.00015785,0.00015842,3262.0,1.514985e+12,0.51669493,8.0,3253.0,0.51527428,0.0
3356,1.514985e+12,0.00015839,0.00015879,0.00015839,0.00015879,1212.0,1.5149853e+12,0.19208039,7.0,1010.0,0.16004474,0.0
3357,1.5149853e+12,0.00015864,0.00015864,0.00015864,0.00015864,96.0,1.5149856e+12,0.01522944,4.0,2.0,0.00031728,0.0
3358,1.5149856e+12,0.00015864,0.0001605,0.00015794,0.00016019,4765.0,1.5149859e+12,0.76141105,33.0,4043.0,0.64626199,0.0
3359,1.5149859e+12,0.00016019,0.000165,0.00016009,0.000165,8812.0,1.5149862e+12,1.44745406,57.0,3101.0,0.50859446,0.0
3360,1.5149862e+12,0.0001607,0.00017201,0.0001607,0.00016935,14916.0,1.5149865e+12,2.49505506,80.0,8731.0,1.45362033,0.0
3361,1.5149865e+12,0.0001709,0.00017339,0.00016688,0.00017136,18605.0,1.5149868e+12,3.16912487,97.0,7173.0,1.22301969,0.0
3362,1.5149868e+12,0.00017056,0.00017136,0.00016821,0.00016952,9052.0,1.5149871e+12,1.53717363,49.0,1982.0,0.33767563,0.0
3363,1.5149871e+12,0.00016972,0.00016972,0.000166,0.0001663,8619.0,1.5149874e+12,1.44337274,75.0,3385.0,0.56727276,0.0
3364,1.5149874e+12,0.000166,0.00016631,0.00016456,0.000166,4966.0,1.5149877e+12,0.82174097,23.0,3067.0,0.50661287,0.0
3365,1.5149877e+12,0.00016534,0.0001665,0.0001647,0.0001665,5071.0,1.514988e+12,0.84223778,42.0,5054.0,0.83943446,0.0
3366,1.514988e+12,0.0001665,0.00016957,0.0001665,0.00016957,3024.0,1.5149883e+12,0.50525597,18.0,2676.0,0.44713908,0.0
3367,1.5149883e+12,0.000168,0.00017215,0.000168,0.0001699,3517.0,1.5149886e+12,0.59626513,27.0,2716.0,0.46122545,0.0
3368,1.5149886e+12,0.00017084,0.000174,0.00017084,0.00017164,5576.0,1.5149889e+12,0.96394242,42.0,3520.0,0.60922878,0.0
3369,1.5149889e+12,0.00017139,0.00017826,0.00017,0.00017826,8977.0,1.5149892e+12,1.55846449,51.0,5128.0,0.90210954,0.0
3370,1.5149892e+12,0.00017234,0.00017826,0.00017161,0.00017537,7731.0,1.5149895e+12,1.35118621,50.0,3132.0,0.54850461,0.0
3371,1.5149895e+12,0.00017334,0.00017893,0.00017334,0.00017887,27433.0,1.5149898e+12,4.83173789,75.0,7298.0,1.29565913,0.0
3372,1.5149898e+12,0.00017887,0.000185,0.00017887,0.00018265,11451.0,1.5149901e+12,2.07146037,91.0,8652.0,1.56484414,0.0
3373,1.5149901e+12,0.00018499,0.00018657,0.00018061,0.00018657,12741.0,1.5149904e+12,2.34838491,78.0,8488.0,1.57345907,0.0
3374,1.5149904e+12,0.00018656,0.00018731,0.000181,0.00018111,26355.0,1.5149907e+12,4.82912914,96.0,5334.0,0.98875858,0.0
3375,1.5149907e+12,0.00018029,0.00018111,0.00017663,0.00017663,7002.0,1.514991e+12,1.24901459,49.0,1526.0,0.27408332,0.0
3376,1.514991e+12,0.000176,0.000176,0.00017448,0.00017534,11834.0,1.5149913e+12,2.0750912,49.0,1787.0,0.31337911,0.0
3377,1.5149913e+12,0.00017643,0.00017778,0.00017643,0.00017778,2861.0,1.5149916e+12,0.50485854,9.0,2856.0,0.50397609,0.0
3378,1.5149916e+12,0.00017778,0.00018184,0.00017701,0.00017864,3316.0,1.5149919e+12,0.59139829,38.0,1278.0,0.22799562,0.0
3379,1.5149919e+12,0.00018296,0.00018611,0.00017964,0.00018562,9779.0,1.5149922e+12,1.79697371,84.0,8881.0,1.63237255,0.0
3380,1.5149922e+12,0.00018611,0.00018797,0.00018079,0.00018079,6824.0,1.5149925e+12,1.26258265,48.0,3184.0,0.59400221,0.0
3381,1.5149925e+12,0.0001802,0.00018261,0.00018014,0.00018188,3747.0,1.5149928e+12,0.67959126,44.0,2787.0,0.50552099,0.0
3382,1.5149928e+12,0.000182,0.00018281,0.00018054,0.00018149,4277.0,1.5149931e+12,0.77677652,48.0,2242.0,0.40766505,0.0
3383,1.5149931e+12,0.00018175,0.00018175,0.00018,0.00018,2434.0,1.5149934e+12,0.44183388,21.0,1223.0,0.22220209,0.0
3384,1.5149934e+12,0.00017999,0.00017999,0.00017698,0.00017837,5667.0,1.5149937e+12,1.00969044,30.0,2184.0,0.38930743,0.0
3385,1.5149937e+12,0.00017764,0.00017836,0.0001733,0.000176,1807.0,1.514994e+12,0.31656135,13.0,15.0,0.00267036,0.0
3386,1.514994e+12,0.00017596,0.00017596,0.00017456,0.00017489,1915.0,1.5149943e+12,0.33489679,20.0,1857.0,0.32471555,0.0
3387,1.5149943e+12,0.0001748,0.00017486,0.00017329,0.00017455,2926.0,1.5149946e+12,0.51055752,13.0,8.0,0.00139671,0.0
3388,1.5149946e+12,0.00017575,0.00017804,0.00017506,0.00017575,5280.0,1.5149949e+12,0.93056132,32.0,2319.0,0.41000972,0.0
3389,1.5149949e+12,0.00017575,0.00017575,0.00017393,0.00017393,4415.0,1.5149952e+12,0.76841013,21.0,291.0,0.05063325,0.0
3390,1.5149952e+12,0.00017329,0.00017329,0.00017291,0.00017292,3181.0,1.5149955e+12,0.55033149,19.0,1875.0,0.32424848,0.0
3391,1.5149955e+12,0.00017294,0.00017348,0.00017164,0.00017346,1055.0,1.5149958e+12,0.18154687,17.0,102.0,0.0176633,0.0
3392,1.5149958e+12,0.000172,0.0001725,0.00017159,0.00017159,3252.0,1.5149961e+12,0.55931921,22.0,891.0,0.15347516,0.0
3393,1.5149961e+12,0.00017249,0.00018,0.00017249,0.00017806,4738.0,1.5149964e+12,0.83358649,34.0,4334.0,0.76203994,0.0
3394,1.5149964e+12,0.00018,0.00018,0.00017643,0.00017643,966.0,1.5149967e+12,0.17316625,17.0,765.0,0.1376899,0.0
3395,1.5149967e+12,0.00017758,0.00017758,0.0001731,0.00017459,2036.0,1.514997e+12,0.35739481,11.0,4.0,0.00069836,0.0
3396,1.514997e+12,0.00017459,0.00017489,0.00017459,0.00017489,891.0,1.5149973e+12,0.15561318,12.0,418.0,0.07299116,0.0
3397,1.5149973e+12,0.000175,0.00017807,0.000169,0.00017417,6904.0,1.5149976e+12,1.18629326,38.0,316.0,0.05430295,0.0
3398,1.5149976e+12,0.00017294,0.00017296,0.00017086,0.00017086,5454.0,1.5149979e+12,0.93761492,24.0,3209.0,0.55167307,0.0
3399,1.5149979e+12,0.00016903,0.00017086,0.00016901,0.00017086,2940.0,1.5149982e+12,0.5016232,16.0,2602.0,0.44449298,0.0
3400,1.5149982e+12,0.00017147,0.00017192,0.00017147,0.00017192,285.0,1.5149985e+12,0.04892475,6.0,66.0,0.01134672,0.0
3401,1.5149985e+12,0.00017191,0.000172,0.00017103,0.00017117,1096.0,1.5149988e+12,0.18784606,14.0,620.0,0.10617369,0.0
3402,1.5149988e+12,0.00017116,0.00017129,0.00017116,0.00017129,851.0,1.5149991e+12,0.14567791,8.0,739.0,0.12650043,0.0
3403,1.5149991e+12,0.00017141,0.00017485,0.00017141,0.00017484,709.0,1.5149994e+12,0.12386814,9.0,698.0,0.12198263,0.0
3404,1.5149994e+12,0.00017248,0.00017311,0.00017131,0.00017306,202.0,1.5149997e+12,0.03482395,13.0,51.0,0.00880156,0.0
3405,1.5149997e+12,0.00017318,0.00017325,0.00017318,0.00017325,308.0,1.515e+12,0.05335484,4.0,308.0,0.05335484,0.0
3406,1.515e+12,0.00017325,0.00017325,0.00017251,0.00017251,1512.0,1.5150003e+12,0.26181632,20.0,1288.0,0.22314546,0.0
3407,1.5150003e+12,0.0001725,0.00017325,0.0001725,0.000173,6175.0,1.5150006e+12,1.06946609,12.0,5009.0,0.86776809,0.0
3408,1.5150006e+12,0.000173,0.00017325,0.000173,0.000173,3061.0,1.5150009e+12,0.52989033,13.0,901.0,0.15609825,0.0
3409,1.5150009e+12,0.000173,0.000173,0.0001725,0.0001725,784.0,1.5150012e+12,0.13544986,6.0,0.0,0.0,0.0
3410,1.5150012e+12,0.0001725,0.0001725,0.00017245,0.00017245,289.0,1.5150015e+12,0.04985225,7.0,71.0,0.01224725,0.0
3411,1.5150015e+12,0.00017245,0.00017245,0.0001722,0.0001722,140.0,1.5150018e+12,0.02413894,7.0,124.0,0.02138374,0.0
3412,1.5150018e+12,0.00017151,0.00017219,0.00017149,0.00017149,513.0,1.5150021e+12,0.08827047,5.0,421.0,0.07249199,0.0
3413,1.5150021e+12,0.0001716,0.00017244,0.0001716,0.00017243,704.0,1.5150024e+12,0.12094549,15.0,163.0,0.02810698,0.0
3414,1.5150024e+12,0.00017162,0.00017243,0.0001716,0.00017161,1685.0,1.5150027e+12,0.28965999,9.0,608.0,0.10483744,0.0
3415,1.5150027e+12,0.00017241,0.0001725,0.0001716,0.0001716,6265.0,1.515003e+12,1.07662201,22.0,4163.0,0.71588462,0.0
3416,1.515003e+12,0.00017247,0.00017247,0.00017246,0.00017246,1009.0,1.5150033e+12,0.17402216,9.0,54.0,0.00931331,0.0
3417,1.5150033e+12,0.00017246,0.00017246,0.00017177,0.00017177,235.0,1.5150036e+12,0.0403813,5.0,18.0,0.00310421,0.0
3418,1.5150036e+12,0.00017245,0.0001725,0.00017245,0.0001725,988.0,1.5150039e+12,0.1704285,11.0,988.0,0.1704285,0.0
3419,1.5150039e+12,0.00017203,0.00017409,0.00017203,0.00017409,279.0,1.5150042e+12,0.04809855,10.0,166.0,0.02865916,0.0
3420,1.5150042e+12,0.00017329,0.00017351,0.00017329,0.00017347,60.0,1.5150045e+12,0.01040722,4.0,14.0,0.0024276,0.0
3421,1.5150045e+12,0.00017397,0.00017533,0.00017397,0.00017533,3919.0,1.5150048e+12,0.6852057,15.0,3829.0,0.6694692,0.0
3422,1.5150048e+12,0.0001746,0.0001757,0.0001746,0.0001757,20.0,1.5150051e+12,0.0034997,2.0,7.0,0.0012299,0.0
3423,1.5150051e+12,0.00017572,0.00017572,0.00017349,0.00017461,8543.0,1.5150054e+12,1.49192905,17.0,7070.0,1.2344927,0.0
3424,1.5150054e+12,0.000174,0.00017461,0.000174,0.00017461,2840.0,1.5150057e+12,0.49563984,12.0,2831.0,0.49406853,0.0
3425,1.5150057e+12,0.00017461,0.00017461,0.00017461,0.00017461,1127.0,1.515006e+12,0.19678547,9.0,1127.0,0.19678547,0.0
3426,1.515006e+12,0.00017461,0.00017461,0.00017401,0.00017461,1513.0,1.5150063e+12,0.26384303,9.0,811.0,0.14160871,0.0
3427,1.5150063e+12,0.00017569,0.0001757,0.00017569,0.0001757,705.0,1.5150066e+12,0.12386276,6.0,705.0,0.12386276,0.0
3428,1.5150066e+12,0.0001757,0.0001757,0.00017526,0.00017526,102.0,1.5150069e+12,0.01791524,3.0,102.0,0.01791524,0.0
3429,1.5150069e+12,0.00017483,0.00017924,0.00017483,0.00017609,1624.0,1.5150072e+12,0.28533242,17.0,681.0,0.11979508,0.0
3430,1.5150072e+12,0.00017622,0.00017925,0.00017553,0.00017557,4747.0,1.5150075e+12,0.84535348,22.0,3222.0,0.57697785,0.0
3431,1.5150075e+12,0.0001792,0.0001792,0.00017563,0.00017584,1690.0,1.5150078e+12,0.29951251,13.0,734.0,0.1315328,0.0
3432,1.5150078e+12,0.00017671,0.00017687,0.00017671,0.00017671,95.0,1.5150081e+12,0.01678761,8.0,95.0,0.01678761,0.0
3433,1.5150081e+12,0.0001765,0.0001765,0.00017579,0.00017579,914.0,1.5150084e+12,0.1611055,7.0,719.0,0.1268167,0.0
3434,1.5150084e+12,0.00017547,0.00017547,0.00017499,0.000175,954.0,1.5150087e+12,0.16699001,12.0,743.0,0.13006296,0.0
3435,1.5150087e+12,0.00017501,0.0001792,0.00017403,0.000175,1265.0,1.515009e+12,0.22255238,19.0,413.0,0.07340891,0.0
3436,1.515009e+12,0.00017559,0.00017559,0.00017559,0.00017559,45.0,1.5150093e+12,0.00790155,2.0,6.0,0.00105354,0.0
3437,1.5150093e+12,0.00017559,0.00017882,0.00017426,0.00017499,1545.0,1.5150096e+12,0.26987122,13.0,392.0,0.06878068,0.0
3438,1.5150096e+12,0.00017511,0.00017551,0.00017511,0.00017544,111.0,1.5150099e+12,0.01947524,6.0,0.0,0.0,0.0
3439,1.5150099e+12,0.00017544,0.00017585,0.00017544,0.00017545,1011.0,1.5150102e+12,0.17775305,5.0,934.0,0.1642439,0.0
3440,1.5150102e+12,0.00017545,0.00017985,0.00017544,0.00017697,1357.0,1.5150105e+12,0.24020429,22.0,449.0,0.07974898,0.0
3441,1.5150105e+12,0.00017689,0.00017707,0.00017603,0.00017616,145.0,1.5150108e+12,0.02561285,7.0,138.0,0.02438064,0.0
3442,1.5150108e+12,0.0001758,0.0001758,0.00017539,0.00017539,1102.0,1.5150111e+12,0.19334698,6.0,43.0,0.00755775,0.0
3443,1.5150111e+12,0.00017538,0.00017576,0.00017538,0.00017576,1099.0,1.5150114e+12,0.19290108,4.0,7.0,0.00123032,0.0
3444,1.5150114e+12,0.00017576,0.0001761,0.00017576,0.0001761,1196.0,1.5150117e+12,0.21027067,4.0,184.0,0.03240155,0.0
3445,1.5150117e+12,0.00017609,0.0001761,0.00017609,0.0001761,559.0,1.515012e+12,0.09843885,3.0,559.0,0.09843885,0.0
3446,1.515012e+12,0.0001761,0.00017654,0.0001761,0.00017654,24.0,1.5150123e+12,0.00422997,3.0,24.0,0.00422997,0.0
3447,1.5150123e+12,0.00017654,0.00017654,0.00017565,0.00017565,795.0,1.5150126e+12,0.1402143,12.0,788.0,0.13898398,0.0
3448,1.5150126e+12,0.00017566,0.00017653,0.00017566,0.00017571,316.0,1.5150129e+12,0.05558514,6.0,258.0,0.04539396,0.0
3449,1.5150129e+12,0.00017653,0.00017653,0.00017577,0.00017653,159.0,1.5150132e+12,0.02804547,4.0,129.0,0.02277237,0.0
3450,1.5150132e+12,0.0001758,0.0001758,0.0001758,0.0001758,88.0,1.5150135e+12,0.0154704,2.0,0.0,0.0,0.0
3451,1.5150135e+12,0.0001758,0.00017581,0.0001758,0.0001758,1015.0,1.5150138e+12,0.17843785,6.0,75.0,0.013185,0.0
3452,1.5150138e+12,0.0001758,0.0001758,0.0001758,0.0001758,0.0,1.5150141e+12,0.0,0.0,0.0,0.0,0.0
3453,1.5150141e+12,0.0001758,0.0001758,0.0001758,0.0001758,2.0,1.5150144e+12,0.0003516,1.0,0.0,0.0,0.0
3454,1.5150144e+12,0.0001758,0.0001758,0.0001758,0.0001758,0.0,1.5150147e+12,0.0,0.0,0.0,0.0,0.0
3455,1.5150147e+12,0.00017652,0.00017652,0.00017652,0.00017652,50.0,1.515015e+12,0.008826,1.0,50.0,0.008826,0.0
3456,1.515015e+12,0.00017652,0.00017652,0.00017652,0.00017652,0.0,1.5150153e+12,0.0,0.0,0.0,0.0,0.0
3457,1.5150153e+12,0.00017652,0.00017652,0.00017652,0.00017652,0.0,1.5150156e+12,0.0,0.0,0.0,0.0,0.0
3458,1.5150156e+12,0.00017653,0.00017653,0.00017653,0.00017653,5.0,1.5150159e+12,0.00088265,1.0,5.0,0.00088265,0.0
3459,1.5150159e+12,0.00017653,0.00017653,0.00017653,0.00017653,0.0,1.5150162e+12,0.0,0.0,0.0,0.0,0.0
3460,1.5150162e+12,0.00017581,0.00017646,0.0001745,0.0001745,1850.0,1.5150165e+12,0.32310974,17.0,51.0,0.00899912,0.0
3461,1.5150165e+12,0.0001745,0.0001745,0.00017401,0.00017401,836.0,1.5150168e+12,0.14559404,8.0,18.0,0.00313218,0.0
3462,1.5150168e+12,0.00017551,0.00017551,0.0001746,0.0001746,228.0,1.5150171e+12,0.03982406,4.0,228.0,0.03982406,0.0
3463,1.5150171e+12,0.0001746,0.0001746,0.00017403,0.00017403,203.0,1.5150174e+12,0.03544209,3.0,200.0,0.03492,0.0
3464,1.5150174e+12,0.00017551,0.00017634,0.00017551,0.0001763,1096.0,1.5150177e+12,0.19292217,7.0,1096.0,0.19292217,0.0
3465,1.5150177e+12,0.00017486,0.00017654,0.00017486,0.00017654,474.0,1.515018e+12,0.08337533,7.0,294.0,0.05190053,0.0
3466,1.515018e+12,0.00017654,0.00017654,0.00017654,0.00017654,0.0,1.5150183e+12,0.0,0.0,0.0,0.0,0.0
3467,1.5150183e+12,0.00017598,0.00017598,0.00017598,0.00017598,5.0,1.5150186e+12,0.0008799,1.0,5.0,0.0008799,0.0
3468,1.5150186e+12,0.00017598,0.00017617,0.00017598,0.00017617,5.0,1.5150189e+12,0.00088047,2.0,5.0,0.00088047,0.0
3469,1.5150189e+12,0.00017617,0.00017617,0.00017617,0.00017617,4.0,1.5150192e+12,0.00070468,1.0,4.0,0.00070468,0.0
3470,1.5150192e+12,0.00017654,0.00017707,0.00017617,0.00017707,355.0,1.5150195e+12,0.06278398,9.0,279.0,0.04937459,0.0
3471,1.5150195e+12,0.00017706,0.00017706,0.00017617,0.00017617,108.0,1.5150198e+12,0.01910735,5.0,0.0,0.0,0.0
3472,1.5150198e+12,0.00017617,0.00017707,0.00017617,0.00017707,1065.0,1.5150201e+12,0.18830145,4.0,756.0,0.13386492,0.0
3473,1.5150201e+12,0.00017707,0.00017707,0.00017617,0.00017707,44.0,1.5150204e+12,0.00779018,4.0,43.0,0.00761401,0.0
3474,1.5150204e+12,0.00017619,0.00017707,0.00017619,0.00017619,668.0,1.5150207e+12,0.11813507,10.0,502.0,0.08888753,0.0
3475,1.5150207e+12,0.00017705,0.00017846,0.00017633,0.00017846,3066.0,1.515021e+12,0.54270359,12.0,2738.0,0.48482475,0.0
3476,1.515021e+12,0.00017846,0.00017856,0.00017658,0.00017856,532.0,1.5150213e+12,0.09453856,8.0,68.0,0.01214208,0.0
3477,1.5150213e+12,0.00017856,0.00017999,0.00017785,0.00017999,1261.0,1.5150216e+12,0.22536829,20.0,936.0,0.16751754,0.0
3478,1.5150216e+12,0.00017999,0.0001846,0.000178,0.00018297,4644.0,1.5150219e+12,0.84893462,55.0,3067.0,0.56223376,0.0
3479,1.5150219e+12,0.000181,0.00018295,0.00017875,0.00018295,1218.0,1.5150222e+12,0.22158704,29.0,848.0,0.15497205,0.0
3480,1.5150222e+12,0.00018116,0.00018175,0.00017848,0.00017848,1347.0,1.5150225e+12,0.24338766,10.0,233.0,0.04199126,0.0
3481,1.5150225e+12,0.00017972,0.00018064,0.000179,0.00017981,1195.0,1.5150228e+12,0.21531428,7.0,1138.0,0.20506124,0.0
3482,1.5150228e+12,0.00017891,0.00018063,0.00017849,0.00018063,681.0,1.5150231e+12,0.12246526,12.0,404.0,0.07272203,0.0
3483,1.5150231e+12,0.00017934,0.00017934,0.00017933,0.00017933,8.0,1.5150234e+12,0.00143471,2.0,0.0,0.0,0.0
3484,1.5150234e+12,0.0001795,0.00018234,0.00017933,0.00017943,949.0,1.5150237e+12,0.17039623,15.0,329.0,0.05915122,0.0
3485,1.5150237e+12,0.00017943,0.00017943,0.00017717,0.00017717,2363.0,1.515024e+12,0.42302832,23.0,164.0,0.02922132,0.0
3486,1.515024e+12,0.00017734,0.0001778,0.00017717,0.0001778,1292.0,1.5150243e+12,0.22900172,10.0,84.0,0.01493472,0.0
3487,1.5150243e+12,0.0001778,0.00017781,0.00017718,0.0001778,380.0,1.5150246e+12,0.06753718,9.0,186.0,0.03307126,0.0
3488,1.5150246e+12,0.00017781,0.00017781,0.00017781,0.00017781,733.0,1.5150249e+12,0.13033473,4.0,733.0,0.13033473,0.0
3489,1.5150249e+12,0.00017813,0.00017816,0.00017312,0.0001763,4458.0,1.5150252e+12,0.78435332,29.0,179.0,0.03151424,0.0
3490,1.5150252e+12,0.0001752,0.00017708,0.00017516,0.00017635,870.0,1.5150255e+12,0.15282357,20.0,320.0,0.05638371,0.0
3491,1.5150255e+12,0.00017705,0.00017705,0.00017581,0.00017705,882.0,1.5150258e+12,0.15550649,12.0,790.0,0.13933112,0.0
3492,1.5150258e+12,0.00017704,0.00017704,0.000175,0.00017582,1755.0,1.5150261e+12,0.30751062,12.0,131.0,0.02316713,0.0
3493,1.5150261e+12,0.000175,0.000175,0.000175,0.000175,9803.0,1.5150264e+12,1.715525,5.0,0.0,0.0,0.0
3494,1.5150264e+12,0.00017501,0.00017501,0.000174,0.00017498,2454.0,1.5150267e+12,0.42944207,12.0,299.0,0.05231804,0.0
3495,1.5150267e+12,0.00017481,0.00017481,0.00017481,0.00017481,18.0,1.515027e+12,0.00314658,1.0,18.0,0.00314658,0.0
3496,1.515027e+12,0.00017481,0.00017481,0.00017481,0.00017481,0.0,1.5150273e+12,0.0,0.0,0.0,0.0,0.0
3497,1.5150273e+12,0.00017482,0.00017482,0.00017481,0.00017481,385.0,1.5150276e+12,0.0673027,2.0,0.0,0.0,0.0
3498,1.5150276e+12,0.0001731,0.00017582,0.0001731,0.00017582,6798.0,1.5150279e+12,1.18877794,25.0,3923.0,0.68818611,0.0
3499,1.5150279e+12,0.0001768,0.00017827,0.0001768,0.00017827,1912.0,1.5150282e+12,0.33933453,20.0,1206.0,0.21420446,0.0
3500,1.5150282e+12,0.00017824,0.0001794,0.00017824,0.0001794,711.0,1.5150285e+12,0.1269171,12.0,154.0,0.02761033,0.0
3501,1.5150285e+12,0.00017824,0.00017939,0.00017824,0.00017862,57.0,1.5150288e+12,0.01020029,3.0,33.0,0.00591987,0.0
3502,1.5150288e+12,0.00017824,0.000179,0.00017651,0.00017814,1570.0,1.5150291e+12,0.28038615,13.0,1230.0,0.22012106,0.0
3503,1.5150291e+12,0.00017761,0.00017837,0.00017761,0.00017766,925.0,1.5150294e+12,0.16452295,9.0,298.0,0.05312868,0.0
3504,1.5150294e+12,0.00017766,0.000178,0.00017596,0.00017766,3312.0,1.5150297e+12,0.58536642,10.0,218.0,0.03879992,0.0
3505,1.5150297e+12,0.00017708,0.00017708,0.00017596,0.00017597,3083.0,1.51503e+12,0.54388773,13.0,317.0,0.05602891,0.0
3506,1.51503e+12,0.00017596,0.00017665,0.00017519,0.00017611,2088.0,1.5150303e+12,0.36647819,20.0,397.0,0.06996498,0.0
3507,1.5150303e+12,0.00017611,0.00017611,0.00017191,0.00017196,1533.0,1.5150306e+12,0.26494065,17.0,108.0,0.01892268,0.0
3508,1.5150306e+12,0.00017405,0.00017498,0.00017271,0.00017271,1046.0,1.5150309e+12,0.18121849,17.0,85.0,0.01481583,0.0
3509,1.5150309e+12,0.00017199,0.0001731,0.00016978,0.00017053,6373.0,1.5150312e+12,1.08705325,27.0,509.0,0.08780722,0.0
3510,1.5150312e+12,0.00017067,0.00017222,0.00017053,0.00017162,1201.0,1.5150315e+12,0.20539299,16.0,784.0,0.13395802,0.0
3511,1.5150315e+12,0.00017222,0.00017222,0.00017053,0.0001711,1483.0,1.5150318e+12,0.25294754,5.0,22.0,0.00378884,0.0
3512,1.5150318e+12,0.0001709,0.00017316,0.0001709,0.00017316,373.0,1.5150321e+12,0.06419606,14.0,258.0,0.04451868,0.0
3513,1.5150321e+12,0.0001709,0.00017141,0.00017053,0.00017141,2668.0,1.5150324e+12,0.45508457,11.0,69.0,0.01178934,0.0
3514,1.5150324e+12,0.00017054,0.000172,0.00017054,0.00017054,2657.0,1.5150327e+12,0.45427636,16.0,149.0,0.02555654,0.0
3515,1.5150327e+12,0.00017087,0.00017087,0.00017084,0.00017084,1776.0,1.515033e+12,0.30342641,4.0,1033.0,0.17647772,0.0
3516,1.515033e+12,0.00017084,0.00017084,0.00017054,0.00017054,1335.0,1.5150333e+12,0.2276769,11.0,363.0,0.06190602,0.0
3517,1.5150333e+12,0.00017147,0.00017148,0.00017053,0.00017148,1145.0,1.5150336e+12,0.19535084,9.0,99.0,0.01697561,0.0
3518,1.5150336e+12,0.00017148,0.00017166,0.00017147,0.00017147,3482.0,1.5150339e+12,0.5971889,22.0,1096.0,0.18794216,0.0
3519,1.5150339e+12,0.00017054,0.00017156,0.00017054,0.0001711,287.0,1.5150342e+12,0.04918431,5.0,286.0,0.04901377,0.0
3520,1.5150342e+12,0.00017185,0.00017226,0.00017106,0.00017171,2978.0,1.5150345e+12,0.50961909,9.0,144.0,0.02479503,0.0
3521,1.5150345e+12,0.00017132,0.00017172,0.00017097,0.00017172,1076.0,1.5150348e+12,0.18415122,12.0,636.0,0.10877178,0.0
3522,1.5150348e+12,0.00017172,0.00017172,0.00017172,0.00017172,0.0,1.51503481530e+12,0.0,0.0,0.0,0.0,0.0
3523,1.5150423e+12,0.00017226,0.000175,0.00017194,0.00017248,6651.0,1.5150426e+12,1.14893284,25.0,4459.0,0.77135191,0.0
3524,1.5150426e+12,0.00017612,0.00017612,0.00017319,0.00017458,179.0,1.5150429e+12,0.03135828,5.0,78.0,0.01373736,0.0
3525,1.5150429e+12,0.00017525,0.00017525,0.00017423,0.00017514,1916.0,1.5150432e+12,0.33525103,15.0,1337.0,0.23429026,0.0
3526,1.5150432e+12,0.00017424,0.00017515,0.00017424,0.00017515,2387.0,1.5150435e+12,0.4163422,15.0,2289.0,0.39926668,0.0
3527,1.5150435e+12,0.00017525,0.000176,0.00017525,0.000176,2798.0,1.5150438e+12,0.49225545,13.0,2798.0,0.49225545,0.0
3528,1.5150438e+12,0.000176,0.000176,0.000176,0.000176,659.0,1.5150441e+12,0.115984,3.0,659.0,0.115984,0.0
3529,1.5150441e+12,0.00017529,0.00017599,0.0001752,0.00017552,3376.0,1.5150444e+12,0.5916878,9.0,293.0,0.05149325,0.0
3530,1.5150444e+12,0.00017531,0.00017601,0.00017531,0.00017562,8081.0,1.5150447e+12,1.42123016,48.0,5557.0,0.97761885,0.0
3531,1.5150447e+12,0.00017562,0.0001765,0.00017543,0.00017543,4812.0,1.515045e+12,0.84553125,32.0,3456.0,0.60735553,0.0
3532,1.515045e+12,0.00017573,0.000177,0.00017573,0.00017589,6793.0,1.5150453e+12,1.19636037,47.0,4016.0,0.70759382,0.0
3533,1.5150453e+12,0.00017589,0.00017608,0.00017523,0.00017576,8644.0,1.5150456e+12,1.51853051,41.0,3473.0,0.61040716,0.0
3534,1.5150456e+12,0.00017575,0.00017576,0.00017524,0.00017524,3181.0,1.5150459e+12,0.55886921,14.0,592.0,0.104044,0.0
3535,1.5150459e+12,0.00017605,0.00017789,0.00017605,0.00017613,11808.0,1.5150462e+12,2.08167133,31.0,4961.0,0.87602215,0.0
3536,1.5150462e+12,0.00017789,0.00017793,0.00017621,0.00017792,3912.0,1.5150465e+12,0.69114732,28.0,1943.0,0.34409526,0.0
3537,1.5150465e+12,0.0001779,0.000183,0.0001767,0.00018299,20387.0,1.5150468e+12,3.67019526,49.0,18235.0,3.28870847,0.0
3538,1.5150468e+12,0.00018299,0.00018644,0.00018299,0.00018644,8761.0,1.5150471e+12,1.61229814,40.0,7429.0,1.36715033,0.0
3539,1.5150471e+12,0.00018644,0.00018798,0.00018008,0.00018495,4569.0,1.5150474e+12,0.85199863,42.0,3386.0,0.63554323,0.0
3540,1.5150474e+12,0.00018605,0.000188,0.00018602,0.000188,3081.0,1.5150477e+12,0.57824093,31.0,2217.0,0.41653454,0.0
3541,1.5150477e+12,0.00018733,0.00018911,0.00018435,0.000189,3761.0,1.515048e+12,0.70898887,39.0,3098.0,0.5849377,0.0
3542,1.515048e+12,0.00018909,0.0001897,0.00018761,0.000189,8078.0,1.5150483e+12,1.52610206,63.0,5162.0,0.97482924,0.0
3543,1.5150483e+12,0.00018909,0.000195,0.00018909,0.00019488,34596.0,1.5150486e+12,6.67444106,126.0,24963.0,4.81456416,0.0
3544,1.5150486e+12,0.00019488,0.00019611,0.00019024,0.0001904,5167.0,1.5150489e+12,1.00252726,37.0,2445.0,0.47581847,0.0
3545,1.5150489e+12,0.00019127,0.00019207,0.0001883,0.00019204,1714.0,1.5150492e+12,0.3262548,33.0,716.0,0.13652482,0.0
3546,1.5150492e+12,0.00019205,0.00019235,0.00019076,0.00019076,1679.0,1.5150495e+12,0.32216632,32.0,300.0,0.05753295,0.0
3547,1.5150495e+12,0.00019212,0.00019233,0.00019078,0.00019233,1450.0,1.5150498e+12,0.2784535,14.0,1227.0,0.2356809,0.0
3548,1.5150498e+12,0.00019361,0.000196,0.0001936,0.000196,2108.0,1.5150501e+12,0.41154684,20.0,1995.0,0.38961887,0.0
3549,1.5150501e+12,0.00019599,0.0001968,0.00019437,0.00019653,5296.0,1.5150504e+12,1.03782658,21.0,4655.0,0.91304435,0.0
3550,1.5150504e+12,0.00019653,0.0002,0.00019653,0.0001971,20606.0,1.5150507e+12,4.09751466,86.0,19295.0,3.83905879,0.0
3551,1.5150507e+12,0.0001971,0.000198,0.00019621,0.0001968,2483.0,1.515051e+12,0.49044698,24.0,1269.0,0.25126123,0.0
3552,1.515051e+12,0.00019739,0.00019739,0.000192,0.00019214,16918.0,1.5150513e+12,3.26264338,65.0,7545.0,1.45560359,0.0
3553,1.5150513e+12,0.00019282,0.00019902,0.00019221,0.00019739,33684.0,1.5150516e+12,6.55694956,89.0,21058.0,4.10243013,0.0
3554,1.5150516e+12,0.00019999,0.00019999,0.00019725,0.00019749,24086.0,1.5150519e+12,4.76107584,55.0,10354.0,2.04684074,0.0
3555,1.5150519e+12,0.00019749,0.0002,0.00019461,0.00019864,31088.0,1.5150522e+12,6.12517455,92.0,15012.0,2.95763513,0.0
3556,1.5150522e+12,0.00019866,0.00020079,0.00019823,0.00020047,25122.0,1.5150525e+12,4.99341133,70.0,14027.0,2.79117833,0.0
3557,1.5150525e+12,0.00020049,0.00021,0.00019963,0.00020169,44793.0,1.5150528e+12,9.07899907,126.0,28081.0,5.70298091,0.0
3558,1.5150528e+12,0.00020169,0.00020491,0.00020144,0.00020491,18711.0,1.5150531e+12,3.80325097,88.0,9768.0,1.98556412,0.0
3559,1.5150531e+12,0.00020488,0.00021167,0.00020267,0.00021086,28951.0,1.5150534e+12,6.02242501,109.0,21919.0,4.56481589,0.0
3560,1.5150534e+12,0.00021127,0.0002198,0.00021086,0.00021379,26384.0,1.5150537e+12,5.67128608,110.0,15220.0,3.27289686,0.0
3561,1.5150537e+12,0.00021349,0.00021536,0.0002132,0.00021391,17401.0,1.515054e+12,3.72552305,58.0,10427.0,2.23194149,0.0
3562,1.515054e+12,0.00021382,0.00021382,0.00020952,0.00020952,11705.0,1.5150543e+12,2.49467682,69.0,4599.0,0.98114847,0.0
3563,1.5150543e+12,0.00021237,0.00021238,0.00020447,0.00020451,9069.0,1.5150546e+12,1.88657861,40.0,3251.0,0.6839271,0.0
3564,1.5150546e+12,0.00020455,0.00020726,0.000204,0.00020447,3278.0,1.5150549e+12,0.67300999,22.0,1578.0,0.32536069,0.0
3565,1.5150549e+12,0.00020413,0.00020659,0.00020339,0.00020658,8496.0,1.5150552e+12,1.73731741,29.0,3448.0,0.70310752,0.0
3566,1.5150552e+12,0.00020659,0.00020659,0.00020254,0.00020357,5956.0,1.5150555e+12,1.20892052,33.0,794.0,0.16111849,0.0
3567,1.5150555e+12,0.0002026,0.00021,0.00020253,0.00021,2990.0,1.5150558e+12,0.61081302,39.0,2598.0,0.53112813,0.0
3568,1.5150558e+12,0.00021117,0.00021218,0.00021,0.00021,10649.0,1.5150561e+12,2.24906171,40.0,399.0,0.08449549,0.0
3569,1.5150561e+12,0.00021117,0.00021217,0.00021001,0.00021216,5067.0,1.5150564e+12,1.07376524,31.0,4935.0,1.04596201,0.0
3570,1.5150564e+12,0.00021199,0.000212,0.00021088,0.0002109,4365.0,1.5150567e+12,0.92420645,18.0,902.0,0.19103227,0.0
3571,1.5150567e+12,0.00021214,0.0002177,0.00021091,0.00021091,12442.0,1.515057e+12,2.64091753,55.0,6931.0,1.47151,0.0
3572,1.515057e+12,0.00021199,0.00021978,0.00021199,0.00021972,7495.0,1.5150573e+12,1.62643602,39.0,5985.0,1.29601048,0.0
3573,1.5150573e+12,0.00021772,0.00021964,0.00021458,0.00021608,4605.0,1.5150576e+12,1.00010035,34.0,872.0,0.19124357,0.0
3574,1.5150576e+12,0.00021608,0.00022101,0.00021608,0.0002174,17407.0,1.5150579e+12,3.81772754,99.0,14609.0,3.21125709,0.0
3575,1.5150579e+12,0.00021822,0.00021902,0.0002091,0.0002091,3996.0,1.5150582e+12,0.84734803,39.0,2890.0,0.61025518,0.0
3576,1.5150582e+12,0.00020999,0.00022088,0.00020999,0.0002167,4901.0,1.5150585e+12,1.06661369,47.0,4667.0,1.01519571,0.0
3577,1.5150585e+12,0.00021902,0.00021902,0.00021168,0.00021222,1925.0,1.5150588e+12,0.41466991,25.0,193.0,0.04216146,0.0
3578,1.5150588e+12,0.00021108,0.00021146,0.00021,0.00021,1325.0,1.5150591e+12,0.27919004,33.0,576.0,0.12142153,0.0
3579,1.5150591e+12,0.00021,0.000215,0.000209,0.000215,1230.0,1.5150594e+12,0.25818507,27.0,324.0,0.0684452,0.0
3580,1.5150594e+12,0.00021107,0.000215,0.00021107,0.00021261,527.0,1.5150597e+12,0.11277776,14.0,121.0,0.02598386,0.0
3581,1.5150597e+12,0.00021499,0.000215,0.00021352,0.00021359,456.0,1.51506e+12,0.09764014,8.0,184.0,0.03954562,0.0
3582,1.51506e+12,0.00021367,0.000223,0.00021365,0.00021547,13010.0,1.5150603e+12,2.87650091,38.0,11787.0,2.61271177,0.0
3583,1.5150603e+12,0.00021548,0.00022784,0.00021548,0.0002178,8425.0,1.5150606e+12,1.8540459,38.0,3474.0,0.76479534,0.0
3584,1.5150606e+12,0.0002178,0.00022784,0.00021265,0.00022784,3062.0,1.5150609e+12,0.66697998,36.0,2007.0,0.44059498,0.0
3585,1.5150609e+12,0.00022655,0.0002278,0.0002186,0.0002186,463.0,1.5150612e+12,0.10371032,14.0,191.0,0.04317232,0.0
3586,1.5150612e+12,0.00021953,0.00022271,0.00021953,0.00022271,1244.0,1.5150615e+12,0.27508304,22.0,660.0,0.14628835,0.0
3587,1.5150615e+12,0.00022212,0.00022777,0.00022212,0.00022777,7208.0,1.5150618e+12,1.62463434,59.0,1618.0,0.36438721,0.0
3588,1.5150618e+12,0.00022777,0.00022777,0.00022445,0.00022776,6913.0,1.5150621e+12,1.56690541,48.0,1113.0,0.25298037,0.0
3589,1.5150621e+12,0.00022776,0.0002284,0.00022776,0.00022836,6465.0,1.5150624e+12,1.47512637,50.0,3122.0,0.71177635,0.0
3590,1.5150624e+12,0.00022836,0.000238,0.000228,0.000238,10667.0,1.5150627e+12,2.50734759,59.0,9046.0,2.13690481,0.0
3591,1.5150627e+12,0.00023619,0.00024802,0.00023619,0.0002421,36805.0,1.515063e+12,9.0057894,112.0,26885.0,6.59758119,0.0
3592,1.515063e+12,0.0002421,0.0002479,0.00024,0.00024005,15098.0,1.5150633e+12,3.6925945,73.0,10863.0,2.66275374,0.0
3593,1.5150633e+12,0.00024268,0.00024398,0.00022868,0.00022965,6774.0,1.5150636e+12,1.60802611,65.0,1900.0,0.45158697,0.0
3594,1.5150636e+12,0.00022966,0.00024479,0.00022965,0.0002377,6594.0,1.5150639e+12,1.55773466,96.0,3788.0,0.89480088,0.0
3595,1.5150639e+12,0.00023899,0.00024345,0.00023771,0.00024001,31410.0,1.5150642e+12,7.56708258,78.0,11599.0,2.79024387,0.0
3596,1.5150642e+12,0.00024,0.00024197,0.00023771,0.00023948,14668.0,1.5150645e+12,3.51158868,59.0,6845.0,1.64464525,0.0
3597,1.5150645e+12,0.00023949,0.00024,0.0002305,0.000234,2543.0,1.5150648e+12,0.60077238,30.0,767.0,0.18319995,0.0
3598,1.5150648e+12,0.000234,0.0002349,0.00023127,0.00023401,3838.0,1.5150651e+12,0.89962961,36.0,1941.0,0.45580003,0.0
3599,1.5150651e+12,0.00023267,0.00023267,0.00022551,0.00023211,8088.0,1.5150654e+12,1.84774793,36.0,1316.0,0.30520187,0.0
3600,1.5150654e+12,0.00023209,0.00023487,0.00022903,0.0002317,7357.0,1.5150657e+12,1.70476645,43.0,6191.0,1.43613396,0.0
3601,1.5150657e+12,0.00023062,0.00023168,0.00022956,0.00023025,4195.0,1.515066e+12,0.96813034,45.0,1034.0,0.2394406,0.0
3602,1.515066e+12,0.00023025,0.00023113,0.00022573,0.00022573,2360.0,1.5150663e+12,0.54216473,17.0,214.0,0.04907272,0.0
3603,1.5150663e+12,0.0002262,0.00022926,0.00022551,0.00022852,3299.0,1.5150666e+12,0.74828011,21.0,707.0,0.16152212,0.0
3604,1.5150666e+12,0.00022913,0.00022913,0.00022732,0.00022848,2360.0,1.5150669e+12,0.53721528,22.0,481.0,0.10980338,0.0
3605,1.5150669e+12,0.00022733,0.00022733,0.00022167,0.00022292,2955.0,1.5150672e+12,0.66242507,53.0,1166.0,0.26165334,0.0
3606,1.5150672e+12,0.00022379,0.00022393,0.00021953,0.00021968,4323.0,1.5150675e+12,0.96199006,55.0,1411.0,0.31394599,0.0
3607,1.5150675e+12,0.00021966,0.00022065,0.00021746,0.00022013,26734.0,1.5150678e+12,5.8541315,67.0,20074.0,4.39830675,0.0
3608,1.5150678e+12,0.00022014,0.00022289,0.00021915,0.00022167,2348.0,1.5150681e+12,0.51963202,66.0,1173.0,0.26044909,0.0
3609,1.5150681e+12,0.00022163,0.00022163,0.00021915,0.00022124,1986.0,1.5150684e+12,0.43659308,25.0,576.0,0.12751011,0.0
3610,1.5150684e+12,0.00022124,0.00022124,0.00021603,0.00021901,2017.0,1.5150687e+12,0.44311208,33.0,1101.0,0.24282622,0.0
3611,1.5150687e+12,0.00021798,0.00022118,0.00021554,0.00022118,4478.0,1.515069e+12,0.98324955,42.0,1619.0,0.35333524,0.0
3612,1.515069e+12,0.0002178,0.00022933,0.0002178,0.0002242,2032.0,1.5150693e+12,0.45355098,37.0,1221.0,0.27331935,0.0
3613,1.5150693e+12,0.00022506,0.00023153,0.0002242,0.00022808,7020.0,1.5150696e+12,1.58984365,78.0,2847.0,0.653254,0.0
3614,1.5150696e+12,0.00022808,0.00023142,0.00021555,0.00021982,2209.0,1.5150699e+12,0.49351999,57.0,372.0,0.08474686,0.0
3615,1.5150699e+12,0.00022247,0.00022491,0.00022085,0.00022246,1379.0,1.5150702e+12,0.30673871,27.0,700.0,0.15586764,0.0
3616,1.5150702e+12,0.00022246,0.00022489,0.00022094,0.000221,13078.0,1.5150705e+12,2.90283708,40.0,7962.0,1.77135624,0.0
3617,1.5150705e+12,0.00022101,0.00022241,0.00021537,0.00022239,1392.0,1.5150708e+12,0.30729016,28.0,246.0,0.05447111,0.0
3618,1.5150708e+12,0.00022239,0.00022239,0.00022123,0.0002215,4467.0,1.5150711e+12,0.99081191,24.0,2399.0,0.53279811,0.0
3619,1.5150711e+12,0.0002215,0.00022236,0.0002213,0.0002213,4091.0,1.5150714e+12,0.90591731,26.0,511.0,0.11340278,0.0
3620,1.5150714e+12,0.00022228,0.00022295,0.00022123,0.00022295,14946.0,1.5150717e+12,3.32230874,35.0,12428.0,2.76294708,0.0
3621,1.5150717e+12,0.00022295,0.00022472,0.0002224,0.00022243,7032.0,1.515072e+12,1.5679222,35.0,6103.0,1.35976133,0.0
3622,1.515072e+12,0.00022379,0.00022492,0.00022229,0.00022245,7225.0,1.5150723e+12,1.60960216,44.0,2008.0,0.44841865,0.0
3623,1.5150723e+12,0.00022245,0.00022252,0.00021834,0.00022016,6107.0,1.5150726e+12,1.34816562,25.0,2073.0,0.4610975,0.0
3624,1.5150726e+12,0.00022025,0.00022431,0.00022025,0.00022399,4859.0,1.5150729e+12,1.08047121,20.0,2765.0,0.61588212,0.0
3625,1.5150729e+12,0.00022399,0.00022399,0.00022343,0.00022343,1171.0,1.5150732e+12,0.26228231,10.0,1171.0,0.26228231,0.0
3626,1.5150732e+12,0.00022397,0.0002243,0.00022211,0.00022212,3271.0,1.5150735e+12,0.73030155,33.0,952.0,0.21329915,0.0
3627,1.5150735e+12,0.00022289,0.0002235,0.00022212,0.00022259,419.0,1.5150738e+12,0.09322071,12.0,160.0,0.03566625,0.0
3628,1.5150738e+12,0.000224,0.00022432,0.00022266,0.000224,2185.0,1.5150741e+12,0.48864836,18.0,1952.0,0.43657428,0.0
3629,1.5150741e+12,0.00022276,0.00022293,0.00022272,0.00022277,759.0,1.5150744e+12,0.16906027,5.0,5.0,0.0011138,0.0
3630,1.5150744e+12,0.00022276,0.00022276,0.00021682,0.0002199,5015.0,1.5150747e+12,1.1076074,45.0,1099.0,0.24292236,0.0
3631,1.5150747e+12,0.00021839,0.00022098,0.00021833,0.00022014,678.0,1.515075e+12,0.1490248,21.0,371.0,0.0817626,0.0
3632,1.515075e+12,0.00022014,0.00022064,0.00022014,0.00022035,105.0,1.5150753e+12,0.02312021,6.0,81.0,0.01783685,0.0
3633,1.5150753e+12,0.00022035,0.00022035,0.00022035,0.00022035,855.0,1.5150756e+12,0.18839925,8.0,274.0,0.0603759,0.0
3634,1.5150756e+12,0.00022035,0.00022035,0.00022035,0.00022035,1008.0,1.5150759e+12,0.2221128,10.0,0.0,0.0,0.0
3635,1.5150759e+12,0.0002205,0.0002205,0.0002205,0.0002205,65.0,1.5150762e+12,0.0143325,3.0,65.0,0.0143325,0.0
3636,1.5150762e+12,0.00022079,0.0002227,0.00022079,0.0002227,489.0,1.5150765e+12,0.10818394,13.0,306.0,0.06777937,0.0
3637,1.5150765e+12,0.0002227,0.00022949,0.00022115,0.00022638,5342.0,1.5150768e+12,1.19564224,41.0,3151.0,0.70789403,0.0
3638,1.5150768e+12,0.00022638,0.00022748,0.00022424,0.00022741,3482.0,1.5150771e+12,0.78994123,39.0,2368.0,0.5384681,0.0
3639,1.5150771e+12,0.00022757,0.00023,0.00022526,0.00022865,9164.0,1.5150774e+12,2.08095549,70.0,3545.0,0.80800328,0.0
3640,1.5150774e+12,0.00022891,0.00023165,0.00022891,0.00023165,2788.0,1.5150777e+12,0.64335339,31.0,2012.0,0.46534301,0.0
3641,1.5150777e+12,0.00023165,0.0002389,0.0002296,0.00023065,12495.0,1.515078e+12,2.93227229,64.0,10481.0,2.46906662,0.0
3642,1.515078e+12,0.00023327,0.00023499,0.00023247,0.00023499,3002.0,1.5150783e+12,0.7021651,17.0,1632.0,0.38312901,0.0
3643,1.5150783e+12,0.00023499,0.00024,0.00023499,0.00024,1899.0,1.5150786e+12,0.45033431,24.0,1082.0,0.2578283,0.0
3644,1.5150786e+12,0.00024,0.00024488,0.00024,0.00024325,6667.0,1.5150789e+12,1.60827446,29.0,6531.0,1.57531446,0.0
3645,1.5150789e+12,0.00024325,0.00024511,0.00024324,0.000245,7284.0,1.5150792e+12,1.78277107,38.0,6023.0,1.47475138,0.0
3646,1.5150792e+12,0.000245,0.00024501,0.00024115,0.00024173,2950.0,1.5150795e+12,0.7180774,45.0,1818.0,0.44344798,0.0
3647,1.5150795e+12,0.00024173,0.000245,0.00024173,0.000245,5239.0,1.5150798e+12,1.27296416,31.0,1360.0,0.33093273,0.0
3648,1.5150798e+12,0.00024293,0.0002469,0.00023662,0.0002388,15442.0,1.5150801e+12,3.74454668,61.0,6761.0,1.64676117,0.0
3649,1.5150801e+12,0.00023968,0.00024115,0.0002353,0.00023848,1202.0,1.5150804e+12,0.2851158,24.0,255.0,0.06085599,0.0
3650,1.5150804e+12,0.00023729,0.00023729,0.00023531,0.00023531,1248.0,1.5150807e+12,0.29522941,20.0,128.0,0.03030101,0.0
3651,1.5150807e+12,0.00023531,0.00023531,0.00023058,0.00023275,8827.0,1.515081e+12,2.06318129,43.0,4055.0,0.94328058,0.0
3652,1.515081e+12,0.00023159,0.00023216,0.000231,0.000231,1034.0,1.5150813e+12,0.23916152,15.0,594.0,0.1374704,0.0
3653,1.5150813e+12,0.00023213,0.000233,0.00023057,0.00023299,3354.0,1.5150816e+12,0.77646831,26.0,1174.0,0.27293423,0.0
3654,1.5150816e+12,0.00023298,0.000233,0.00023056,0.00023056,2863.0,1.5150819e+12,0.66392825,20.0,844.0,0.19664468,0.0
3655,1.5150819e+12,0.00023216,0.00023685,0.00023056,0.00023056,2328.0,1.5150822e+12,0.54500881,30.0,1090.0,0.25506334,0.0
3656,1.5150822e+12,0.00023314,0.0002341,0.00023056,0.00023056,2260.0,1.5150825e+12,0.52275359,16.0,296.0,0.06902486,0.0
3657,1.5150825e+12,0.00023409,0.00023685,0.000231,0.0002333,2353.0,1.5150828e+12,0.55022014,32.0,1383.0,0.32334518,0.0
3658,1.5150828e+12,0.00023417,0.00023417,0.000231,0.00023262,1688.0,1.5150831e+12,0.39395826,18.0,643.0,0.14973498,0.0
3659,1.5150831e+12,0.00023199,0.0002329,0.000231,0.000231,697.0,1.5150834e+12,0.16190786,12.0,531.0,0.12351719,0.0
3660,1.5150834e+12,0.00023289,0.0002329,0.000231,0.0002329,161.0,1.5150837e+12,0.03747695,7.0,149.0,0.03469791,0.0
3661,1.5150837e+12,0.0002329,0.00024842,0.00023289,0.00024299,5388.0,1.515084e+12,1.31930931,50.0,5360.0,1.31263271,0.0
3662,1.515084e+12,0.00024468,0.00024789,0.00024386,0.00024386,1552.0,1.5150843e+12,0.38156452,17.0,712.0,0.17634514,0.0
3663,1.5150843e+12,0.00024545,0.00024751,0.00024063,0.0002451,995.0,1.5150846e+12,0.24241256,14.0,384.0,0.09501281,0.0
3664,1.5150846e+12,0.0002475,0.00024842,0.00024497,0.000248,4296.0,1.5150849e+12,1.06365383,37.0,4260.0,1.05483378,0.0
3665,1.5150849e+12,0.00024755,0.0002498,0.0002329,0.0002498,6857.0,1.5150852e+12,1.70409713,34.0,6655.0,1.65514638,0.0
3666,1.5150852e+12,0.00024995,0.00025693,0.00024709,0.00025446,7114.0,1.5150855e+12,1.78839631,74.0,4530.0,1.1422084,0.0
3667,1.5150855e+12,0.00025446,0.0002571,0.00025237,0.00025243,7640.0,1.5150858e+12,1.94927231,34.0,2983.0,0.7622856,0.0
3668,1.5150858e+12,0.00025497,0.00025499,0.00025243,0.00025491,1802.0,1.5150861e+12,0.45709446,29.0,572.0,0.14552709,0.0
3669,1.5150861e+12,0.00025411,0.00025625,0.0002524,0.00025625,1397.0,1.5150864e+12,0.35502914,27.0,879.0,0.22411074,0.0
3670,1.5150864e+12,0.00025625,0.00025626,0.0002524,0.0002524,5576.0,1.5150867e+12,1.41827246,47.0,1561.0,0.39890066,0.0
3671,1.5150867e+12,0.00025489,0.00025493,0.0002524,0.0002524,2653.0,1.515087e+12,0.67422304,36.0,2036.0,0.51843537,0.0
3672,1.515087e+12,0.00025227,0.00025554,0.00024721,0.00024721,4133.0,1.5150873e+12,1.04486521,37.0,577.0,0.14716537,0.0
3673,1.5150873e+12,0.00025264,0.000255,0.00025013,0.00025179,680.0,1.5150876e+12,0.17157142,21.0,456.0,0.11535106,0.0
3674,1.5150876e+12,0.00025179,0.0002549,0.00025014,0.00025342,4333.0,1.5150879e+12,1.09882098,21.0,1509.0,0.38347122,0.0
3675,1.5150879e+12,0.00025228,0.00025231,0.00025228,0.00025231,485.0,1.5150882e+12,0.12235844,9.0,485.0,0.12235844,0.0
3676,1.5150882e+12,0.00025128,0.00025267,0.00025013,0.00025018,134.0,1.5150885e+12,0.03363712,8.0,7.0,0.00176869,0.0
3677,1.5150885e+12,0.00025184,0.000254,0.00025118,0.000254,1280.0,1.5150888e+12,0.32476549,24.0,400.0,0.10155561,0.0
3678,1.5150888e+12,0.000254,0.00025498,0.00025394,0.00025395,929.0,1.5150891e+12,0.2359282,13.0,244.0,0.06197871,0.0
3679,1.5150891e+12,0.00025395,0.00025612,0.00024,0.00025109,5980.0,1.5150894e+12,1.52405564,49.0,1297.0,0.33130293,0.0
3680,1.5150894e+12,0.00025145,0.00025392,0.00024024,0.00025132,592.0,1.5150897e+12,0.14860607,19.0,358.0,0.09079206,0.0
3681,1.5150897e+12,0.00025223,0.00025223,0.00024452,0.00024452,5583.0,1.51509e+12,1.39799093,38.0,3885.0,0.97120244,0.0
3682,1.51509e+12,0.00024361,0.0002498,0.00024012,0.00024864,2015.0,1.5150903e+12,0.48916439,27.0,698.0,0.17187448,0.0
3683,1.5150903e+12,0.00024924,0.00024924,0.00024924,0.00024924,38.0,1.5150906e+12,0.00947112,2.0,38.0,0.00947112,0.0
3684,1.5150906e+12,0.00024806,0.0002492,0.0002473,0.0002473,91.0,1.5150909e+12,0.02256058,7.0,25.0,0.00622551,0.0
3685,1.5150909e+12,0.00024703,0.00024754,0.00024271,0.00024683,720.0,1.5150912e+12,0.17738606,13.0,290.0,0.07161753,0.0
3686,1.5150912e+12,0.0002458,0.00024683,0.000244,0.00024683,353.0,1.5150915e+12,0.08645404,13.0,83.0,0.02046482,0.0
3687,1.5150915e+12,0.00024683,0.00024683,0.00023604,0.00023989,6085.0,1.5150918e+12,1.4610949,29.0,4889.0,1.17276542,0.0
3688,1.5150918e+12,0.00024395,0.00024951,0.00024395,0.00024775,1057.0,1.5150921e+12,0.2631914,19.0,423.0,0.1050084,0.0
3689,1.5150921e+12,0.00024608,0.00024883,0.00024608,0.00024883,230.0,1.5150924e+12,0.05716475,5.0,206.0,0.05125428,0.0
3690,1.5150924e+12,0.0002479,0.0002479,0.0002473,0.0002473,129.0,1.5150927e+12,0.0319263,5.0,41.0,0.0101639,0.0
3691,1.5150927e+12,0.0002473,0.00024789,0.00024699,0.00024699,244.0,1.515093e+12,0.06040691,6.0,205.0,0.05076376,0.0
3692,1.515093e+12,0.0002465,0.00024699,0.00024437,0.00024437,137.0,1.5150933e+12,0.03373644,9.0,106.0,0.02612369,0.0
3693,1.5150933e+12,0.00024523,0.00024606,0.00024437,0.00024492,142.0,1.5150936e+12,0.03479844,7.0,77.0,0.01890729,0.0
3694,1.5150936e+12,0.00024491,0.00024491,0.00024253,0.00024437,716.0,1.5150939e+12,0.17493449,18.0,687.0,0.16787592,0.0
3695,1.5150939e+12,0.00024375,0.00024437,0.00024253,0.00024253,81.0,1.5150942e+12,0.01970005,5.0,27.0,0.00659489,0.0
3696,1.5150942e+12,0.00024373,0.00024375,0.00024373,0.00024373,58.0,1.5150945e+12,0.01413676,6.0,39.0,0.00950589,0.0
3697,1.5150945e+12,0.00024373,0.00024373,0.00024314,0.00024314,97.0,1.5150948e+12,0.0236028,7.0,21.0,0.00510972,0.0
3698,1.5150948e+12,0.0002433,0.00024331,0.0002433,0.00024331,513.0,1.5150951e+12,0.12481772,5.0,513.0,0.12481772,0.0
3699,1.5150951e+12,0.00024314,0.00024314,0.00024247,0.00024247,118.0,1.5150954e+12,0.02863892,6.0,24.0,0.00583536,0.0
3700,1.5150954e+12,0.00024003,0.00024204,0.00023974,0.00024005,1291.0,1.5150957e+12,0.30987222,21.0,270.0,0.06485706,0.0
3701,1.5150957e+12,0.00024129,0.00024129,0.00024005,0.00024129,150.0,1.515096e+12,0.03616994,5.0,131.0,0.03160899,0.0
3702,1.515096e+12,0.00024052,0.00024052,0.00023862,0.00023862,131.0,1.5150963e+12,0.0313686,6.0,33.0,0.00787636,0.0
3703,1.5150963e+12,0.00023743,0.00023887,0.00023559,0.00023887,50.0,1.5150966e+12,0.01187309,8.0,29.0,0.00691466,0.0
3704,1.5150966e+12,0.00024039,0.00024039,0.00023551,0.00023642,471.0,1.5150969e+12,0.11112826,14.0,18.0,0.00431069,0.0
3705,1.5150969e+12,0.00023731,0.00023846,0.00023555,0.00023652,79.0,1.5150972e+12,0.01875081,10.0,62.0,0.01473098,0.0
3706,1.5150972e+12,0.00023652,0.00023652,0.00023355,0.00023355,568.0,1.5150975e+12,0.13360442,12.0,33.0,0.00778484,0.0
3707,1.5150975e+12,0.00023449,0.00023449,0.00022705,0.00022969,3860.0,1.5150978e+12,0.89411159,23.0,274.0,0.06310977,0.0
3708,1.5150978e+12,0.00022706,0.00022706,0.00022505,0.0002259,5695.0,1.5150981e+12,1.28761536,18.0,65.0,0.01473482,0.0
3709,1.5150981e+12,0.0002259,0.00022705,0.000225,0.000225,1070.0,1.5150984e+12,0.24093166,13.0,77.0,0.01747285,0.0
3710,1.5150984e+12,0.00022749,0.0002275,0.00022222,0.00022664,1914.0,1.5150987e+12,0.43260934,24.0,157.0,0.03542175,0.0
3711,1.5150987e+12,0.00022664,0.00022748,0.00022206,0.00022745,1020.0,1.515099e+12,0.2269847,26.0,487.0,0.10857552,0.0
3712,1.515099e+12,0.00022745,0.00022858,0.00022333,0.00022751,746.0,1.5150993e+12,0.16882977,19.0,509.0,0.11578784,0.0
3713,1.5150993e+12,0.0002297,0.0002297,0.00022751,0.00022755,51.0,1.5150996e+12,0.01169208,6.0,26.0,0.0059722,0.0
3714,1.5150996e+12,0.00023022,0.00023354,0.00022205,0.00023103,1947.0,1.5150999e+12,0.43705615,38.0,170.0,0.03894238,0.0
3715,1.5150999e+12,0.00022692,0.00022692,0.000222,0.00022332,4627.0,1.5151002e+12,1.02792425,40.0,553.0,0.12319869,0.0
3716,1.5151002e+12,0.00022334,0.0002275,0.00022334,0.00022653,992.0,1.5151005e+12,0.22270313,34.0,516.0,0.11628795,0.0
3717,1.5151005e+12,0.0002275,0.00022793,0.00022502,0.00022655,814.0,1.5151008e+12,0.18491163,22.0,686.0,0.15592449,0.0
3718,1.5151008e+12,0.00022793,0.00022793,0.000226,0.00022788,125.0,1.5151011e+12,0.02837988,8.0,71.0,0.01617336,0.0
3719,1.5151011e+12,0.00022684,0.00023006,0.00022684,0.00022908,317.0,1.5151014e+12,0.07236912,26.0,257.0,0.0586879,0.0
3720,1.5151014e+12,0.00023006,0.00023006,0.00022716,0.00022908,366.0,1.5151017e+12,0.08364891,15.0,169.0,0.03870905,0.0
3721,1.5151017e+12,0.00023019,0.0002311,0.00023019,0.0002311,46.0,1.515102e+12,0.01060312,8.0,12.0,0.00276774,0.0
3722,1.515102e+12,0.00023114,0.00023157,0.00022841,0.00023155,122.0,1.5151023e+12,0.02814005,13.0,67.0,0.01549732,0.0
3723,1.5151023e+12,0.00023155,0.00023156,0.00023155,0.00023156,286.0,1.5151026e+12,0.06622337,3.0,286.0,0.06622337,0.0
3724,1.5151026e+12,0.00023157,0.00023817,0.00023157,0.000234,944.0,1.5151029e+12,0.22139414,21.0,927.0,0.21743077,0.0
3725,1.5151029e+12,0.00023475,0.00023604,0.00023475,0.00023544,1376.0,1.5151032e+12,0.32401432,24.0,129.0,0.03037494,0.0
3726,1.5151032e+12,0.00023544,0.00023545,0.00023538,0.00023544,2220.0,1.5151035e+12,0.5226848,6.0,2149.0,0.50597282,0.0
3727,1.5151035e+12,0.00023544,0.00023545,0.00023538,0.00023544,1086.0,1.5151038e+12,0.25563828,9.0,95.0,0.02236722,0.0
3728,1.5151038e+12,0.00023544,0.00023544,0.00023158,0.00023246,2152.0,1.5151041e+12,0.50211782,35.0,786.0,0.18495372,0.0
3729,1.5151041e+12,0.00023246,0.00023246,0.00023245,0.00023245,532.0,1.5151044e+12,0.12366685,10.0,345.0,0.0801987,0.0
3730,1.5151044e+12,0.00023245,0.00023246,0.00023157,0.00023246,555.0,1.5151047e+12,0.12893259,8.0,28.0,0.00650888,0.0
3731,1.5151047e+12,0.00023246,0.00023246,0.00023243,0.00023243,166.0,1.515105e+12,0.03858413,6.0,166.0,0.03858413,0.0
3732,1.515105e+12,0.00023181,0.00023241,0.00023181,0.00023241,15.0,1.5151053e+12,0.00348315,2.0,10.0,0.0023241,0.0
3733,1.5151053e+12,0.00023241,0.00023241,0.00023237,0.00023237,458.0,1.5151056e+12,0.10642586,10.0,458.0,0.10642586,0.0
3734,1.5151056e+12,0.00023158,0.00023234,0.000225,0.00022503,734.0,1.5151059e+12,0.16668983,19.0,15.0,0.0034773,0.0
3735,1.5151059e+12,0.00022503,0.00022997,0.000225,0.00022735,2514.0,1.5151062e+12,0.5682044,25.0,1125.0,0.25562832,0.0
3736,1.5151062e+12,0.00022735,0.0002275,0.00022557,0.00022557,507.0,1.5151065e+12,0.11507395,17.0,400.0,0.09093796,0.0
3737,1.5151065e+12,0.00022749,0.00022749,0.00022622,0.00022682,406.0,1.5151068e+12,0.09209738,9.0,107.0,0.02429229,0.0
3738,1.5151068e+12,0.00022682,0.00022682,0.00022681,0.00022681,281.0,1.5151071e+12,0.06373596,6.0,281.0,0.06373596,0.0
3739,1.5151071e+12,0.00022681,0.00022727,0.0002262,0.00022727,1090.0,1.5151074e+12,0.24739016,20.0,1084.0,0.2460329,0.0
3740,1.5151074e+12,0.00022727,0.000228,0.00022727,0.000228,1102.0,1.5151077e+12,0.25106248,8.0,886.0,0.20191967,0.0
3741,1.5151077e+12,0.000228,0.000228,0.00022799,0.000228,140.0,1.515108e+12,0.03191897,3.0,140.0,0.03191897,0.0
3742,1.515108e+12,0.00022751,0.000228,0.00022751,0.000228,599.0,1.5151083e+12,0.13651125,11.0,476.0,0.10852752,0.0
3743,1.5151083e+12,0.00022751,0.00023073,0.00022749,0.00022776,1114.0,1.5151086e+12,0.25410153,19.0,439.0,0.10052941,0.0
3744,1.5151086e+12,0.00022892,0.00023198,0.00022813,0.00023074,3080.0,1.5151089e+12,0.70926622,46.0,1983.0,0.45607535,0.0
3745,1.5151089e+12,0.00023182,0.00023237,0.0002313,0.00023229,487.0,1.5151092e+12,0.1127867,16.0,136.0,0.03159038,0.0
3746,1.5151092e+12,0.00023229,0.00023237,0.00022741,0.00022741,617.0,1.5151095e+12,0.14290121,13.0,383.0,0.08897645,0.0
3747,1.5151095e+12,0.00022759,0.0002276,0.00022741,0.00022742,837.0,1.5151098e+12,0.19044119,15.0,39.0,0.00887502,0.0
3748,1.5151098e+12,0.00022742,0.00022826,0.00022584,0.00022826,1032.0,1.5151101e+12,0.23455393,20.0,286.0,0.0650899,0.0
3749,1.5151101e+12,0.00022825,0.00022825,0.00022643,0.00022684,709.0,1.5151104e+12,0.16077111,9.0,660.0,0.14962849,0.0
3750,1.5151104e+12,0.00022742,0.00022742,0.00022574,0.00022574,177.0,1.5151107e+12,0.04012496,12.0,56.0,0.0127333,0.0
3751,1.5151107e+12,0.00022647,0.00022647,0.0002261,0.00022647,203.0,1.515111e+12,0.04597119,4.0,197.0,0.04461459,0.0
3752,1.515111e+12,0.00022684,0.00023328,0.00022684,0.00023239,2117.0,1.5151113e+12,0.48975179,30.0,1669.0,0.38607895,0.0
3753,1.5151113e+12,0.00022936,0.00023765,0.00022936,0.00023765,576.0,1.5151116e+12,0.13395196,23.0,448.0,0.10409355,0.0
3754,1.5151116e+12,0.00023839,0.00024051,0.00023066,0.00023765,3776.0,1.5151119e+12,0.89503289,76.0,2145.0,0.51216,0.0
3755,1.5151119e+12,0.00023639,0.00023996,0.00023639,0.00023993,1536.0,1.5151122e+12,0.36727614,17.0,738.0,0.17707145,0.0
3756,1.5151122e+12,0.00023993,0.00023999,0.00023455,0.00023849,1202.0,1.5151125e+12,0.28725571,24.0,620.0,0.14858299,0.0
3757,1.5151125e+12,0.00023849,0.00024051,0.00023849,0.00024051,2625.0,1.5151128e+12,0.62710612,17.0,2625.0,0.62710612,0.0
3758,1.5151128e+12,0.00024048,0.00024051,0.00023934,0.00023934,3772.0,1.5151131e+12,0.90403258,13.0,1072.0,0.25774918,0.0
3759,1.5151131e+12,0.00023934,0.00024049,0.00023574,0.00023763,610.0,1.5151134e+12,0.14501155,17.0,266.0,0.0636682,0.0
3760,1.5151134e+12,0.00023782,0.00024491,0.00023782,0.00024044,2025.0,1.5151137e+12,0.4862099,23.0,1507.0,0.36173269,0.0
3761,1.5151137e+12,0.00024045,0.00024046,0.000237,0.000237,2489.0,1.515114e+12,0.59317457,28.0,468.0,0.11196199,0.0
3762,1.515114e+12,0.000237,0.00023761,0.00023599,0.00023599,233.0,1.5151143e+12,0.05518834,6.0,58.0,0.01371334,0.0
3763,1.5151143e+12,0.00023535,0.00023795,0.00023454,0.00023601,2103.0,1.5151146e+12,0.49535143,16.0,776.0,0.18314338,0.0
3764,1.5151146e+12,0.00023498,0.00023498,0.00023454,0.00023454,695.0,1.5151149e+12,0.16302112,5.0,16.0,0.00375952,0.0
3765,1.5151149e+12,0.00023454,0.00023599,0.0002345,0.0002345,10093.0,1.5151152e+12,2.37880224,28.0,8236.0,1.94317237,0.0
3766,1.5151152e+12,0.0002345,0.00023767,0.0002345,0.0002345,4669.0,1.5151155e+12,1.09631074,30.0,574.0,0.13593637,0.0
3767,1.5151155e+12,0.0002345,0.000237,0.0002345,0.000237,2953.0,1.5151158e+12,0.69670436,12.0,230.0,0.05441123,0.0
3768,1.5151158e+12,0.00023718,0.00023772,0.000237,0.00023709,8855.0,1.5151161e+12,2.09865559,17.0,5197.0,1.23170776,0.0
3769,1.5151161e+12,0.00023709,0.00023709,0.00023708,0.00023708,464.0,1.5151164e+12,0.11000765,4.0,244.0,0.05784785,0.0
3770,1.5151164e+12,0.00023651,0.0002411,0.00023651,0.0002411,9329.0,1.5151167e+12,2.23262624,30.0,7993.0,1.91153645,0.0
3771,1.5151167e+12,0.0002411,0.00024491,0.0002411,0.00024253,4102.0,1.515117e+12,1.00270418,27.0,3730.0,0.91292659,0.0
3772,1.515117e+12,0.00024253,0.0002483,0.00024253,0.00024789,4541.0,1.5151173e+12,1.12414175,36.0,4403.0,1.09023728,0.0
3773,1.5151173e+12,0.00024789,0.0002483,0.00024342,0.00024703,16723.0,1.5151176e+12,4.12711072,35.0,2383.0,0.59056635,0.0
3774,1.5151176e+12,0.00024765,0.000253,0.00024702,0.0002482,8114.0,1.5151179e+12,2.02524697,37.0,6820.0,1.7030952,0.0
3775,1.5151179e+12,0.00024979,0.00025,0.00024821,0.00024925,2396.0,1.5151182e+12,0.59790765,24.0,1289.0,0.32207013,0.0
3776,1.5151182e+12,0.00024983,0.00025,0.00024822,0.00024822,2636.0,1.5151185e+12,0.65766122,37.0,1620.0,0.40474757,0.0
3777,1.5151185e+12,0.00024881,0.00025,0.00024795,0.00024929,732.0,1.5151188e+12,0.18180932,20.0,120.0,0.0299926,0.0
3778,1.5151188e+12,0.0002499,0.00025341,0.00024263,0.00025,28295.0,1.5151191e+12,7.06033699,78.0,14803.0,3.69451146,0.0
3779,1.5151191e+12,0.00025,0.00025626,0.00025,0.00025231,8856.0,1.5151194e+12,2.25331557,45.0,4918.0,1.2536412,0.0
3780,1.5151194e+12,0.0002536,0.00026891,0.0002536,0.00026891,38189.0,1.5151197e+12,9.93660442,104.0,16850.0,4.39920941,0.0
3781,1.5151197e+12,0.0002665,0.00027327,0.0002663,0.00026652,9859.0,1.51512e+12,2.65446369,88.0,6897.0,1.86026327,0.0
3782,1.51512e+12,0.00026999,0.0002829,0.00026655,0.0002829,17713.0,1.5151203e+12,4.88849993,106.0,14464.0,3.99829388,0.0
3783,1.5151203e+12,0.00028286,0.00029999,0.00027403,0.00028141,23510.0,1.5151206e+12,6.67624539,119.0,17804.0,5.10236881,0.0
3784,1.5151206e+12,0.00028141,0.00029887,0.00027776,0.000286,10601.0,1.5151209e+12,3.01393432,99.0,4523.0,1.30872873,0.0
3785,1.5151209e+12,0.00028141,0.00029999,0.00027501,0.0002999,19553.0,1.5151212e+12,5.70604541,128.0,12559.0,3.70421068,0.0
3786,1.5151212e+12,0.0002999,0.000333,0.00028477,0.00030292,95485.0,1.5151215e+12,29.90055622,402.0,49138.0,15.43880878,0.0
3787,1.5151215e+12,0.00030292,0.00033333,0.00030292,0.0003303,73574.0,1.5151218e+12,23.63432862,402.0,37499.0,12.12201809,0.0
3788,1.5151218e+12,0.0003303,0.00034,0.00029859,0.00031147,38504.0,1.5151221e+12,12.15669935,245.0,15434.0,4.97904108,0.0
3789,1.5151221e+12,0.00031147,0.00031147,0.00028501,0.000298,37610.0,1.5151224e+12,11.00610817,174.0,8621.0,2.55268634,0.0
3790,1.5151224e+12,0.00029004,0.000306,0.00029004,0.00029607,11880.0,1.5151227e+12,3.50404435,86.0,5271.0,1.57168487,0.0
3791,1.5151227e+12,0.00029737,0.000307,0.00029084,0.00029084,8953.0,1.515123e+12,2.67049534,90.0,4465.0,1.33870679,0.0
3792,1.515123e+12,0.00029084,0.00029969,0.00029041,0.00029426,17669.0,1.5151233e+12,5.15330566,109.0,5295.0,1.55488047,0.0
3793,1.5151233e+12,0.00029516,0.00029606,0.00029055,0.00029184,9415.0,1.5151236e+12,2.76068169,66.0,5677.0,1.67158489,0.0
3794,1.5151236e+12,0.0002906,0.0002992,0.00029055,0.000299,13729.0,1.5151239e+12,4.01959385,72.0,4235.0,1.25038198,0.0
3795,1.5151239e+12,0.0002992,0.0003088,0.00029041,0.00029159,10304.0,1.5151242e+12,3.00239627,63.0,1906.0,0.55910151,0.0
3796,1.5151242e+12,0.00029275,0.00029275,0.000265,0.00027587,20160.0,1.5151245e+12,5.60435841,134.0,7082.0,1.97403977,0.0
3797,1.5151245e+12,0.00027224,0.0002839,0.00027224,0.000275,5250.0,1.5151248e+12,1.47063069,70.0,3927.0,1.10010844,0.0
3798,1.5151248e+12,0.00027993,0.000285,0.00027044,0.00027369,9381.0,1.5151251e+12,2.56557181,80.0,4334.0,1.19348555,0.0
3799,1.5151251e+12,0.00028029,0.00028998,0.00027401,0.00027453,4209.0,1.5151254e+12,1.1732544,74.0,814.0,0.23008227,0.0
3800,1.5151254e+12,0.00027871,0.00029153,0.000274,0.000282,8854.0,1.5151257e+12,2.53632103,75.0,5105.0,1.47111868,0.0
3801,1.5151257e+12,0.000282,0.00028976,0.0002791,0.00028705,5804.0,1.515126e+12,1.64872208,60.0,2711.0,0.76839458,0.0
3802,1.515126e+12,0.00028473,0.00028908,0.00028048,0.00028476,4468.0,1.5151263e+12,1.27258666,38.0,3000.0,0.85442851,0.0
3803,1.5151263e+12,0.00029328,0.00029328,0.00028501,0.00028558,4315.0,1.5151266e+12,1.24780006,42.0,2058.0,0.59727588,0.0
3804,1.5151266e+12,0.00028557,0.00028557,0.00027501,0.00028304,7455.0,1.5151269e+12,2.09119748,52.0,1262.0,0.35833082,0.0
3805,1.5151269e+12,0.00028068,0.00028497,0.00027913,0.00027913,2997.0,1.5151272e+12,0.84610671,35.0,1581.0,0.44741887,0.0
3806,1.5151272e+12,0.00027623,0.00028014,0.00027502,0.00027982,3390.0,1.5151275e+12,0.9354139,46.0,1201.0,0.33180354,0.0
3807,1.5151275e+12,0.00027506,0.00027957,0.00027506,0.000278,998.0,1.5151278e+12,0.27641099,26.0,503.0,0.14024179,0.0
3808,1.5151278e+12,0.00027797,0.00027944,0.000275,0.00027796,4048.0,1.5151281e+12,1.116263,44.0,893.0,0.24836432,0.0
3809,1.5151281e+12,0.000275,0.00027944,0.000273,0.00027943,2268.0,1.5151284e+12,0.62483153,33.0,374.0,0.10333837,0.0
3810,1.5151284e+12,0.0002759,0.00027947,0.0002759,0.00027794,1016.0,1.5151287e+12,0.28255539,19.0,440.0,0.12294508,0.0
3811,1.5151287e+12,0.00027794,0.00027794,0.00027328,0.00027328,2208.0,1.515129e+12,0.60764311,39.0,761.0,0.2096451,0.0
3812,1.515129e+12,0.00027464,0.00027697,0.00026888,0.00027672,4790.0,1.5151293e+12,1.29701221,44.0,430.0,0.11832584,0.0
3813,1.5151293e+12,0.00026929,0.00027597,0.00026924,0.00026924,944.0,1.5151296e+12,0.25424447,21.0,170.0,0.04580503,0.0
3814,1.5151296e+12,0.00026924,0.00027573,0.00026422,0.00027573,8460.0,1.5151299e+12,2.26960616,54.0,3740.0,0.9978421,0.0
3815,1.5151299e+12,0.00027573,0.00027573,0.00026463,0.00027,3407.0,1.5151302e+12,0.91116806,22.0,578.0,0.15913174,0.0
3816,1.5151302e+12,0.00027,0.00027,0.000247,0.000248,16182.0,1.5151305e+12,4.18580113,94.0,4021.0,1.02903119,0.0
3817,1.5151305e+12,0.000248,0.00026,0.00024701,0.00025901,11229.0,1.5151308e+12,2.83283544,107.0,8038.0,2.03109132,0.0
3818,1.5151308e+12,0.00025999,0.0002607,0.00025,0.00026,4243.0,1.5151311e+12,1.08305587,45.0,1717.0,0.44144138,0.0
3819,1.5151311e+12,0.00025424,0.00026494,0.00025423,0.00025566,2508.0,1.5151314e+12,0.65344421,34.0,1679.0,0.43823477,0.0
3820,1.5151314e+12,0.00026393,0.00026393,0.00025731,0.00026369,2435.0,1.5151317e+12,0.63378867,19.0,861.0,0.22703495,0.0
3821,1.5151317e+12,0.00025898,0.00026894,0.00025898,0.00026205,7124.0,1.515132e+12,1.87624941,61.0,4482.0,1.18526249,0.0
3822,1.515132e+12,0.00026206,0.00026559,0.00026206,0.00026545,2217.0,1.5151323e+12,0.58343385,16.0,890.0,0.23552302,0.0
3823,1.5151323e+12,0.00026546,0.00027576,0.00026546,0.00027576,8286.0,1.5151326e+12,2.23194047,55.0,7882.0,2.12393652,0.0
3824,1.5151326e+12,0.00027597,0.000279,0.00027,0.00027299,12305.0,1.5151329e+12,3.36939542,110.0,4710.0,1.29808935,0.0
3825,1.5151329e+12,0.0002707,0.00027987,0.000263,0.00026828,16556.0,1.5151332e+12,4.50334535,44.0,5323.0,1.46861572,0.0
3826,1.5151332e+12,0.00026834,0.00026836,0.00026219,0.000263,3500.0,1.5151335e+12,0.92926907,32.0,1624.0,0.43343693,0.0
3827,1.5151335e+12,0.00026297,0.00026298,0.00026207,0.00026297,3815.0,1.5151338e+12,1.00273041,44.0,3032.0,0.79730259,0.0
3828,1.5151338e+12,0.00026297,0.00026297,0.0002522,0.00025228,8418.0,1.5151341e+12,2.18338665,51.0,1485.0,0.39047727,0.0
3829,1.5151341e+12,0.00025931,0.00026291,0.00024999,0.00025,8508.0,1.5151344e+12,2.15321458,42.0,6972.0,1.75867034,0.0
3830,1.5151344e+12,0.00025254,0.0002628,0.00025,0.00025158,1768.0,1.5151347e+12,0.45551623,26.0,916.0,0.23410618,0.0
3831,1.5151347e+12,0.00025176,0.00026154,0.00025169,0.00025207,3629.0,1.515135e+12,0.91436471,24.0,542.0,0.13700074,0.0
3832,1.515135e+12,0.00025207,0.00026045,0.00025207,0.00025466,3324.0,1.5151353e+12,0.84169867,42.0,2255.0,0.57214992,0.0
3833,1.5151353e+12,0.00025461,0.00025473,0.00025192,0.00025192,5709.0,1.5151356e+12,1.44099801,58.0,1954.0,0.49417015,0.0
3834,1.5151356e+12,0.00025169,0.00025751,0.00025,0.00025751,4828.0,1.5151359e+12,1.22106745,28.0,1307.0,0.33274892,0.0
3835,1.5151359e+12,0.000251,0.00025751,0.000251,0.00025111,4681.0,1.5151362e+12,1.18993181,34.0,2201.0,0.56393674,0.0
3836,1.5151362e+12,0.00025499,0.00025499,0.00025152,0.00025468,2934.0,1.5151365e+12,0.74350691,46.0,848.0,0.21544166,0.0
3837,1.5151365e+12,0.00025468,0.00025721,0.0002531,0.00025721,2448.0,1.5151368e+12,0.62330036,27.0,1390.0,0.35467269,0.0
3838,1.5151368e+12,0.00025721,0.00026084,0.000255,0.00026083,6515.0,1.5151371e+12,1.67677114,51.0,4612.0,1.18898514,0.0
3839,1.5151371e+12,0.0002553,0.00026495,0.000255,0.00026084,5060.0,1.5151374e+12,1.31107755,42.0,295.0,0.07679917,0.0
3840,1.5151374e+12,0.00026084,0.00026264,0.00026084,0.00026084,1565.0,1.5151377e+12,0.40865131,20.0,272.0,0.07138264,0.0
3841,1.5151377e+12,0.00026173,0.00026573,0.00025588,0.00026573,6978.0,1.515138e+12,1.82718608,52.0,5385.0,1.41051869,0.0
3842,1.515138e+12,0.00026446,0.00026603,0.00026325,0.00026541,2826.0,1.5151383e+12,0.74863026,32.0,2223.0,0.58948909,0.0
3843,1.5151383e+12,0.00026613,0.00026613,0.00026541,0.00026604,934.0,1.5151386e+12,0.24842174,16.0,735.0,0.19548608,0.0
3844,1.5151386e+12,0.00026541,0.00026689,0.000262,0.00026689,5501.0,1.5151389e+12,1.44601556,89.0,219.0,0.05794329,0.0
3845,1.5151389e+12,0.00026473,0.00026507,0.000262,0.00026507,3542.0,1.5151392e+12,0.93512755,33.0,1097.0,0.29075489,0.0
3846,1.5151392e+12,0.000262,0.00026267,0.000262,0.00026267,1784.0,1.5151395e+12,0.4675231,9.0,9.0,0.00236403,0.0
3847,1.5151395e+12,0.00026226,0.00026226,0.0002591,0.00025999,1243.0,1.5151398e+12,0.3231424,17.0,131.0,0.03417244,0.0
3848,1.5151398e+12,0.00025999,0.00025999,0.0002591,0.0002591,2537.0,1.5151401e+12,0.65743161,12.0,59.0,0.01533779,0.0
3849,1.5151401e+12,0.0002591,0.000261,0.000252,0.00025946,5046.0,1.5151404e+12,1.30514892,45.0,656.0,0.17058342,0.0
3850,1.5151404e+12,0.00025693,0.00025999,0.00025693,0.00025999,196.0,1.5151407e+12,0.05051523,8.0,73.0,0.01884273,0.0
3851,1.5151407e+12,0.00025751,0.00025751,0.00024711,0.000249,15090.0,1.515141e+12,3.78382049,52.0,9484.0,2.37151441,0.0
3852,1.515141e+12,0.00025405,0.0002575,0.000247,0.000247,7492.0,1.5151413e+12,1.86357977,43.0,3155.0,0.78593351,0.0
3853,1.5151413e+12,0.00024697,0.00024697,0.00024102,0.00024682,6077.0,1.5151416e+12,1.48208755,52.0,3636.0,0.88976381,0.0
3854,1.5151416e+12,0.00024678,0.00024679,0.00023541,0.00023996,19477.0,1.5151419e+12,4.66865147,66.0,10948.0,2.62927733,0.0
3855,1.5151419e+12,0.00023847,0.00023995,0.0002356,0.0002356,4295.0,1.5151422e+12,1.0283225,42.0,1981.0,0.47435124,0.0
3856,1.5151422e+12,0.00023561,0.00023801,0.00023542,0.00023542,4585.0,1.5151425e+12,1.08415227,38.0,2272.0,0.53777224,0.0
3857,1.5151425e+12,0.00023542,0.00023542,0.00022997,0.00023,10417.0,1.5151428e+12,2.41365774,61.0,3827.0,0.88976372,0.0
3858,1.5151428e+12,0.00023,0.00023,0.00020401,0.00020405,30628.0,1.5151431e+12,6.65742404,139.0,5745.0,1.27368647,0.0
3859,1.5151431e+12,0.00020405,0.00021202,0.00020404,0.00020404,21006.0,1.5151434e+12,4.30402887,93.0,12025.0,2.47120486,0.0
3860,1.5151434e+12,0.00020404,0.00021167,0.00020404,0.00020532,6802.0,1.5151437e+12,1.39721886,24.0,1415.0,0.29693534,0.0
3861,1.5151437e+12,0.00020996,0.00020996,0.00020403,0.00020433,14045.0,1.515144e+12,2.89621307,51.0,2839.0,0.58754171,0.0
3862,1.515144e+12,0.00020849,0.00020849,0.00020431,0.00020576,11658.0,1.5151443e+12,2.38577703,26.0,1383.0,0.28583793,0.0
3863,1.5151443e+12,0.00020404,0.00020599,0.00019999,0.0002,24153.0,1.5151446e+12,4.87546851,75.0,6054.0,1.22172911,0.0
3864,1.5151446e+12,0.00020134,0.00020706,0.0002,0.00020014,34134.0,1.5151449e+12,6.92942283,60.0,17656.0,3.60194895,0.0
3865,1.5151449e+12,0.00020597,0.00020597,0.000201,0.000201,6297.0,1.5151452e+12,1.27767722,36.0,1582.0,0.32540319,0.0
3866,1.5151452e+12,0.00019962,0.00019962,0.00019112,0.000196,9842.0,1.5151455e+12,1.90827996,71.0,3854.0,0.74918104,0.0
3867,1.5151455e+12,0.00019632,0.00020382,0.00018658,0.00018658,10903.0,1.5151458e+12,2.12393815,67.0,2117.0,0.42138944,0.0
3868,1.5151458e+12,0.00020378,0.00020388,0.00018682,0.00020385,7595.0,1.5151461e+12,1.50025813,43.0,5630.0,1.11726252,0.0
3869,1.5151461e+12,0.00020385,0.00020842,0.00020384,0.00020728,3129.0,1.5151464e+12,0.63864155,31.0,2008.0,0.40994183,0.0
3870,1.5151464e+12,0.000208,0.0002128,0.00020728,0.00021169,18748.0,1.5151467e+12,3.93934697,63.0,11865.0,2.49585581,0.0
3871,1.5151467e+12,0.00021279,0.00021557,0.00021279,0.00021397,2839.0,1.515147e+12,0.60441738,21.0,2586.0,0.5502969,0.0
3872,1.515147e+12,0.00021403,0.00021467,0.000208,0.00020905,14883.0,1.5151473e+12,3.13497542,36.0,415.0,0.0876691,0.0
3873,1.5151473e+12,0.00020905,0.00021395,0.00020021,0.00021116,1507.0,1.5151476e+12,0.31327519,19.0,558.0,0.11679259,0.0
3874,1.5151476e+12,0.00021116,0.00021395,0.00020867,0.00021395,1354.0,1.5151479e+12,0.28481348,21.0,311.0,0.06596091,0.0
3875,1.5151479e+12,0.00021203,0.00021277,0.00020976,0.00021175,548.0,1.5151482e+12,0.11554984,9.0,125.0,0.02650037,0.0
3876,1.5151482e+12,0.00021188,0.00021277,0.00021188,0.00021277,236.0,1.5151485e+12,0.05013293,4.0,236.0,0.05013293,0.0
3877,1.5151485e+12,0.00021185,0.0002134,0.000206,0.0002062,11797.0,1.5151488e+12,2.45125031,35.0,6746.0,1.40073973,0.0
3878,1.5151488e+12,0.00020859,0.00020859,0.000207,0.00020759,1395.0,1.5151491e+12,0.28924027,16.0,363.0,0.07549707,0.0
3879,1.5151491e+12,0.000207,0.000207,0.00020495,0.00020495,1860.0,1.5151494e+12,0.38122232,6.0,0.0,0.0,0.0
3880,1.5151494e+12,0.00020431,0.00020431,0.00018668,0.00018668,8062.0,1.5151497e+12,1.56959525,44.0,1163.0,0.22985638,0.0
3881,1.5151497e+12,0.00019289,0.00019618,0.00018668,0.00019133,8217.0,1.51515e+12,1.55395733,41.0,5096.0,0.97032662,0.0
3882,1.51515e+12,0.00019134,0.00019435,0.00019134,0.00019435,1660.0,1.5151503e+12,0.32095493,17.0,832.0,0.16117728,0.0
3883,1.5151503e+12,0.00019658,0.00020114,0.00019435,0.00020114,7749.0,1.5151506e+12,1.5295012,30.0,4618.0,0.91506713,0.0
3884,1.5151506e+12,0.00019773,0.00021337,0.00019658,0.0002041,961.0,1.5151509e+12,0.19888174,16.0,799.0,0.16660313,0.0
3885,1.5151509e+12,0.0002069,0.00021154,0.0002069,0.00021071,2456.0,1.5151512e+12,0.51724219,21.0,2106.0,0.4434353,0.0
3886,1.5151512e+12,0.00021072,0.00021283,0.00020633,0.00020845,3661.0,1.5151515e+12,0.77359888,22.0,1028.0,0.21867632,0.0
3887,1.5151515e+12,0.00020962,0.00021071,0.0002075,0.0002075,961.0,1.5151518e+12,0.20022833,15.0,801.0,0.16695013,0.0
3888,1.5151518e+12,0.00020667,0.00020727,0.00019501,0.00019501,3223.0,1.5151521e+12,0.65705937,30.0,1894.0,0.38435069,0.0
3889,1.5151521e+12,0.00019521,0.00020716,0.00019521,0.00020062,2464.0,1.5151524e+12,0.49289258,25.0,1992.0,0.39861601,0.0
3890,1.5151524e+12,0.00020082,0.00020098,0.00020062,0.00020098,980.0,1.5151527e+12,0.1966398,6.0,15.0,0.0030147,0.0
3891,1.5151527e+12,0.00020062,0.00020199,0.00019501,0.00020087,1425.0,1.515153e+12,0.28364877,17.0,245.0,0.04915717,0.0
3892,1.515153e+12,0.00020198,0.0002035,0.00020198,0.00020349,696.0,1.5151533e+12,0.14116338,13.0,445.0,0.09038724,0.0
3893,1.5151533e+12,0.0002035,0.00020705,0.0002035,0.00020705,693.0,1.5151536e+12,0.14319565,5.0,693.0,0.14319565,0.0
3894,1.5151536e+12,0.00020401,0.00020707,0.000194,0.00020101,6007.0,1.5151539e+12,1.19355084,34.0,179.0,0.03633252,0.0
3895,1.5151539e+12,0.00020316,0.0002035,0.00020206,0.0002035,3387.0,1.5151542e+12,0.68808862,24.0,3383.0,0.68728034,0.0
3896,1.5151542e+12,0.0002035,0.00020602,0.0002035,0.00020602,502.0,1.5151545e+12,0.1023827,7.0,352.0,0.0718577,0.0
3897,1.5151545e+12,0.00020603,0.00021113,0.0002059,0.00021113,2620.0,1.5151548e+12,0.54411448,34.0,2371.0,0.49241347,0.0
3898,1.5151548e+12,0.00020935,0.000221,0.00020935,0.000221,3481.0,1.5151551e+12,0.75290882,40.0,2841.0,0.61202761,0.0
3899,1.5151551e+12,0.00022098,0.00022098,0.00020975,0.00020975,2439.0,1.5151554e+12,0.52918141,22.0,700.0,0.15287084,0.0
3900,1.5151554e+12,0.00020999,0.00021499,0.00020823,0.00021113,8595.0,1.5151557e+12,1.80070249,46.0,4577.0,0.95818779,0.0
3901,1.5151557e+12,0.00021113,0.00021752,0.00020824,0.0002159,4227.0,1.515156e+12,0.89457089,34.0,2764.0,0.58875368,0.0
3902,1.515156e+12,0.0002159,0.0002176,0.00021461,0.00021654,3833.0,1.5151563e+12,0.83349738,18.0,2557.0,0.55621232,0.0
3903,1.5151563e+12,0.0002176,0.0002176,0.00021273,0.00021273,1668.0,1.5151566e+12,0.36138803,22.0,224.0,0.04874217,0.0
3904,1.5151566e+12,0.00021301,0.00021505,0.00021301,0.00021505,538.0,1.5151569e+12,0.11536291,7.0,178.0,0.03827857,0.0
3905,1.5151569e+12,0.00021506,0.00021751,0.00021506,0.00021681,480.0,1.5151572e+12,0.10351724,15.0,285.0,0.06152443,0.0
3906,1.5151572e+12,0.00021681,0.00021759,0.00021504,0.00021759,5935.0,1.5151575e+12,1.2903941,24.0,5343.0,1.16252271,0.0
3907,1.5151575e+12,0.0002176,0.0002203,0.00021506,0.00021759,1324.0,1.5151578e+12,0.28822551,27.0,222.0,0.0484492,0.0
3908,1.5151578e+12,0.00021803,0.00021824,0.00021504,0.00021504,3659.0,1.5151581e+12,0.78719399,14.0,25.0,0.00539948,0.0
3909,1.5151581e+12,0.00021609,0.00021609,0.00021504,0.0002156,6186.0,1.5151584e+12,1.33047394,24.0,1599.0,0.34397984,0.0
3910,1.5151584e+12,0.00021623,0.00021631,0.00021591,0.00021631,92.0,1.5151587e+12,0.01988676,4.0,92.0,0.01988676,0.0
3911,1.5151587e+12,0.0002171,0.0002171,0.00020465,0.00020465,6260.0,1.515159e+12,1.32654377,48.0,2266.0,0.4871772,0.0
3912,1.515159e+12,0.00020799,0.00020868,0.00020308,0.00020512,4598.0,1.5151593e+12,0.94844748,49.0,3039.0,0.62890915,0.0
3913,1.5151593e+12,0.000206,0.000206,0.00020107,0.0002033,7922.0,1.5151596e+12,1.60973969,96.0,3388.0,0.68950215,0.0
3914,1.5151596e+12,0.0002033,0.0002033,0.000202,0.00020209,8847.0,1.5151599e+12,1.78950423,91.0,3101.0,0.62751314,0.0
3915,1.5151599e+12,0.0002021,0.00020426,0.00020209,0.00020342,7441.0,1.5151602e+12,1.5072986,99.0,3724.0,0.75429825,0.0
3916,1.5151602e+12,0.00020339,0.00020562,0.0002023,0.00020316,11093.0,1.5151605e+12,2.26571596,123.0,3394.0,0.69330316,0.0
3917,1.5151605e+12,0.00020314,0.00020314,0.00019919,0.00020105,13319.0,1.5151608e+12,2.66963366,144.0,3996.0,0.80280774,0.0
3918,1.5151608e+12,0.00020103,0.00020397,0.00020103,0.00020396,6413.0,1.5151611e+12,1.29676132,98.0,3336.0,0.67485465,0.0
3919,1.5151611e+12,0.00020393,0.00021152,0.000203,0.00020928,10751.0,1.5151614e+12,2.220149,118.0,7562.0,1.56473571,0.0
3920,1.5151614e+12,0.00020938,0.00021152,0.00020507,0.0002068,8608.0,1.5151617e+12,1.78851135,112.0,4034.0,0.83809278,0.0
3921,1.5151617e+12,0.00020683,0.00021181,0.00020679,0.00021181,7022.0,1.515162e+12,1.46825396,92.0,3647.0,0.76265922,0.0
3922,1.515162e+12,0.00021181,0.00021708,0.00020836,0.00020918,8992.0,1.5151623e+12,1.90497075,118.0,4501.0,0.95331338,0.0
3923,1.5151623e+12,0.00020918,0.00021105,0.00020839,0.00021087,7020.0,1.5151626e+12,1.47252898,93.0,3038.0,0.63726731,0.0
3924,1.5151626e+12,0.00021087,0.0002171,0.00021072,0.00021294,7597.0,1.5151629e+12,1.6306319,108.0,4144.0,0.8898189,0.0
3925,1.5151629e+12,0.00021297,0.00021522,0.00021089,0.00021343,8438.0,1.5151632e+12,1.78929729,113.0,2969.0,0.62948364,0.0
3926,1.5151632e+12,0.00021356,0.00021564,0.00021218,0.00021409,7230.0,1.5151635e+12,1.5456505,97.0,2693.0,0.57610782,0.0
3927,1.5151635e+12,0.00021471,0.000239,0.0002139,0.00023641,30113.0,1.5151638e+12,6.9057026,273.0,13342.0,3.04411951,0.0
3928,1.5151638e+12,0.00023747,0.0002703,0.00021225,0.00024751,95323.0,1.5151641e+12,24.52877583,866.0,41881.0,10.99348835,0.0
3929,1.5151641e+12,0.00024872,0.0002615,0.000235,0.00025735,33068.0,1.5151644e+12,8.32887341,351.0,19317.0,4.88514665,0.0
3930,1.5151644e+12,0.00025736,0.00026074,0.0002481,0.00024883,27533.0,1.5151647e+12,7.02579425,273.0,8995.0,2.29891783,0.0
3931,1.5151647e+12,0.0002481,0.00025,0.0002331,0.00023775,14857.0,1.515165e+12,3.59017282,174.0,8863.0,2.16020318,0.0
3932,1.515165e+12,0.00023762,0.00023762,0.000234,0.00023759,13128.0,1.5151653e+12,3.10040896,127.0,6065.0,1.43646754,0.0
3933,1.5151653e+12,0.00023761,0.00024795,0.0002376,0.00024186,9233.0,1.5151656e+12,2.2184566,125.0,4787.0,1.15025408,0.0
3934,1.5151656e+12,0.00024189,0.00024789,0.00024163,0.000245,9735.0,1.5151659e+12,2.36853919,117.0,4285.0,1.04165663,0.0
3935,1.5151659e+12,0.000245,0.0002498,0.00024499,0.00024774,9187.0,1.5151662e+12,2.26469614,116.0,4640.0,1.14431273,0.0
3936,1.5151662e+12,0.00024774,0.00024997,0.00024581,0.00024794,13867.0,1.5151665e+12,3.43816268,129.0,6816.0,1.69214734,0.0
3937,1.5151665e+12,0.00024796,0.00024998,0.00024796,0.00024996,11702.0,1.5151668e+12,2.92144982,104.0,4499.0,1.12269,0.0
3938,1.5151668e+12,0.00024996,0.00025245,0.00024995,0.0002519,8654.0,1.5151671e+12,2.16828204,61.0,6134.0,1.5373947,0.0
3939,1.5151671e+12,0.00025244,0.00025401,0.00025153,0.00025323,8844.0,1.5151674e+12,2.23941198,90.0,2720.0,0.68895716,0.0
3940,1.5151674e+12,0.00025324,0.00025425,0.00025324,0.00025424,11793.0,1.5151677e+12,2.99444468,96.0,3505.0,0.89002705,0.0
3941,1.5151677e+12,0.00025425,0.0002545,0.000254,0.00025409,6833.0,1.515168e+12,1.73621039,102.0,4354.0,1.10631224,0.0
3942,1.515168e+12,0.00025408,0.00025409,0.00024344,0.00025154,9850.0,1.5151683e+12,2.47400129,141.0,5844.0,1.46763101,0.0
3943,1.5151683e+12,0.00025147,0.00025155,0.00023001,0.00024302,10634.0,1.5151686e+12,2.62124181,127.0,3326.0,0.82885853,0.0
3944,1.5151686e+12,0.00024296,0.00024496,0.00023116,0.0002375,13850.0,1.5151689e+12,3.28807072,148.0,6210.0,1.48211078,0.0
3945,1.5151689e+12,0.00023752,0.0002381,0.0002201,0.00022427,24484.0,1.5151692e+12,5.62082401,150.0,7927.0,1.83742605,0.0
3946,1.5151692e+12,0.00022427,0.00022542,0.00022011,0.00022061,9035.0,1.5151695e+12,2.0137795,116.0,4446.0,0.98990237,0.0
3947,1.5151695e+12,0.00022055,0.00022099,0.0002201,0.00022042,10911.0,1.5151698e+12,2.40599504,105.0,3480.0,0.76771907,0.0
3948,1.5151698e+12,0.00022043,0.00022097,0.0002201,0.00022024,8101.0,1.5151701e+12,1.78461638,103.0,3082.0,0.6790422,0.0
3949,1.5151701e+12,0.00022023,0.00022037,0.00022023,0.00022024,7296.0,1.5151704e+12,1.60706325,93.0,3364.0,0.7409883,0.0
3950,1.5151704e+12,0.00022024,0.0002215,0.00022,0.00022,16753.0,1.5151707e+12,3.69064669,139.0,8055.0,1.77513985,0.0
3951,1.5151707e+12,0.00022047,0.00022083,0.00022,0.00022055,9686.0,1.515171e+12,2.13444525,106.0,4461.0,0.98314919,0.0
3952,1.515171e+12,0.00022069,0.00022897,0.00022041,0.00022897,8643.0,1.5151713e+12,1.92356275,103.0,5833.0,1.2957254,0.0
3953,1.5151713e+12,0.000228,0.000233,0.000228,0.00023074,7625.0,1.5151716e+12,1.75220297,101.0,3389.0,0.77872541,0.0
3954,1.5151716e+12,0.0002311,0.0002311,0.000218,0.00022073,7502.0,1.5151719e+12,1.67693176,108.0,3241.0,0.72301622,0.0
3955,1.5151719e+12,0.00022073,0.00023485,0.00021847,0.00023254,14294.0,1.5151722e+12,3.27643075,129.0,5222.0,1.18482823,0.0
3956,1.5151722e+12,0.00023255,0.00023436,0.00023178,0.00023241,8741.0,1.5151725e+12,2.03646292,104.0,4210.0,0.98145802,0.0
3957,1.5151725e+12,0.0002321,0.0002344,0.0002318,0.00023377,6669.0,1.5151728e+12,1.55201474,89.0,3414.0,0.79439019,0.0
3958,1.5151728e+12,0.00023379,0.00023484,0.00022,0.00022941,9516.0,1.5151731e+12,2.21197578,120.0,3372.0,0.78711547,0.0
3959,1.5151731e+12,0.00022926,0.00023244,0.00022103,0.00022669,9050.0,1.5151734e+12,2.05365888,114.0,4915.0,1.11659664,0.0
3960,1.5151734e+12,0.00022668,0.00023,0.00021847,0.00021848,9898.0,1.5151737e+12,2.22514292,111.0,5283.0,1.18651306,0.0
3961,1.5151737e+12,0.00021851,0.00022901,0.00021263,0.00021545,9936.0,1.515174e+12,2.15103295,123.0,5296.0,1.15015984,0.0
3962,1.515174e+12,0.00021503,0.00021893,0.00021382,0.00021703,10006.0,1.5151743e+12,2.16556319,59.0,6333.0,1.3731241,0.0
3963,1.5151743e+12,0.00021799,0.00021799,0.00021,0.00021715,4722.0,1.5151746e+12,1.0056087,42.0,549.0,0.11653695,0.0
3964,1.5151746e+12,0.00021436,0.00021799,0.00020588,0.00021799,2752.0,1.5151749e+12,0.57769987,27.0,1033.0,0.22205786,0.0
3965,1.5151749e+12,0.00021609,0.00021673,0.00021007,0.00021456,956.0,1.5151752e+12,0.20429202,14.0,560.0,0.1201386,0.0
3966,1.5151752e+12,0.00021456,0.00021692,0.00021309,0.00021574,4097.0,1.5151755e+12,0.88257322,44.0,2869.0,0.6179097,0.0
3967,1.5151755e+12,0.00021576,0.0002158,0.0002127,0.00021331,6997.0,1.5151758e+12,1.49784545,93.0,2235.0,0.47878326,0.0
3968,1.5151758e+12,0.0002133,0.00021351,0.00021005,0.00021118,6178.0,1.5151761e+12,1.31131122,97.0,2929.0,0.62238602,0.0
3969,1.5151761e+12,0.00021082,0.00021151,0.00021011,0.0002114,8467.0,1.5151764e+12,1.7890746,88.0,5082.0,1.07419737,0.0
3970,1.5151764e+12,0.0002114,0.00021176,0.00021,0.0002108,7720.0,1.5151767e+12,1.63204258,93.0,4413.0,0.9330987,0.0
3971,1.5151767e+12,0.00021082,0.00021099,0.00021001,0.00021025,7239.0,1.515177e+12,1.52484569,90.0,3986.0,0.83971069,0.0
3972,1.515177e+12,0.00021026,0.00021027,0.00020752,0.00021,7374.0,1.5151773e+12,1.54248111,100.0,3209.0,0.67223194,0.0
3973,1.5151773e+12,0.00020872,0.00020935,0.0002075,0.00020931,7314.0,1.5151776e+12,1.5264125,95.0,3491.0,0.72856833,0.0
3974,1.5151776e+12,0.00020936,0.00021294,0.00020931,0.00021144,7236.0,1.5151779e+12,1.52536223,101.0,3833.0,0.80781181,0.0
3975,1.5151779e+12,0.00021145,0.0002138,0.00021095,0.00021255,8188.0,1.5151782e+12,1.73322393,100.0,4369.0,0.92485123,0.0
3976,1.5151782e+12,0.00021255,0.00022529,0.00021255,0.00022504,9190.0,1.5151785e+12,2.03835248,122.0,5299.0,1.1764433,0.0
3977,1.5151785e+12,0.00022505,0.00022505,0.00021813,0.00022381,8050.0,1.5151788e+12,1.80164086,105.0,3592.0,0.80455072,0.0
3978,1.5151788e+12,0.0002238,0.00022492,0.00021828,0.00022446,8461.0,1.5151791e+12,1.89498403,100.0,4569.0,1.02481371,0.0
3979,1.5151791e+12,0.00022448,0.00022492,0.00022447,0.00022485,7336.0,1.5151794e+12,1.64848005,88.0,4042.0,0.90817436,0.0
3980,1.5151794e+12,0.00022486,0.00023213,0.00022486,0.00023151,7251.0,1.5151797e+12,1.66066915,96.0,3330.0,0.76203656,0.0
3981,1.5151797e+12,0.00023122,0.00025499,0.00023094,0.00024727,8703.0,1.51518e+12,2.07572851,124.0,5721.0,1.37007378,0.0
3982,1.51518e+12,0.00024728,0.000255,0.0002409,0.00025015,9680.0,1.5151803e+12,2.4021834,116.0,4635.0,1.14758805,0.0
3983,1.5151803e+12,0.00024727,0.00024727,0.00024095,0.00024184,10589.0,1.5151806e+12,2.56218535,105.0,4805.0,1.16256078,0.0
3984,1.5151806e+12,0.00024184,0.00024727,0.00024112,0.00024353,10222.0,1.5151809e+12,2.49887694,108.0,4970.0,1.21424321,0.0
3985,1.5151809e+12,0.00024355,0.000251,0.00024352,0.00024475,9288.0,1.5151812e+12,2.27331742,121.0,3708.0,0.90862225,0.0
3986,1.5151812e+12,0.0002443,0.00024432,0.00023482,0.00023589,7062.0,1.5151815e+12,1.67690534,100.0,2743.0,0.65135791,0.0
3987,1.5151815e+12,0.00023589,0.00023913,0.00023588,0.00023884,6270.0,1.5151818e+12,1.48383172,92.0,2533.0,0.59918982,0.0
3988,1.5151818e+12,0.00023882,0.00025,0.00023881,0.00024122,9111.0,1.5151821e+12,2.22559085,108.0,3753.0,0.9161722,0.0
3989,1.5151821e+12,0.00024121,0.00024123,0.0002386,0.00023993,9459.0,1.5151824e+12,2.27237869,97.0,3833.0,0.92092587,0.0
3990,1.5151824e+12,0.00023993,0.00024017,0.00023592,0.00023823,7152.0,1.5151827e+12,1.71010362,94.0,3758.0,0.89789237,0.0
3991,1.5151827e+12,0.00023824,0.0002399,0.00023819,0.0002382,6634.0,1.515183e+12,1.58434527,95.0,3475.0,0.82992594,0.0
3992,1.515183e+12,0.00023821,0.00023841,0.0002382,0.00023836,6965.0,1.5151833e+12,1.65965427,84.0,3957.0,0.94297353,0.0
3993,1.5151833e+12,0.00023836,0.00023836,0.00023622,0.00023776,7932.0,1.5151836e+12,1.88599667,103.0,4192.0,0.9966834,0.0
3994,1.5151836e+12,0.00023776,0.00023806,0.00021825,0.00023392,8928.0,1.5151839e+12,2.11029783,110.0,5745.0,1.36181367,0.0
3995,1.5151839e+12,0.00023385,0.00023837,0.00023276,0.00023321,7493.0,1.5151842e+12,1.75035777,101.0,3806.0,0.88919827,0.0
3996,1.5151842e+12,0.00023321,0.00023368,0.00022964,0.00022967,7210.0,1.5151845e+12,1.66970898,101.0,3546.0,0.82062923,0.0
3997,1.5151845e+12,0.00022997,0.00023002,0.000225,0.00022937,9748.0,1.5151848e+12,2.21979888,138.0,5168.0,1.17645793,0.0
3998,1.5151848e+12,0.00022937,0.0002406,0.00022936,0.00023752,6700.0,1.5151851e+12,1.5814801,102.0,3421.0,0.80845781,0.0
3999,1.5151851e+12,0.00023752,0.00023758,0.00023523,0.00023678,9091.0,1.5151854e+12,2.15109701,112.0,4254.0,1.00729781,0.0
4000,1.5151854e+12,0.00023681,0.00023731,0.00023523,0.00023615,6552.0,1.5151857e+12,1.55181023,88.0,3460.0,0.81945556,0.0
4001,1.5151857e+12,0.00023611,0.00023611,0.00023523,0.00023536,7547.0,1.515186e+12,1.776933,93.0,3958.0,0.93191708,0.0
4002,1.515186e+12,0.00023536,0.00023536,0.00021824,0.00022286,7871.0,1.5151863e+12,1.82162393,110.0,3491.0,0.80606834,0.0
4003,1.5151863e+12,0.0002228,0.00022368,0.00021434,0.00021749,8024.0,1.5151866e+12,1.75381464,103.0,3299.0,0.72164944,0.0
4004,1.5151866e+12,0.00021746,0.00022121,0.00021746,0.00022121,6701.0,1.5151869e+12,1.46040332,98.0,4122.0,0.89844184,0.0
4005,1.5151869e+12,0.00022113,0.00022124,0.00021858,0.00022105,7057.0,1.5151872e+12,1.55460019,86.0,4058.0,0.89460191,0.0
4006,1.5151872e+12,0.000221,0.0002219,0.0002143,0.0002214,6843.0,1.5151875e+12,1.50838194,102.0,2535.0,0.5604391,0.0
4007,1.5151875e+12,0.00022142,0.00022186,0.00021627,0.00021981,6515.0,1.5151878e+12,1.42491632,90.0,3832.0,0.83750131,0.0
4008,1.5151878e+12,0.00022185,0.00022185,0.00021843,0.00021862,6432.0,1.5151881e+12,1.40747633,88.0,3078.0,0.67349509,0.0
4009,1.5151881e+12,0.00021862,0.00021875,0.00021852,0.00021859,6281.0,1.5151884e+12,1.37330363,90.0,3095.0,0.6766975,0.0
4010,1.5151884e+12,0.0002186,0.00021897,0.00021852,0.00021879,8271.0,1.5151887e+12,1.80861252,101.0,3850.0,0.84197177,0.0
4011,1.5151887e+12,0.00021879,0.00022032,0.00021867,0.00021941,6435.0,1.515189e+12,1.41271738,94.0,2947.0,0.6469814,0.0
4012,1.515189e+12,0.00021945,0.00022,0.00021872,0.00021905,6765.0,1.5151893e+12,1.48410268,93.0,2788.0,0.61176864,0.0
4013,1.5151893e+12,0.00021906,0.00021936,0.00021863,0.00021905,7457.0,1.5151896e+12,1.63303699,98.0,3627.0,0.79432164,0.0
4014,1.5151896e+12,0.00021906,0.00022,0.00021903,0.00021949,8439.0,1.5151899e+12,1.85162405,93.0,5232.0,1.14794943,0.0
4015,1.5151899e+12,0.00021948,0.00022013,0.00021947,0.00022013,8475.0,1.5151902e+12,1.86394738,90.0,5347.0,1.17591891,0.0
4016,1.5151902e+12,0.00022013,0.00023,0.00022011,0.00022331,8040.0,1.5151905e+12,1.79276413,100.0,3695.0,0.82629537,0.0
4017,1.5151905e+12,0.00022315,0.00023,0.00022315,0.00023,6985.0,1.5151908e+12,1.57471872,99.0,3965.0,0.89548645,0.0
4018,1.5151908e+12,0.00023182,0.0002355,0.00022479,0.0002293,7822.0,1.5151911e+12,1.80257512,123.0,3661.0,0.84421731,0.0
4019,1.5151911e+12,0.00023148,0.00023148,0.00022012,0.00022142,7211.0,1.5151914e+12,1.62364036,105.0,2478.0,0.55546694,0.0
4020,1.5151914e+12,0.00022138,0.0002249,0.00022001,0.00022489,7344.0,1.5151917e+12,1.63216708,95.0,4628.0,1.02816317,0.0
4021,1.5151917e+12,0.0002249,0.0002249,0.00022001,0.00022296,9687.0,1.515192e+12,2.15126525,93.0,3982.0,0.88719372,0.0
4022,1.515192e+12,0.00022293,0.00022467,0.00022241,0.00022384,7548.0,1.5151923e+12,1.68549714,88.0,3776.0,0.84297246,0.0
4023,1.5151923e+12,0.00022383,0.00022426,0.0002238,0.00022425,6731.0,1.5151926e+12,1.50767084,90.0,3165.0,0.70901842,0.0
4024,1.5151926e+12,0.00022424,0.00022567,0.00022382,0.00022474,7509.0,1.5151929e+12,1.68703238,97.0,4223.0,0.94887178,0.0
4025,1.5151929e+12,0.00022474,0.00022475,0.00022308,0.0002231,6676.0,1.5151932e+12,1.49529907,95.0,2271.0,0.50862247,0.0
4026,1.5151932e+12,0.00022309,0.000225,0.00022,0.00022353,10402.0,1.5151935e+12,2.30047755,101.0,4255.0,0.94247273,0.0
4027,1.5151935e+12,0.00022262,0.00022352,0.000221,0.00022108,8075.0,1.5151938e+12,1.79259767,98.0,3793.0,0.84197549,0.0
4028,1.5151938e+12,0.0002211,0.00022228,0.00021001,0.00021005,10759.0,1.5151941e+12,2.32011261,126.0,4493.0,0.96691323,0.0
4029,1.5151941e+12,0.00021003,0.00021617,0.00021001,0.00021617,8100.0,1.5151944e+12,1.72228671,103.0,4480.0,0.9514493,0.0
4030,1.5151944e+12,0.00021565,0.00021644,0.00021205,0.00021273,6487.0,1.5151947e+12,1.38845514,96.0,3075.0,0.6593474,0.0
4031,1.5151947e+12,0.00021273,0.00021632,0.00021259,0.00021541,6926.0,1.515195e+12,1.48562665,88.0,4004.0,0.85870712,0.0
4032,1.515195e+12,0.00021538,0.00021632,0.0002126,0.00021452,6465.0,1.5151953e+12,1.38061327,92.0,2847.0,0.60862579,0.0
4033,1.5151953e+12,0.00021442,0.00021597,0.0002126,0.00021313,7075.0,1.5151956e+12,1.51419368,95.0,3866.0,0.82798473,0.0
4034,1.5151956e+12,0.00021331,0.00021331,0.00021,0.0002102,11068.0,1.5151959e+12,2.33522982,113.0,3330.0,0.70315317,0.0
4035,1.5151959e+12,0.0002102,0.00021021,0.00020887,0.00020994,21822.0,1.5151962e+12,4.58016371,109.0,3970.0,0.83292637,0.0
4036,1.5151962e+12,0.00020994,0.00021,0.0002099,0.00020991,7800.0,1.5151965e+12,1.63740832,99.0,3870.0,0.81242004,0.0
4037,1.5151965e+12,0.00020991,0.00021043,0.00020987,0.00021016,11067.0,1.5151968e+12,2.32480845,108.0,4994.0,1.04890852,0.0
4038,1.5151968e+12,0.00021016,0.00021325,0.00021008,0.00021232,8712.0,1.5151971e+12,1.840174,109.0,4182.0,0.88436669,0.0
4039,1.5151971e+12,0.00021232,0.0002124,0.00021002,0.00021077,11413.0,1.5151974e+12,2.40935971,136.0,4708.0,0.99468978,0.0
4040,1.5151974e+12,0.00021076,0.00021256,0.00021052,0.00021076,10090.0,1.5151977e+12,2.12839955,113.0,2897.0,0.61148779,0.0
4041,1.5151977e+12,0.00021161,0.00022061,0.00021125,0.00021729,9806.0,1.515198e+12,2.09435465,126.0,5635.0,1.20670628,0.0
4042,1.515198e+12,0.00021736,0.00021815,0.00021349,0.00021527,11555.0,1.5151983e+12,2.50632564,147.0,5672.0,1.23114439,0.0
4043,1.5151983e+12,0.00021507,0.00021781,0.00021501,0.00021765,14998.0,1.5151986e+12,3.2505689,136.0,6458.0,1.40324086,0.0
4044,1.5151986e+12,0.00021766,0.00022042,0.00021654,0.00021743,11276.0,1.5151989e+12,2.4488488,124.0,4363.0,0.94886416,0.0
4045,1.5151989e+12,0.00021738,0.00021829,0.00021687,0.0002182,6270.0,1.5151992e+12,1.36720615,90.0,3383.0,0.73781882,0.0
4046,1.5151992e+12,0.0002182,0.0002182,0.00021496,0.00021571,7256.0,1.5151995e+12,1.56740072,99.0,3000.0,0.64735944,0.0
4047,1.5151995e+12,0.0002157,0.00021687,0.0002157,0.00021624,8265.0,1.5151998e+12,1.78569822,96.0,4934.0,1.06602472,0.0
4048,1.5151998e+12,0.00021626,0.00021687,0.00021625,0.0002165,7618.0,1.5152001e+12,1.64991468,86.0,3409.0,0.73834545,0.0
4049,1.5152001e+12,0.0002165,0.00021679,0.00021492,0.00021557,10643.0,1.5152004e+12,2.30152663,114.0,6934.0,1.49990306,0.0
4050,1.5152004e+12,0.00021557,0.00021558,0.00021259,0.00021259,10707.0,1.5152007e+12,2.28846408,104.0,5048.0,1.07909571,0.0
4051,1.5152007e+12,0.00021278,0.00021278,0.00021233,0.00021249,7173.0,1.515201e+12,1.52445413,98.0,3438.0,0.73067545,0.0
4052,1.515201e+12,0.00021233,0.00021233,0.00020988,0.00021027,10209.0,1.5152013e+12,2.14866435,110.0,6021.0,1.26726293,0.0
4053,1.5152013e+12,0.00021007,0.00021027,0.00020997,0.00020997,7130.0,1.5152016e+12,1.49820295,94.0,3312.0,0.69594446,0.0
4054,1.5152016e+12,0.00020997,0.00021002,0.00020986,0.00021002,7710.0,1.5152019e+12,1.61885524,97.0,4291.0,0.9009618,0.0
4055,1.5152019e+12,0.00021001,0.00021086,0.00021001,0.00021056,13326.0,1.5152022e+12,2.80356231,104.0,10237.0,2.15342957,0.0
4056,1.5152022e+12,0.00021056,0.00021278,0.00021051,0.00021263,7738.0,1.5152025e+12,1.6399512,94.0,3234.0,0.68563732,0.0
4057,1.5152025e+12,0.00021263,0.00021278,0.00021257,0.00021272,7482.0,1.5152028e+12,1.59121665,92.0,3528.0,0.75032988,0.0
4058,1.5152028e+12,0.00021272,0.00021629,0.00021231,0.00021379,7331.0,1.5152031e+12,1.56819986,102.0,3559.0,0.76104291,0.0
4059,1.5152031e+12,0.00021375,0.00021502,0.00021238,0.00021419,10153.0,1.5152034e+12,2.17454607,93.0,6075.0,1.30114585,0.0
4060,1.5152034e+12,0.0002142,0.00021542,0.00021326,0.00021326,13059.0,1.5152037e+12,2.80141604,126.0,4950.0,1.06264747,0.0
4061,1.5152037e+12,0.00021322,0.00021395,0.00021236,0.00021241,10756.0,1.515204e+12,2.28875574,109.0,4583.0,0.97608945,0.0
4062,1.515204e+12,0.00021241,0.00021241,0.00021236,0.00021237,8190.0,1.5152043e+12,1.73931418,92.0,3888.0,0.82570522,0.0
4063,1.5152043e+12,0.00021237,0.00021237,0.00021039,0.00021045,7567.0,1.5152046e+12,1.60025566,97.0,3458.0,0.73206201,0.0
4064,1.5152046e+12,0.00021038,0.00021082,0.00021038,0.0002106,6590.0,1.5152049e+12,1.38797801,91.0,3702.0,0.77967368,0.0
4065,1.5152049e+12,0.0002107,0.00021077,0.0002106,0.00021077,7358.0,1.5152052e+12,1.54994934,89.0,3863.0,0.81372784,0.0
4066,1.5152052e+12,0.00021077,0.00021219,0.00021,0.00021111,8846.0,1.5152055e+12,1.86592847,105.0,2252.0,0.47549802,0.0
4067,1.5152055e+12,0.00021111,0.0002128,0.00021111,0.00021279,9436.0,1.5152058e+12,2.0057171,93.0,3414.0,0.72582524,0.0
4068,1.5152058e+12,0.0002128,0.00021289,0.00020986,0.00021025,10744.0,1.5152061e+12,2.27399131,114.0,4887.0,1.03507534,0.0
4069,1.5152061e+12,0.00021025,0.00021087,0.000205,0.00020652,8501.0,1.5152064e+12,1.76519337,127.0,4613.0,0.95712457,0.0
4070,1.5152064e+12,0.00020655,0.00021303,0.00020649,0.00020973,13294.0,1.5152067e+12,2.77885813,122.0,9215.0,1.92920348,0.0
4071,1.5152067e+12,0.00020971,0.00021386,0.00020797,0.00020798,8086.0,1.515207e+12,1.7001186,103.0,4359.0,0.91723773,0.0
4072,1.515207e+12,0.00020797,0.00021181,0.00020795,0.00021175,7239.0,1.5152073e+12,1.51690553,87.0,3153.0,0.66124628,0.0
4073,1.5152073e+12,0.00021179,0.00021388,0.00021108,0.00021326,6672.0,1.5152076e+12,1.42392691,89.0,3479.0,0.74243288,0.0
4074,1.5152076e+12,0.00021325,0.0002153,0.00021325,0.00021497,7270.0,1.5152079e+12,1.56077017,90.0,3891.0,0.83531609,0.0
4075,1.5152079e+12,0.00021498,0.00021598,0.0002147,0.00021568,9191.0,1.5152082e+12,1.97917195,92.0,4568.0,0.98342793,0.0
4076,1.5152082e+12,0.00021568,0.00021587,0.0002153,0.00021582,6708.0,1.5152085e+12,1.44709721,91.0,2776.0,0.59892836,0.0
4077,1.5152085e+12,0.00021584,0.00021596,0.00021582,0.00021588,6817.0,1.5152088e+12,1.47172351,79.0,3454.0,0.74567471,0.0
4078,1.5152088e+12,0.00021587,0.00021588,0.00021569,0.00021583,6787.0,1.5152091e+12,1.46459954,85.0,2339.0,0.50476149,0.0
4079,1.5152091e+12,0.00021588,0.00022269,0.00021588,0.00022101,13751.0,1.5152094e+12,3.04042261,147.0,6643.0,1.46634489,0.0
4080,1.5152094e+12,0.00022099,0.00022147,0.00022029,0.00022099,8347.0,1.5152097e+12,1.84251594,95.0,4671.0,1.03112924,0.0
4081,1.5152097e+12,0.00022099,0.00022399,0.00022077,0.00022399,11326.0,1.51521e+12,2.51885717,115.0,6544.0,1.4552502,0.0
4082,1.51521e+12,0.00022344,0.00022347,0.00022292,0.00022314,7862.0,1.5152103e+12,1.75441252,95.0,3587.0,0.8006008,0.0
4083,1.5152103e+12,0.00022315,0.00022376,0.00022296,0.00022376,8802.0,1.5152106e+12,1.96498826,98.0,3413.0,0.76204725,0.0
4084,1.5152106e+12,0.00022371,0.00022399,0.00022341,0.00022382,9530.0,1.5152109e+12,2.13276641,99.0,2847.0,0.63704651,0.0
4085,1.5152109e+12,0.00022382,0.00022402,0.00022361,0.00022384,7098.0,1.5152112e+12,1.58820922,91.0,3500.0,0.78316144,0.0
4086,1.5152112e+12,0.00022384,0.00022879,0.00022378,0.00022721,10408.0,1.5152115e+12,2.34312523,113.0,6748.0,1.52017344,0.0
4087,1.5152115e+12,0.00022721,0.00022835,0.00022721,0.00022758,7615.0,1.5152118e+12,1.73394356,93.0,3852.0,0.87701432,0.0
4088,1.5152118e+12,0.00022758,0.00022821,0.00022718,0.00022805,6588.0,1.5152121e+12,1.49998696,92.0,2978.0,0.67809488,0.0
4089,1.5152121e+12,0.00022806,0.0002305,0.00022772,0.00022965,10322.0,1.5152124e+12,2.36103152,110.0,6032.0,1.38092538,0.0
4090,1.5152124e+12,0.00022965,0.0002322,0.00022965,0.0002316,6841.0,1.5152127e+12,1.58086902,99.0,3530.0,0.81568669,0.0
4091,1.5152127e+12,0.00023161,0.00023456,0.000231,0.00023382,7681.0,1.515213e+12,1.78326719,97.0,4071.0,0.94482334,0.0
4092,1.515213e+12,0.0002338,0.00024736,0.00023352,0.0002358,9376.0,1.5152133e+12,2.21199276,125.0,6152.0,1.45439449,0.0
4093,1.5152133e+12,0.00023795,0.00023795,0.00023134,0.00023269,9402.0,1.5152136e+12,2.2027366,115.0,4157.0,0.97179297,0.0
4094,1.5152136e+12,0.00023002,0.00023248,0.00022291,0.00022375,10852.0,1.5152139e+12,2.45856462,126.0,6613.0,1.49783504,0.0
4095,1.5152139e+12,0.00022374,0.00022824,0.00022372,0.0002256,8918.0,1.5152142e+12,2.01211463,107.0,4872.0,1.097839,0.0
4096,1.5152142e+12,0.0002268,0.00023222,0.00022557,0.00022799,6591.0,1.5152145e+12,1.50672757,108.0,3346.0,0.76450322,0.0
4097,1.5152145e+12,0.00022802,0.00023082,0.00022451,0.00023072,7118.0,1.5152148e+12,1.62922273,98.0,4246.0,0.97187116,0.0
4098,1.5152148e+12,0.00023078,0.00023192,0.00022955,0.00023047,9057.0,1.5152151e+12,2.09511992,100.0,4115.0,0.952021,0.0
4099,1.5152151e+12,0.00023071,0.00023076,0.00022957,0.00023014,6806.0,1.5152154e+12,1.56673079,82.0,3448.0,0.79371996,0.0
4100,1.5152154e+12,0.00023014,0.00023188,0.00023009,0.00023135,6865.0,1.5152157e+12,1.58406206,96.0,4280.0,0.98798494,0.0
4101,1.5152157e+12,0.00023131,0.00023131,0.00022975,0.00023025,6700.0,1.515216e+12,1.54518267,90.0,3130.0,0.72213358,0.0
4102,1.515216e+12,0.00022992,0.00023103,0.0002299,0.00023061,7814.0,1.5152163e+12,1.80172997,88.0,3991.0,0.92006107,0.0
4103,1.5152163e+12,0.00023062,0.0002308,0.0002304,0.00023062,7339.0,1.5152166e+12,1.69247555,84.0,3360.0,0.77486439,0.0
4104,1.5152166e+12,0.00023062,0.00023095,0.00023039,0.00023094,8231.0,1.5152169e+12,1.8993954,91.0,4288.0,0.98960967,0.0
4105,1.5152169e+12,0.00023094,0.00023138,0.00023073,0.00023134,5833.0,1.5152172e+12,1.34787507,81.0,2702.0,0.62446778,0.0
4106,1.5152172e+12,0.00023134,0.00023224,0.00023075,0.00023148,8057.0,1.5152175e+12,1.86353334,97.0,4149.0,0.95977622,0.0
4107,1.5152175e+12,0.00023152,0.00023166,0.00023086,0.00023164,5545.0,1.5152178e+12,1.28341046,66.0,2770.0,0.6413724,0.0
4108,1.5152178e+12,0.00023123,0.00023183,0.00023122,0.00023148,6934.0,1.5152181e+12,1.60508657,90.0,3155.0,0.73030568,0.0
4109,1.5152181e+12,0.00023147,0.00023164,0.00023147,0.00023162,8016.0,1.5152184e+12,1.8564731,93.0,4519.0,1.04661887,0.0
4110,1.5152184e+12,0.00023161,0.00023267,0.00023161,0.00023264,7466.0,1.5152187e+12,1.72967126,88.0,3004.0,0.69592875,0.0
4111,1.5152187e+12,0.00023272,0.00023376,0.0002316,0.00023175,6248.0,1.515219e+12,1.44877064,87.0,2848.0,0.66053074,0.0
4112,1.515219e+12,0.00023167,0.00023379,0.00023167,0.00023313,9311.0,1.5152193e+12,2.1650955,93.0,5137.0,1.19526075,0.0
4113,1.5152193e+12,0.00023313,0.00024,0.00023312,0.00023707,8042.0,1.5152196e+12,1.90357499,104.0,4372.0,1.0353159,0.0
4114,1.5152196e+12,0.00023709,0.00024,0.00023618,0.00023831,7634.0,1.5152199e+12,1.81882593,90.0,3815.0,0.9088538,0.0
4115,1.5152199e+12,0.00023831,0.000255,0.00023831,0.00024881,11972.0,1.5152202e+12,2.96603038,147.0,7503.0,1.86000773,0.0
4116,1.5152202e+12,0.00025078,0.00025237,0.00023162,0.00023728,12663.0,1.5152205e+12,3.10623721,133.0,3530.0,0.86091109,0.0
4117,1.5152205e+12,0.00023725,0.000245,0.00023725,0.00024113,6863.0,1.5152208e+12,1.64039493,98.0,4038.0,0.96493519,0.0
4118,1.5152208e+12,0.00024119,0.0002482,0.00023819,0.00024254,8153.0,1.5152211e+12,1.98019305,102.0,3751.0,0.91456922,0.0
4119,1.5152211e+12,0.00024258,0.0002438,0.00024161,0.00024341,8593.0,1.5152214e+12,2.08401392,96.0,3608.0,0.87512867,0.0
4120,1.5152214e+12,0.00024339,0.0002436,0.00024239,0.00024278,9879.0,1.5152217e+12,2.39925995,99.0,4529.0,1.10040375,0.0
4121,1.5152217e+12,0.00024277,0.000243,0.00024239,0.0002427,6117.0,1.515222e+12,1.48463395,87.0,3153.0,0.76526766,0.0
4122,1.515222e+12,0.00024268,0.000243,0.00024116,0.00024178,7495.0,1.5152223e+12,1.81255909,95.0,3766.0,0.91044145,0.0
4123,1.5152223e+12,0.00024177,0.00024315,0.00024147,0.00024315,8306.0,1.5152226e+12,2.01076816,97.0,4310.0,1.04363944,0.0
4124,1.5152226e+12,0.00024268,0.00024268,0.00024045,0.00024047,7815.0,1.5152229e+12,1.88539846,90.0,2512.0,0.60603536,0.0
4125,1.5152229e+12,0.00024071,0.00024094,0.00023861,0.00023864,6837.0,1.5152232e+12,1.64090887,89.0,3715.0,0.89179618,0.0
4126,1.5152232e+12,0.00023859,0.00023991,0.00023737,0.00023737,9601.0,1.5152235e+12,2.28711647,92.0,4041.0,0.96407362,0.0
4127,1.5152235e+12,0.00023783,0.00023783,0.00023543,0.00023552,7210.0,1.5152238e+12,1.70976253,93.0,3602.0,0.85408324,0.0
4128,1.5152238e+12,0.00023545,0.00023699,0.000235,0.00023569,9581.0,1.5152241e+12,2.25689501,101.0,3805.0,0.8971922,0.0
4129,1.5152241e+12,0.00023534,0.0002387,0.00023533,0.00023744,6419.0,1.5152244e+12,1.52162946,94.0,3764.0,0.89241793,0.0
4130,1.5152244e+12,0.0002374,0.00023845,0.0002374,0.00023844,7409.0,1.5152247e+12,1.76241694,99.0,3914.0,0.93120496,0.0
4131,1.5152247e+12,0.00023844,0.00023894,0.00023648,0.00023889,9645.0,1.515225e+12,2.29473758,102.0,3571.0,0.84917908,0.0
4132,1.515225e+12,0.00023888,0.00024315,0.00023888,0.00024285,8308.0,1.5152253e+12,2.00170209,104.0,4670.0,1.12606647,0.0
4133,1.5152253e+12,0.00024283,0.00024778,0.00024255,0.00024517,6450.0,1.5152256e+12,1.57472925,94.0,2484.0,0.60634133,0.0
4134,1.5152256e+12,0.00024519,0.00024651,0.00024431,0.00024556,8307.0,1.5152259e+12,2.04082793,99.0,4061.0,0.99780322,0.0
4135,1.5152259e+12,0.00024558,0.0002477,0.00024241,0.00024287,5734.0,1.5152262e+12,1.39978139,88.0,3023.0,0.73680145,0.0
4136,1.5152262e+12,0.000243,0.00024428,0.00024287,0.00024287,5106.0,1.5152265e+12,1.24040007,18.0,184.0,0.04490483,0.0
4137,1.5152265e+12,0.00024288,0.00024288,0.00024227,0.00024228,4454.0,1.5152268e+12,1.08115037,31.0,1163.0,0.28233281,0.0
4138,1.5152268e+12,0.0002423,0.00024275,0.00023937,0.00024148,6106.0,1.5152271e+12,1.47335509,95.0,3300.0,0.7961345,0.0
4139,1.5152271e+12,0.00024151,0.00024323,0.00024003,0.0002432,9029.0,1.5152274e+12,2.18262651,88.0,4098.0,0.99102435,0.0
4140,1.5152274e+12,0.00024323,0.00024431,0.00024112,0.00024431,7561.0,1.5152277e+12,1.83980806,92.0,3594.0,0.87484669,0.0
4141,1.5152277e+12,0.00024463,0.00024636,0.00024463,0.00024517,7109.0,1.515228e+12,1.74260936,93.0,3911.0,0.95871296,0.0
4142,1.515228e+12,0.00024534,0.0002461,0.00024518,0.00024579,7261.0,1.5152283e+12,1.78299013,97.0,3920.0,0.9625796,0.0
4143,1.5152283e+12,0.00024595,0.0002461,0.00024531,0.00024531,7431.0,1.5152286e+12,1.8267092,97.0,3611.0,0.88758727,0.0
4144,1.5152286e+12,0.00024532,0.0002459,0.00024531,0.0002459,8654.0,1.5152289e+12,2.12586653,94.0,4985.0,1.22476497,0.0
4145,1.5152289e+12,0.0002459,0.0002461,0.00024583,0.00024606,7116.0,1.5152292e+12,1.75017369,86.0,3025.0,0.74403142,0.0
4146,1.5152292e+12,0.000246,0.00024791,0.00024518,0.0002455,9425.0,1.5152295e+12,2.32373383,108.0,4360.0,1.07559952,0.0
4147,1.5152295e+12,0.00024536,0.00026,0.00024082,0.00024502,20437.0,1.5152298e+12,5.05937279,134.0,13214.0,3.29386874,0.0
4148,1.5152298e+12,0.0002451,0.00024762,0.00024081,0.00024157,9764.0,1.5152301e+12,2.37562356,120.0,2928.0,0.71297609,0.0
4149,1.5152301e+12,0.00024153,0.00024298,0.00024001,0.00024173,9198.0,1.5152304e+12,2.21988341,101.0,3136.0,0.75834615,0.0
4150,1.5152304e+12,0.00024152,0.00024239,0.00024,0.00024194,9680.0,1.5152307e+12,2.33800535,103.0,3345.0,0.80862399,0.0
4151,1.5152307e+12,0.00024195,0.00024486,0.0002419,0.00024485,7461.0,1.515231e+12,1.81389648,90.0,3926.0,0.95466725,0.0
4152,1.515231e+12,0.00024482,0.00024484,0.00024195,0.00024225,7036.0,1.5152313e+12,1.71107602,93.0,4396.0,1.0691954,0.0
4153,1.5152313e+12,0.00024227,0.00024258,0.00024106,0.00024161,7136.0,1.5152316e+12,1.72643479,101.0,4488.0,1.08595241,0.0
4154,1.5152316e+12,0.00024159,0.00024162,0.00023989,0.00024098,9605.0,1.5152319e+12,2.31194969,105.0,4712.0,1.13440325,0.0
4155,1.5152319e+12,0.0002399,0.00024215,0.00023888,0.00024213,8383.0,1.5152322e+12,2.01258498,111.0,4483.0,1.07650946,0.0
4156,1.5152322e+12,0.00024218,0.00024469,0.00024147,0.00024147,7771.0,1.5152325e+12,1.88864854,97.0,3536.0,0.85910279,0.0
4157,1.5152325e+12,0.000242,0.00024236,0.0002403,0.00024067,7863.0,1.5152328e+12,1.89767936,95.0,3448.0,0.83211726,0.0
4158,1.5152328e+12,0.0002407,0.0002456,0.0002401,0.00024359,8432.0,1.5152331e+12,2.04822549,112.0,4171.0,1.01390436,0.0
4159,1.5152331e+12,0.0002436,0.00024683,0.0002436,0.00024542,10574.0,1.5152334e+12,2.59512637,100.0,3115.0,0.76232699,0.0
4160,1.5152334e+12,0.00024362,0.00024391,0.00024362,0.00024391,130.0,1.5152337e+12,0.03169728,3.0,0.0,0.0,0.0
4161,1.5152337e+12,0.0002439,0.0002439,0.00024361,0.00024361,558.0,1.515234e+12,0.13594293,6.0,0.0,0.0,0.0
4162,1.515234e+12,0.00024361,0.00024361,0.00024339,0.00024339,1625.0,1.5152343e+12,0.39554986,5.0,0.0,0.0,0.0
4163,1.5152343e+12,0.00024449,0.00024449,0.0002423,0.0002423,769.0,1.5152346e+12,0.18753812,9.0,71.0,0.01735879,0.0
4164,1.5152346e+12,0.00024231,0.00024231,0.0002401,0.00024045,1331.0,1.5152349e+12,0.32007876,13.0,795.0,0.19109723,0.0
4165,1.5152349e+12,0.00024045,0.0002407,0.00024011,0.00024011,1151.0,1.5152352e+12,0.2767885,10.0,43.0,0.01033935,0.0
4166,1.5152352e+12,0.00024012,0.00024077,0.00023933,0.00023943,4092.0,1.5152355e+12,0.98209628,44.0,1220.0,0.29276328,0.0
4167,1.5152355e+12,0.00023943,0.00023952,0.00023499,0.00023607,11145.0,1.5152358e+12,2.65496691,122.0,6613.0,1.57622572,0.0
4168,1.5152358e+12,0.00023606,0.00023607,0.00022,0.00023268,12665.0,1.5152361e+12,2.90346466,138.0,4238.0,0.98693024,0.0
4169,1.5152361e+12,0.00023354,0.00023927,0.00023344,0.00023771,11275.0,1.5152364e+12,2.65122423,135.0,4637.0,1.08960473,0.0
4170,1.5152364e+12,0.00023762,0.00023766,0.00023419,0.00023525,8335.0,1.5152367e+12,1.96412379,108.0,3816.0,0.89958344,0.0
4171,1.5152367e+12,0.0002353,0.00023625,0.00023421,0.00023454,6713.0,1.515237e+12,1.57643929,89.0,3044.0,0.71490794,0.0
4172,1.515237e+12,0.00023437,0.00023703,0.00022551,0.00023013,8560.0,1.5152373e+12,1.97473076,122.0,3429.0,0.79227491,0.0
4173,1.5152373e+12,0.00023015,0.00023436,0.00023009,0.00023124,10450.0,1.5152376e+12,2.42376008,114.0,4951.0,1.14848347,0.0
4174,1.5152376e+12,0.00023125,0.000232,0.00023122,0.00023176,7619.0,1.5152379e+12,1.76412134,95.0,3789.0,0.87744291,0.0
4175,1.5152379e+12,0.00023176,0.00023301,0.00023154,0.00023282,11179.0,1.5152382e+12,2.59684172,119.0,5424.0,1.26133567,0.0
4176,1.5152382e+12,0.00023282,0.00023504,0.00023282,0.00023503,8483.0,1.5152385e+12,1.98220943,106.0,5289.0,1.23657564,0.0
4177,1.5152385e+12,0.00023556,0.00023872,0.00023296,0.00023506,10445.0,1.5152388e+12,2.46136318,131.0,4555.0,1.07578342,0.0
4178,1.5152388e+12,0.00023507,0.00023507,0.00023207,0.00023333,6267.0,1.5152391e+12,1.46304188,97.0,2892.0,0.67516556,0.0
4179,1.5152391e+12,0.00023335,0.00023379,0.00023296,0.00023336,7491.0,1.5152394e+12,1.74769384,96.0,4432.0,1.0340114,0.0
4180,1.5152394e+12,0.00023335,0.00023378,0.00023335,0.00023366,7563.0,1.5152397e+12,1.76648179,93.0,3802.0,0.88817337,0.0
4181,1.5152397e+12,0.00023366,0.00023377,0.00023356,0.00023374,8150.0,1.51524e+12,1.90473881,93.0,5553.0,1.29785434,0.0
4182,1.51524e+12,0.00023373,0.00023869,0.00023367,0.0002364,13653.0,1.5152403e+12,3.21502924,136.0,5311.0,1.24849283,0.0
4183,1.5152403e+12,0.00023639,0.00023837,0.00023528,0.00023679,13135.0,1.5152406e+12,3.11428078,130.0,5061.0,1.1993803,0.0
4184,1.5152406e+12,0.00023679,0.00023804,0.00023675,0.00023676,1618.0,1.5152409e+12,0.38314491,18.0,522.0,0.12361688,0.0
4185,1.5152409e+12,0.00023676,0.0002387,0.00023676,0.00023678,2637.0,1.5152412e+12,0.62599128,9.0,2563.0,0.60846997,0.0
4186,1.5152412e+12,0.00023843,0.00023843,0.0002354,0.00023811,847.0,1.5152415e+12,0.20062955,12.0,571.0,0.13557686,0.0
4187,1.5152415e+12,0.00023809,0.0002387,0.00023555,0.00023728,7746.0,1.5152418e+12,1.83695114,97.0,4489.0,1.06588869,0.0
4188,1.5152418e+12,0.00023732,0.0002387,0.00023608,0.00023849,8791.0,1.5152421e+12,2.08677665,100.0,5021.0,1.191815,0.0
4189,1.5152421e+12,0.00023849,0.00024245,0.00023828,0.00024243,17887.0,1.5152424e+12,4.27642563,118.0,11652.0,2.78757112,0.0
4190,1.5152424e+12,0.00024244,0.00024555,0.00024,0.00024517,21110.0,1.5152427e+12,5.14165134,195.0,8588.0,2.09763664,0.0
4191,1.5152427e+12,0.00024517,0.00025378,0.00024517,0.000252,25832.0,1.515243e+12,6.41917734,201.0,16933.0,4.21237447,0.0
4192,1.515243e+12,0.00025281,0.0002703,0.000252,0.00026868,17606.0,1.5152433e+12,4.60001961,234.0,9270.0,2.42976181,0.0
4193,1.5152433e+12,0.00026868,0.00027007,0.00025739,0.00025912,17106.0,1.5152436e+12,4.49691048,155.0,7792.0,2.03809277,0.0
4194,1.5152436e+12,0.00025987,0.00026057,0.00025301,0.00025301,17168.0,1.5152439e+12,4.41549921,146.0,8623.0,2.22542624,0.0
4195,1.5152439e+12,0.00025301,0.0002538,0.00024327,0.00025343,12323.0,1.5152442e+12,3.09565129,140.0,4411.0,1.10064327,0.0
4196,1.5152442e+12,0.0002535,0.00025361,0.00025082,0.00025266,16410.0,1.5152445e+12,4.14835062,121.0,6154.0,1.55565974,0.0
4197,1.5152445e+12,0.00025311,0.00025361,0.00025173,0.00025312,6776.0,1.5152448e+12,1.71409024,95.0,3713.0,0.9389478,0.0
4198,1.5152448e+12,0.00025327,0.00025361,0.0002494,0.00024949,13143.0,1.5152451e+12,3.30230024,126.0,4814.0,1.20954399,0.0
4199,1.5152451e+12,0.0002495,0.00025265,0.00024949,0.00025203,13553.0,1.5152454e+12,3.39318637,114.0,8652.0,2.16632751,0.0
4200,1.5152454e+12,0.00025202,0.00025914,0.000249,0.00025676,16519.0,1.5152457e+12,4.19326295,144.0,9535.0,2.42392315,0.0
4201,1.5152457e+12,0.00025734,0.00025915,0.00025702,0.00025705,8241.0,1.515246e+12,2.12884625,113.0,3972.0,1.02647448,0.0
4202,1.515246e+12,0.00025707,0.00025716,0.0002551,0.0002553,10290.0,1.5152463e+12,2.63229539,103.0,2613.0,0.66918882,0.0
4203,1.5152463e+12,0.00025531,0.00025564,0.000252,0.00025363,8981.0,1.5152466e+12,2.29178132,99.0,3905.0,0.99695419,0.0
4204,1.5152466e+12,0.00025499,0.00025515,0.00024979,0.00025513,7077.0,1.5152469e+12,1.7877949,93.0,3111.0,0.78666596,0.0
4205,1.5152469e+12,0.00025291,0.00025513,0.00025274,0.00025501,7821.0,1.5152472e+12,1.98890053,101.0,4047.0,1.02963013,0.0
4206,1.5152472e+12,0.00025501,0.00025805,0.00025501,0.00025768,7816.0,1.5152475e+12,2.0012715,103.0,3650.0,0.93481245,0.0
4207,1.5152475e+12,0.00025771,0.00025879,0.00025388,0.00025615,7719.0,1.5152478e+12,1.99047177,94.0,4341.0,1.1198229,0.0
4208,1.5152478e+12,0.0002561,0.00025766,0.00025414,0.00025503,6970.0,1.5152481e+12,1.77798954,30.0,3750.0,0.9560303,0.0
4209,1.5152481e+12,0.00025505,0.00025764,0.000255,0.000255,4370.0,1.5152484e+12,1.11740605,29.0,999.0,0.2555634,0.0
4210,1.5152484e+12,0.00025285,0.00025495,0.00025001,0.00025001,1710.0,1.5152487e+12,0.43400426,11.0,1093.0,0.27855566,0.0
4211,1.5152487e+12,0.00025019,0.00025342,0.00024999,0.00024999,1917.0,1.515249e+12,0.47953906,18.0,516.0,0.12912789,0.0
4212,1.515249e+12,0.00024999,0.00024999,0.00024901,0.00024998,1570.0,1.5152493e+12,0.39206633,11.0,939.0,0.23470284,0.0
4213,1.5152493e+12,0.00024902,0.00024996,0.000246,0.00024607,3823.0,1.5152496e+12,0.94773745,27.0,1828.0,0.45341019,0.0
4214,1.5152496e+12,0.00024606,0.00024857,0.00024516,0.00024535,3096.0,1.5152499e+12,0.7613994,23.0,975.0,0.24091318,0.0
4215,1.5152499e+12,0.00024529,0.00024535,0.0002425,0.00024506,1150.0,1.5152502e+12,0.2815835,13.0,772.0,0.18920938,0.0
4216,1.5152502e+12,0.00024509,0.00024533,0.00024284,0.00024499,3993.0,1.5152505e+12,0.9759634,29.0,3517.0,0.86024364,0.0
4217,1.5152505e+12,0.000245,0.000245,0.00024234,0.00024234,5180.0,1.5152508e+12,1.25869111,51.0,2832.0,0.68877296,0.0
4218,1.5152508e+12,0.0002423,0.000249,0.00024036,0.00024899,9505.0,1.5152511e+12,2.31520858,35.0,4975.0,1.21210121,0.0
4219,1.5152511e+12,0.00024899,0.00024899,0.000247,0.0002475,2470.0,1.5152514e+12,0.61141508,24.0,1129.0,0.27986389,0.0
4220,1.5152514e+12,0.000247,0.00024899,0.00024633,0.00024633,2639.0,1.5152517e+12,0.65395075,20.0,2537.0,0.62877819,0.0
4221,1.5152517e+12,0.00024651,0.00024716,0.000245,0.00024513,3436.0,1.515252e+12,0.84746289,16.0,1346.0,0.3326639,0.0
4222,1.515252e+12,0.0002455,0.00024701,0.00024036,0.00024699,2349.0,1.5152523e+12,0.57548059,25.0,917.0,0.22624109,0.0
4223,1.5152523e+12,0.00024695,0.00024834,0.00024685,0.00024834,1149.0,1.5152526e+12,0.2842901,10.0,461.0,0.11439832,0.0
4224,1.5152526e+12,0.00024756,0.000253,0.0002444,0.00025001,3948.0,1.5152529e+12,0.98090224,35.0,1879.0,0.46571488,0.0
4225,1.5152529e+12,0.00024999,0.00025236,0.00024802,0.00024867,760.0,1.5152532e+12,0.18917061,15.0,87.0,0.02161702,0.0
4226,1.5152532e+12,0.00025,0.00025235,0.00024873,0.00025,3408.0,1.5152535e+12,0.85227469,23.0,2192.0,0.54823483,0.0
4227,1.5152535e+12,0.00024906,0.0002498,0.00024905,0.00024905,1668.0,1.5152538e+12,0.41563782,9.0,277.0,0.0691946,0.0
4228,1.5152538e+12,0.00024906,0.0002549,0.00024906,0.00025303,3084.0,1.5152541e+12,0.77847092,26.0,2475.0,0.62483944,0.0
4229,1.5152541e+12,0.00025738,0.00025993,0.00025453,0.0002568,4277.0,1.5152544e+12,1.10176404,40.0,2972.0,0.76828459,0.0
4230,1.5152544e+12,0.00025506,0.0002599,0.00025506,0.00025985,1850.0,1.5152547e+12,0.47317211,15.0,1077.0,0.27566505,0.0
4231,1.5152547e+12,0.00025674,0.00025674,0.00025291,0.00025291,947.0,1.515255e+12,0.241487,11.0,489.0,0.12542898,0.0
4232,1.515255e+12,0.000255,0.00025673,0.00025304,0.0002535,2746.0,1.5152553e+12,0.69754905,16.0,233.0,0.05947149,0.0
4233,1.5152553e+12,0.0002535,0.0002535,0.00024849,0.00025,6254.0,1.5152556e+12,1.57384858,35.0,537.0,0.13494047,0.0
4234,1.5152556e+12,0.00024979,0.00024979,0.00024612,0.00024709,2347.0,1.5152559e+12,0.57950858,31.0,881.0,0.21827795,0.0
4235,1.5152559e+12,0.00024621,0.00024698,0.0002391,0.0002391,12201.0,1.5152562e+12,2.94714366,59.0,5299.0,1.27444678,0.0
4236,1.5152562e+12,0.00023933,0.00024212,0.00023915,0.00023916,5334.0,1.5152565e+12,1.27893566,47.0,2563.0,0.61593538,0.0
4237,1.5152565e+12,0.00024134,0.00024134,0.00023699,0.00023933,9881.0,1.5152568e+12,2.35074212,77.0,1982.0,0.47536398,0.0
4238,1.5152568e+12,0.00023921,0.00023921,0.0002352,0.00023606,4284.0,1.5152571e+12,1.017019,40.0,2872.0,0.68257261,0.0
4239,1.5152571e+12,0.00023606,0.00023606,0.0002315,0.00023349,5004.0,1.5152574e+12,1.16533026,34.0,1032.0,0.24083496,0.0
4240,1.5152574e+12,0.0002329,0.0002329,0.0002211,0.0002315,5514.0,1.5152577e+12,1.25241448,31.0,2080.0,0.48189258,0.0
4241,1.5152577e+12,0.00023185,0.00023185,0.00022443,0.00023097,5376.0,1.515258e+12,1.22841526,30.0,1309.0,0.30223496,0.0
4242,1.515258e+12,0.00023097,0.00023356,0.00022743,0.00022743,1131.0,1.5152583e+12,0.26121053,25.0,796.0,0.18436306,0.0
4243,1.5152583e+12,0.00023355,0.000239,0.00023355,0.00023547,1525.0,1.5152586e+12,0.36095545,18.0,1402.0,0.33199615,0.0
4244,1.5152586e+12,0.0002377,0.00023777,0.00023547,0.00023582,201.0,1.5152589e+12,0.04751208,7.0,70.0,0.01662946,0.0
4245,1.5152589e+12,0.00023578,0.00023578,0.00023205,0.00023574,1164.0,1.5152592e+12,0.2714804,8.0,265.0,0.06247336,0.0
4246,1.5152592e+12,0.00023254,0.00023768,0.00023254,0.00023588,1478.0,1.5152595e+12,0.34842808,20.0,1161.0,0.27378416,0.0
4247,1.5152595e+12,0.00023663,0.00023834,0.00023639,0.00023827,888.0,1.5152598e+12,0.21024933,21.0,748.0,0.17714601,0.0
4248,1.5152598e+12,0.00023824,0.00023824,0.00022111,0.00023814,22086.0,1.5152601e+12,5.12679086,57.0,2520.0,0.60014706,0.0
4249,1.5152601e+12,0.00022253,0.00022901,0.00022247,0.00022861,10363.0,1.5152604e+12,2.3098023,50.0,2461.0,0.55034712,0.0
4250,1.5152604e+12,0.00022858,0.00022884,0.00022531,0.00022765,4078.0,1.5152607e+12,0.93014168,49.0,3831.0,0.87383491,0.0
4251,1.5152607e+12,0.00022765,0.00022767,0.00022215,0.00022215,6615.0,1.515261e+12,1.48157793,38.0,996.0,0.22528608,0.0
4252,1.515261e+12,0.00022636,0.00022856,0.00022301,0.00022466,2576.0,1.5152613e+12,0.58254554,23.0,2339.0,0.52930442,0.0
4253,1.5152613e+12,0.00022855,0.00022855,0.00022243,0.00022841,4264.0,1.5152616e+12,0.95951248,24.0,1054.0,0.24079558,0.0
4254,1.5152616e+12,0.00022841,0.00022841,0.0002221,0.00022636,360.0,1.5152619e+12,0.08142684,12.0,316.0,0.07165268,0.0
4255,1.5152619e+12,0.00022304,0.00022579,0.00022304,0.00022546,1307.0,1.5152622e+12,0.29198673,20.0,154.0,0.0347288,0.0
4256,1.5152622e+12,0.00022537,0.00022572,0.00022523,0.00022564,1720.0,1.5152625e+12,0.38769388,21.0,585.0,0.13193238,0.0
4257,1.5152625e+12,0.00022558,0.00022882,0.00022558,0.00022668,2598.0,1.5152628e+12,0.59161022,30.0,1558.0,0.35410359,0.0
4258,1.5152628e+12,0.00022677,0.00023006,0.00022676,0.00022903,1780.0,1.5152631e+12,0.40773398,29.0,583.0,0.13351424,0.0
4259,1.5152631e+12,0.00022902,0.00023252,0.00022732,0.00022732,2333.0,1.5152634e+12,0.53542227,20.0,1302.0,0.29898032,0.0
4260,1.5152634e+12,0.0002322,0.0002322,0.00022758,0.00023143,1525.0,1.5152637e+12,0.35148596,8.0,1133.0,0.26221498,0.0
4261,1.5152637e+12,0.00022801,0.00023143,0.00022801,0.00023001,1135.0,1.515264e+12,0.26225267,17.0,159.0,0.03679737,0.0
4262,1.515264e+12,0.00023138,0.00023143,0.00023,0.0002314,2121.0,1.5152643e+12,0.49064522,17.0,1607.0,0.37184562,0.0
4263,1.5152643e+12,0.0002314,0.0002314,0.00022865,0.00022897,3243.0,1.5152646e+12,0.74291808,18.0,589.0,0.13536893,0.0
4264,1.5152646e+12,0.00022865,0.00023778,0.00022862,0.00023224,2440.0,1.5152649e+12,0.55935362,14.0,1512.0,0.34716642,0.0
4265,1.5152649e+12,0.00023224,0.00023224,0.0002251,0.0002251,3549.0,1.5152652e+12,0.80602893,25.0,47.0,0.01091448,0.0
4266,1.5152652e+12,0.00023161,0.00023161,0.00022634,0.00022634,630.0,1.5152655e+12,0.14315702,6.0,88.0,0.02038135,0.0
4267,1.5152655e+12,0.00022665,0.00022665,0.00021012,0.00021976,18532.0,1.5152658e+12,4.0408404,42.0,894.0,0.202491,0.0
4268,1.5152658e+12,0.00021976,0.0002242,0.00021965,0.00022288,2247.0,1.5152661e+12,0.49516981,35.0,971.0,0.21484814,0.0
4269,1.5152661e+12,0.00022231,0.00022231,0.00022169,0.00022169,443.0,1.5152664e+12,0.09831628,14.0,443.0,0.09831628,0.0
4270,1.5152664e+12,0.00022168,0.0002238,0.00022168,0.000223,1805.0,1.5152667e+12,0.40255434,20.0,1646.0,0.36710805,0.0
4271,1.5152667e+12,0.00022301,0.00022993,0.00022301,0.0002259,5452.0,1.515267e+12,1.24086801,36.0,3427.0,0.78428114,0.0
4272,1.515267e+12,0.00022993,0.00022993,0.00022865,0.00022991,142.0,1.5152673e+12,0.03254684,4.0,142.0,0.03254684,0.0
4273,1.5152673e+12,0.0002299,0.00022992,0.00022425,0.00022985,685.0,1.5152676e+12,0.1558409,14.0,385.0,0.08851495,0.0
4274,1.5152676e+12,0.0002297,0.00022985,0.00022552,0.00022978,875.0,1.5152679e+12,0.2005006,8.0,739.0,0.16980686,0.0
4275,1.5152679e+12,0.00022813,0.00022818,0.00022813,0.00022817,674.0,1.5152682e+12,0.15376611,6.0,60.0,0.0136902,0.0
4276,1.5152682e+12,0.00022817,0.00022988,0.00022817,0.00022817,311.0,1.5152685e+12,0.07106431,8.0,67.0,0.01537952,0.0
4277,1.5152685e+12,0.0002282,0.0002282,0.00022553,0.00022553,2516.0,1.5152688e+12,0.5688716,17.0,1686.0,0.3813775,0.0
4278,1.5152688e+12,0.00022553,0.00022868,0.000225,0.00022776,483.0,1.5152691e+12,0.10920241,7.0,107.0,0.02438136,0.0
4279,1.5152691e+12,0.00022756,0.00022756,0.00022586,0.00022586,120.0,1.5152694e+12,0.02716306,6.0,120.0,0.02716306,0.0
4280,1.5152694e+12,0.00022573,0.00022621,0.00022553,0.00022621,1244.0,1.5152697e+12,0.28092808,13.0,1146.0,0.25881954,0.0
4281,1.5152697e+12,0.00022622,0.00022925,0.00022622,0.00022902,97.0,1.51527e+12,0.02216115,5.0,97.0,0.02216115,0.0
4282,1.51527e+12,0.00022901,0.00022903,0.00022746,0.00022862,1106.0,1.5152703e+12,0.25278847,13.0,854.0,0.19546855,0.0
4283,1.5152703e+12,0.00022851,0.00022996,0.00022851,0.00022862,1853.0,1.5152706e+12,0.42457515,11.0,1351.0,0.30982806,0.0
4284,1.5152706e+12,0.00022995,0.00022995,0.00022994,0.00022994,114.0,1.5152709e+12,0.02621356,3.0,114.0,0.02621356,0.0
4285,1.5152709e+12,0.00022995,0.00022996,0.00022995,0.00022995,609.0,1.5152712e+12,0.1400438,14.0,552.0,0.12693665,0.0
4286,1.5152712e+12,0.00022995,0.0002378,0.00022995,0.00023022,4317.0,1.5152715e+12,1.0086817,63.0,831.0,0.19543486,0.0
4287,1.5152715e+12,0.00023558,0.00023558,0.00023046,0.00023485,324.0,1.5152718e+12,0.07610537,10.0,312.0,0.07333985,0.0
4288,1.5152718e+12,0.000232,0.00023474,0.00023114,0.00023114,3110.0,1.5152721e+12,0.72516798,39.0,1302.0,0.30544123,0.0
4289,1.5152721e+12,0.00023114,0.00023345,0.00023113,0.00023345,2333.0,1.5152724e+12,0.53933995,14.0,660.0,0.15258147,0.0
4290,1.5152724e+12,0.00023336,0.00023336,0.00023215,0.00023319,1108.0,1.5152727e+12,0.2579147,19.0,579.0,0.13503767,0.0
4291,1.5152727e+12,0.00023319,0.00023325,0.00023215,0.00023215,1002.0,1.515273e+12,0.23309545,16.0,276.0,0.0643154,0.0
4292,1.515273e+12,0.00023216,0.00023499,0.00023215,0.00023499,3038.0,1.5152733e+12,0.70613734,16.0,361.0,0.08405701,0.0
4293,1.5152733e+12,0.0002327,0.000236,0.0002327,0.00023512,2857.0,1.5152736e+12,0.67147049,26.0,1358.0,0.31905562,0.0
4294,1.5152736e+12,0.00023894,0.00023894,0.00023512,0.0002384,1608.0,1.5152739e+12,0.38149428,19.0,1018.0,0.24272474,0.0
4295,1.5152739e+12,0.00023536,0.000239,0.00023536,0.000239,264.0,1.5152742e+12,0.0630596,8.0,180.0,0.04302,0.0
4296,1.5152742e+12,0.00023614,0.00023898,0.00023534,0.0002387,1317.0,1.5152745e+12,0.31090894,23.0,186.0,0.0444152,0.0
4297,1.5152745e+12,0.00023545,0.00024004,0.00023545,0.00023955,2650.0,1.5152748e+12,0.6303204,19.0,1722.0,0.41061269,0.0
4298,1.5152748e+12,0.00023635,0.00023973,0.00023634,0.00023637,1049.0,1.5152751e+12,0.24988335,17.0,471.0,0.11284449,0.0
4299,1.5152751e+12,0.00023637,0.00023944,0.00023631,0.00023633,948.0,1.5152754e+12,0.22440833,11.0,624.0,0.14783789,0.0
4300,1.5152754e+12,0.00023635,0.00023636,0.00023635,0.00023636,464.0,1.5152757e+12,0.10966652,4.0,0.0,0.0,0.0
4301,1.5152757e+12,0.0002364,0.00023779,0.00023635,0.00023768,3160.0,1.515276e+12,0.74841184,15.0,1530.0,0.36291463,0.0
4302,1.515276e+12,0.00023768,0.000238,0.0002372,0.000238,568.0,1.5152763e+12,0.13510304,7.0,532.0,0.12655526,0.0
4303,1.5152763e+12,0.000238,0.00024388,0.00023776,0.00023793,5761.0,1.5152766e+12,1.38117011,38.0,1451.0,0.35088196,0.0
4304,1.5152766e+12,0.00023808,0.0002381,0.00023524,0.00023538,3910.0,1.5152769e+12,0.92470125,32.0,0.0,0.0,0.0
4305,1.5152769e+12,0.00023538,0.00023538,0.00023524,0.00023524,3386.0,1.5152772e+12,0.79672174,17.0,1174.0,0.27628734,0.0
4306,1.5152772e+12,0.00023524,0.00023536,0.00023524,0.00023524,4483.0,1.5152775e+12,1.05458656,13.0,47.0,0.01106192,0.0
4307,1.5152775e+12,0.00023535,0.00023535,0.00023524,0.00023535,1459.0,1.5152778e+12,0.34321758,8.0,22.0,0.0051777,0.0
4308,1.5152778e+12,0.00023535,0.00023536,0.00023524,0.00023535,398.0,1.5152781e+12,0.09363391,6.0,51.0,0.0120031,0.0
4309,1.5152781e+12,0.00023524,0.00023524,0.00023524,0.00023524,1525.0,1.5152784e+12,0.358741,5.0,0.0,0.0,0.0
4310,1.5152784e+12,0.00023535,0.0002493,0.00023524,0.00023826,1174.0,1.5152787e+12,0.28666413,17.0,824.0,0.20299268,0.0
4311,1.5152787e+12,0.00023831,0.00024535,0.00023831,0.00024315,503.0,1.515279e+12,0.12115441,11.0,205.0,0.04997219,0.0
4312,1.515279e+12,0.00024165,0.00024238,0.0002354,0.00024135,852.0,1.5152793e+12,0.2034821,11.0,295.0,0.07125082,0.0
4313,1.5152793e+12,0.00024133,0.00024133,0.00023589,0.00024103,155.0,1.5152796e+12,0.03732576,7.0,144.0,0.03473097,0.0
4314,1.5152796e+12,0.00023695,0.00024045,0.00023695,0.00023849,62.0,1.5152799e+12,0.01478561,4.0,52.0,0.01241611,0.0
4315,1.5152799e+12,0.00023589,0.00023768,0.00023589,0.00023766,59.0,1.5152802e+12,0.01399412,3.0,43.0,0.01021988,0.0
4316,1.5152802e+12,0.00023602,0.00023602,0.00023524,0.00023576,981.0,1.5152805e+12,0.23095002,10.0,82.0,0.0193327,0.0
4317,1.5152805e+12,0.00023576,0.00023577,0.00023576,0.00023577,1475.0,1.5152808e+12,0.34775331,8.0,727.0,0.17140479,0.0
4318,1.5152808e+12,0.00023577,0.00023577,0.00023524,0.00023525,380.0,1.5152811e+12,0.08940342,5.0,26.0,0.0061165,0.0
4319,1.5152811e+12,0.00023524,0.00023602,0.00023524,0.00023602,698.0,1.5152814e+12,0.1646621,8.0,602.0,0.14207906,0.0
4320,1.5152814e+12,0.00023602,0.000238,0.00023524,0.000238,566.0,1.5152817e+12,0.13361785,11.0,545.0,0.12867769,0.0
4321,1.5152817e+12,0.000238,0.0002391,0.00023777,0.00023778,876.0,1.515282e+12,0.2083066,9.0,862.0,0.2049746,0.0
4322,1.515282e+12,0.00023778,0.00023778,0.00023529,0.00023531,1737.0,1.5152823e+12,0.41078075,22.0,567.0,0.13481751,0.0
4323,1.5152823e+12,0.00023531,0.00023535,0.00023531,0.00023535,420.0,1.5152826e+12,0.09884221,4.0,0.0,0.0,0.0
4324,1.5152826e+12,0.00023746,0.00023746,0.00023524,0.00023524,2058.0,1.5152829e+12,0.48420793,7.0,5.0,0.0011873,0.0
4325,1.5152829e+12,0.00023535,0.00023535,0.00023535,0.00023535,562.0,1.5152832e+12,0.1322667,6.0,0.0,0.0,0.0
4326,1.5152832e+12,0.00023535,0.00023535,0.00023535,0.00023535,12.0,1.5152835e+12,0.0028242,1.0,0.0,0.0,0.0
4327,1.5152835e+12,0.00023808,0.00023808,0.00023535,0.00023798,4507.0,1.5152838e+12,1.06074514,11.0,5.0,0.0011903,0.0
4328,1.5152838e+12,0.00023762,0.00023762,0.00023733,0.00023733,856.0,1.5152841e+12,0.20336452,8.0,856.0,0.20336452,0.0
4329,1.5152841e+12,0.00023728,0.00023806,0.00023722,0.00023806,1297.0,1.5152844e+12,0.30773006,13.0,1297.0,0.30773006,0.0
4330,1.5152844e+12,0.00023806,0.00023806,0.00023806,0.00023806,51.0,1.5152847e+12,0.01214106,2.0,51.0,0.01214106,0.0
4331,1.5152847e+12,0.00023806,0.00023807,0.00023576,0.00023807,2632.0,1.515285e+12,0.6232112,11.0,1506.0,0.35761581,0.0
4332,1.515285e+12,0.000238,0.00023806,0.00023799,0.000238,933.0,1.5152853e+12,0.22207787,4.0,913.0,0.21731787,0.0
4333,1.5152853e+12,0.00023801,0.00023801,0.00023801,0.00023801,346.0,1.5152856e+12,0.08235146,1.0,0.0,0.0,0.0
4334,1.5152856e+12,0.00023806,0.000265,0.00023806,0.00024184,14804.0,1.5152859e+12,3.67286739,65.0,13142.0,3.27244919,0.0
4335,1.5152859e+12,0.00024564,0.00024564,0.00023913,0.00023913,2467.0,1.5152862e+12,0.59394684,20.0,390.0,0.09548101,0.0
4336,1.5152862e+12,0.00023921,0.00024238,0.00023921,0.00024238,503.0,1.5152865e+12,0.1203892,2.0,21.0,0.00508998,0.0
4337,1.5152865e+12,0.00023914,0.00023936,0.00023913,0.00023914,423.0,1.5152868e+12,0.10122185,6.0,0.0,0.0,0.0
4338,1.5152868e+12,0.00023914,0.00023915,0.00023914,0.00023914,1224.0,1.5152871e+12,0.29270776,16.0,0.0,0.0,0.0
4339,1.5152871e+12,0.0002385,0.00023852,0.00023121,0.00023566,6024.0,1.5152874e+12,1.41850055,34.0,1403.0,0.33344491,0.0
4340,1.5152874e+12,0.00023566,0.0002385,0.00023236,0.00023267,144.0,1.5152877e+12,0.03371413,6.0,37.0,0.00877906,0.0
4341,1.5152877e+12,0.00023276,0.00023494,0.00023122,0.0002349,3138.0,1.515288e+12,0.72965808,15.0,93.0,0.02184879,0.0
4342,1.515288e+12,0.0002349,0.0002349,0.00022001,0.00023097,5987.0,1.5152883e+12,1.37015022,46.0,267.0,0.06145787,0.0
4343,1.5152883e+12,0.00022407,0.00022714,0.00021965,0.00022374,25649.0,1.5152886e+12,5.67854176,114.0,6954.0,1.55736737,0.0
4344,1.5152886e+12,0.00022371,0.00022435,0.00022015,0.00022435,4807.0,1.5152889e+12,1.07411755,50.0,4104.0,0.91820971,0.0
4345,1.5152889e+12,0.00022435,0.00022441,0.00022102,0.00022441,1778.0,1.5152892e+12,0.3956355,40.0,680.0,0.15208023,0.0
4346,1.5152892e+12,0.00022441,0.00023317,0.0002242,0.00022741,2444.0,1.5152895e+12,0.55784243,49.0,1127.0,0.25815114,0.0
4347,1.5152895e+12,0.00022722,0.00022722,0.0002249,0.00022666,487.0,1.5152898e+12,0.11038148,22.0,486.0,0.11015658,0.0
4348,1.5152898e+12,0.00022666,0.00022749,0.00022545,0.00022747,1201.0,1.5152901e+12,0.27287445,28.0,1046.0,0.2379297,0.0
4349,1.5152901e+12,0.00022762,0.00022762,0.00022464,0.00022467,6579.0,1.5152904e+12,1.48468231,33.0,3689.0,0.8348052,0.0
4350,1.5152904e+12,0.00022467,0.00022762,0.00022467,0.00022483,5659.0,1.5152907e+12,1.27562671,52.0,4917.0,1.10878713,0.0
4351,1.5152907e+12,0.00022483,0.00022483,0.00022,0.00022483,5341.0,1.515291e+12,1.19647519,36.0,1916.0,0.43049854,0.0
4352,1.515291e+12,0.00022478,0.00022478,0.00022,0.00022197,7301.0,1.5152913e+12,1.6165373,56.0,2238.0,0.5002825,0.0
4353,1.5152913e+12,0.000222,0.00023,0.00022036,0.00022873,1129.0,1.5152916e+12,0.25334344,15.0,931.0,0.20961666,0.0
4354,1.5152916e+12,0.00022412,0.00022852,0.00022412,0.00022759,2614.0,1.5152919e+12,0.5909687,31.0,941.0,0.21483146,0.0
4355,1.5152919e+12,0.00022562,0.00022814,0.000224,0.000224,3131.0,1.5152922e+12,0.70752494,40.0,872.0,0.19847687,0.0
4356,1.5152922e+12,0.000224,0.000224,0.00022186,0.00022298,7585.0,1.5152925e+12,1.68633277,50.0,1337.0,0.29807095,0.0
4357,1.5152925e+12,0.00022298,0.00022702,0.0002219,0.00022266,3760.0,1.5152928e+12,0.83745098,34.0,1224.0,0.27309795,0.0
4358,1.5152928e+12,0.00022264,0.00022264,0.00022251,0.00022259,2403.0,1.5152931e+12,0.53478361,29.0,927.0,0.20635853,0.0
4359,1.5152931e+12,0.00022259,0.00022722,0.00022251,0.00022259,10224.0,1.5152934e+12,2.29050498,25.0,4538.0,1.02523946,0.0
4360,1.5152934e+12,0.00022254,0.00022717,0.00022254,0.00022652,1319.0,1.5152937e+12,0.29584016,8.0,1310.0,0.2938373,0.0
4361,1.5152937e+12,0.00022652,0.00022652,0.00022403,0.00022651,2959.0,1.515294e+12,0.66984379,18.0,701.0,0.15870032,0.0
4362,1.515294e+12,0.00022651,0.00022722,0.00022651,0.00022722,2039.0,1.5152943e+12,0.46290995,14.0,2030.0,0.46087109,0.0
4363,1.5152943e+12,0.00022759,0.00022779,0.00022722,0.00022749,3472.0,1.5152946e+12,0.78996312,27.0,102.0,0.02320736,0.0
4364,1.5152946e+12,0.00022726,0.00022747,0.00022421,0.00022421,7054.0,1.5152949e+12,1.58795171,59.0,1335.0,0.30277267,0.0
4365,1.5152949e+12,0.0002272,0.00022723,0.00022431,0.00022434,2658.0,1.5152952e+12,0.59706186,32.0,1104.0,0.24843323,0.0
4366,1.5152952e+12,0.00022434,0.0002283,0.00022433,0.0002283,1959.0,1.5152955e+12,0.43982559,23.0,993.0,0.22312281,0.0
4367,1.5152955e+12,0.00022826,0.00022826,0.00022796,0.00022796,1121.0,1.5152958e+12,0.25560234,7.0,97.0,0.02213034,0.0
4368,1.5152958e+12,0.00022695,0.00022993,0.00022553,0.00022661,1767.0,1.5152961e+12,0.40018093,16.0,1137.0,0.25755427,0.0
4369,1.5152961e+12,0.00022988,0.00022988,0.00022665,0.00022909,1799.0,1.5152964e+12,0.41151559,18.0,1311.0,0.30084134,0.0
4370,1.5152964e+12,0.00022909,0.00022936,0.00022822,0.00022823,4354.0,1.5152967e+12,0.99606515,38.0,1753.0,0.40169946,0.0
4371,1.5152967e+12,0.00022822,0.00022898,0.0002265,0.00022652,3785.0,1.515297e+12,0.86234292,58.0,418.0,0.09539109,0.0
4372,1.515297e+12,0.00022877,0.00022877,0.0002265,0.0002265,671.0,1.5152973e+12,0.1522907,6.0,171.0,0.0390397,0.0
4373,1.5152973e+12,0.00022802,0.0002281,0.00022435,0.00022808,1763.0,1.5152976e+12,0.40038704,10.0,1232.0,0.28087449,0.0
4374,1.5152976e+12,0.000226,0.000226,0.00022267,0.00022382,4394.0,1.5152979e+12,0.98572336,41.0,645.0,0.14491464,0.0
4375,1.5152979e+12,0.00022381,0.00022467,0.00022263,0.00022263,1798.0,1.5152982e+12,0.40201316,27.0,792.0,0.17734638,0.0
4376,1.5152982e+12,0.00022263,0.00022447,0.00022232,0.0002235,2143.0,1.5152985e+12,0.47856678,26.0,1372.0,0.30708056,0.0
4377,1.5152985e+12,0.0002235,0.0002235,0.0002224,0.00022329,622.0,1.5152988e+12,0.13839036,7.0,59.0,0.01317916,0.0
4378,1.5152988e+12,0.00022329,0.00022329,0.00022009,0.0002231,1538.0,1.5152991e+12,0.34288968,16.0,547.0,0.12209062,0.0
4379,1.5152991e+12,0.00022298,0.00022299,0.0002226,0.00022284,834.0,1.5152994e+12,0.18577064,9.0,834.0,0.18577064,0.0
4380,1.5152994e+12,0.0002229,0.00022329,0.00022285,0.0002229,897.0,1.5152997e+12,0.19996882,21.0,712.0,0.15873327,0.0
4381,1.5152997e+12,0.0002229,0.00022329,0.000215,0.00022329,9544.0,1.5153e+12,2.10840307,67.0,5151.0,1.14286557,0.0
4382,1.5153e+12,0.00022398,0.00022442,0.0002213,0.00022441,6809.0,1.5153003e+12,1.52344538,38.0,6203.0,1.38801137,0.0
4383,1.5153003e+12,0.00022441,0.00022611,0.00022149,0.00022604,4602.0,1.5153006e+12,1.03919367,28.0,3246.0,0.73299633,0.0
4384,1.5153006e+12,0.00022602,0.000228,0.00022602,0.000228,5114.0,1.5153009e+12,1.16432961,25.0,4674.0,1.06475992,0.0
4385,1.5153009e+12,0.00022791,0.00023029,0.00022791,0.00023,7735.0,1.5153012e+12,1.77719922,57.0,3067.0,0.70340014,0.0
4386,1.5153012e+12,0.00023,0.00023027,0.00023,0.00023001,5568.0,1.5153015e+12,1.28162238,35.0,3526.0,0.81170285,0.0
4387,1.5153015e+12,0.00023001,0.00023312,0.00022801,0.00022858,9458.0,1.5153018e+12,2.17999339,94.0,5038.0,1.16731956,0.0
4388,1.5153018e+12,0.0002286,0.00023281,0.0002286,0.00022975,8739.0,1.5153021e+12,2.02546448,49.0,7259.0,1.68485779,0.0
4389,1.5153021e+12,0.00022986,0.00023262,0.00022986,0.00023262,1910.0,1.5153024e+12,0.439452,5.0,1250.0,0.28760316,0.0
4390,1.5153024e+12,0.0002325,0.00023262,0.00022918,0.00022973,5391.0,1.5153027e+12,1.24579025,36.0,2745.0,0.63834767,0.0
4391,1.5153027e+12,0.00022973,0.00022998,0.00022719,0.00022998,3307.0,1.515303e+12,0.75583267,16.0,2220.0,0.50744386,0.0
4392,1.515303e+12,0.00023,0.00023993,0.00022815,0.00023257,4170.0,1.5153033e+12,0.97061014,45.0,1272.0,0.29820283,0.0
4393,1.5153033e+12,0.00023253,0.00023253,0.00022606,0.0002275,2811.0,1.5153036e+12,0.64101923,30.0,823.0,0.18888783,0.0
4394,1.5153036e+12,0.00022605,0.000229,0.00022605,0.00022898,2851.0,1.5153039e+12,0.65264603,14.0,2688.0,0.61536492,0.0
4395,1.5153039e+12,0.00022742,0.00023244,0.00022742,0.00023244,3515.0,1.5153042e+12,0.80364047,10.0,2694.0,0.61689053,0.0
4396,1.5153042e+12,0.00023243,0.00023244,0.00022906,0.00023099,1497.0,1.5153045e+12,0.34515487,11.0,861.0,0.19923943,0.0
4397,1.5153045e+12,0.0002327,0.00023272,0.00023115,0.00023272,1202.0,1.5153048e+12,0.27937561,9.0,910.0,0.21175828,0.0
4398,1.5153048e+12,0.00023498,0.00023498,0.00022858,0.00022916,2484.0,1.5153051e+12,0.57758559,28.0,70.0,0.01643096,0.0
4399,1.5153051e+12,0.00023246,0.00023246,0.00022603,0.00022617,2047.0,1.5153054e+12,0.46777927,13.0,46.0,0.01068846,0.0
4400,1.5153054e+12,0.000227,0.00022799,0.0002265,0.0002267,4325.0,1.5153057e+12,0.98067049,40.0,2739.0,0.62092825,0.0
4401,1.5153057e+12,0.00022677,0.00022885,0.00022348,0.00022884,6834.0,1.515306e+12,1.55231573,35.0,2937.0,0.67204559,0.0
4402,1.515306e+12,0.00022884,0.000229,0.00022662,0.000229,4341.0,1.5153063e+12,0.99183358,27.0,2971.0,0.6794957,0.0
4403,1.5153063e+12,0.00023125,0.0002343,0.00023125,0.0002343,768.0,1.5153066e+12,0.17871475,7.0,768.0,0.17871475,0.0
4404,1.5153066e+12,0.0002343,0.0002365,0.00023001,0.0002365,3778.0,1.5153069e+12,0.88321366,35.0,2606.0,0.61343968,0.0
4405,1.5153069e+12,0.000239,0.000239,0.00023113,0.00023184,9084.0,1.5153072e+12,2.11440516,72.0,5586.0,1.30220315,0.0
4406,1.5153072e+12,0.00023215,0.00023504,0.00023186,0.00023186,678.0,1.5153075e+12,0.15869526,16.0,247.0,0.0580041,0.0
4407,1.5153075e+12,0.00023187,0.00023896,0.00023187,0.00023796,579.0,1.5153078e+12,0.13682641,19.0,379.0,0.09009961,0.0
4408,1.5153078e+12,0.00023792,0.00023887,0.00023364,0.00023451,1825.0,1.5153081e+12,0.43207529,16.0,968.0,0.23021432,0.0
4409,1.5153081e+12,0.00023883,0.00023883,0.00023102,0.00023102,5107.0,1.5153084e+12,1.19490211,28.0,9.0,0.00214947,0.0
4410,1.5153084e+12,0.00023103,0.00023552,0.00022845,0.00022865,13482.0,1.5153087e+12,3.14006711,65.0,7788.0,1.81221182,0.0
4411,1.5153087e+12,0.00022951,0.00022951,0.00022945,0.00022951,2027.0,1.515309e+12,0.465165,7.0,0.0,0.0,0.0
4412,1.515309e+12,0.00022955,0.00023301,0.00022948,0.00022951,3327.0,1.5153093e+12,0.76370295,21.0,281.0,0.06458485,0.0
4413,1.5153093e+12,0.00022951,0.0002305,0.00022945,0.00023017,2027.0,1.5153096e+12,0.46553188,8.0,527.0,0.12132688,0.0
4414,1.5153096e+12,0.00022951,0.00022951,0.00022845,0.00022889,1719.0,1.5153099e+12,0.39335126,11.0,141.0,0.03227772,0.0
4415,1.5153099e+12,0.00022845,0.0002288,0.00022749,0.00022805,2605.0,1.5153102e+12,0.59373438,18.0,1029.0,0.23490294,0.0
4416,1.5153102e+12,0.00022796,0.00022808,0.00022651,0.00022808,2719.0,1.5153105e+12,0.61934382,16.0,1824.0,0.41567235,0.0
4417,1.5153105e+12,0.0002281,0.00023014,0.000228,0.00022801,2571.0,1.5153108e+12,0.58642278,16.0,91.0,0.02093237,0.0
4418,1.5153108e+12,0.00022907,0.00023063,0.00022801,0.00023062,6244.0,1.5153111e+12,1.43659006,28.0,1298.0,0.29893333,0.0
4419,1.5153111e+12,0.00023049,0.00023075,0.0002301,0.00023075,1376.0,1.5153114e+12,0.31672244,9.0,198.0,0.04565964,0.0
4420,1.5153114e+12,0.00023118,0.00023496,0.00023118,0.00023145,983.0,1.5153117e+12,0.22806022,11.0,176.0,0.04128492,0.0
4421,1.5153117e+12,0.00023151,0.00023452,0.0002313,0.000233,4718.0,1.515312e+12,1.09394453,22.0,818.0,0.1894216,0.0
4422,1.515312e+12,0.00023448,0.00023448,0.000234,0.000234,354.0,1.5153123e+12,0.0828552,5.0,40.0,0.0093792,0.0
4423,1.5153123e+12,0.000234,0.00023699,0.00023204,0.00023205,1822.0,1.5153126e+12,0.42661907,32.0,473.0,0.11152142,0.0
4424,1.5153126e+12,0.00023207,0.00023664,0.00023207,0.00023637,2244.0,1.5153129e+12,0.52302286,33.0,83.0,0.01951527,0.0
4425,1.5153129e+12,0.00023302,0.00023602,0.00023302,0.000234,2483.0,1.5153132e+12,0.58251394,12.0,915.0,0.2159583,0.0
4426,1.5153132e+12,0.00023401,0.00023697,0.00023401,0.00023697,3374.0,1.5153135e+12,0.79783124,21.0,1644.0,0.3888036,0.0
4427,1.5153135e+12,0.00023881,0.00023898,0.00023011,0.00023843,8579.0,1.5153138e+12,2.04253367,36.0,5543.0,1.32424594,0.0
4428,1.5153138e+12,0.00023829,0.00023829,0.000235,0.000235,8755.0,1.5153141e+12,2.05908223,18.0,1726.0,0.40718954,0.0
4429,1.5153141e+12,0.00023501,0.0002374,0.00023501,0.00023504,2074.0,1.5153144e+12,0.48866962,19.0,1600.0,0.37715945,0.0
4430,1.5153144e+12,0.00023594,0.00023973,0.00023507,0.00023545,9310.0,1.5153147e+12,2.20513523,30.0,3888.0,0.92795345,0.0
4431,1.5153147e+12,0.00023558,0.000236,0.00023558,0.000236,1140.0,1.515315e+12,0.26897238,2.0,0.0,0.0,0.0
4432,1.515315e+12,0.00023601,0.00023601,0.00023601,0.00023601,375.0,1.5153153e+12,0.08850375,3.0,0.0,0.0,0.0
4433,1.5153153e+12,0.00023725,0.00023725,0.0002353,0.0002353,159.0,1.5153156e+12,0.03743365,7.0,11.0,0.00260925,0.0
4434,1.5153156e+12,0.0002353,0.00023772,0.0002353,0.00023772,2647.0,1.5153159e+12,0.62838401,9.0,2391.0,0.56814721,0.0
4435,1.5153159e+12,0.00023548,0.00023772,0.00023548,0.00023772,188.0,1.5153162e+12,0.04445133,6.0,79.0,0.01877988,0.0
4436,1.5153162e+12,0.00023772,0.00023772,0.00023772,0.00023772,92.0,1.5153165e+12,0.02187024,4.0,92.0,0.02187024,0.0
4437,1.5153165e+12,0.00023764,0.00023973,0.00023549,0.00023612,3298.0,1.5153168e+12,0.78359183,13.0,2849.0,0.6773182,0.0
4438,1.5153168e+12,0.00023705,0.00023705,0.00023705,0.00023705,36.0,1.5153171e+12,0.0085338,1.0,0.0,0.0,0.0
4439,1.5153171e+12,0.00023732,0.00023732,0.00023732,0.00023732,189.0,1.5153174e+12,0.04485348,2.0,0.0,0.0,0.0
4440,1.5153174e+12,0.0002397,0.0002397,0.00023756,0.00023756,578.0,1.5153177e+12,0.13781098,6.0,280.0,0.0669983,0.0
4441,1.5153177e+12,0.000238,0.000238,0.0002353,0.00023786,2715.0,1.515318e+12,0.64075199,16.0,429.0,0.10209306,0.0
4442,1.515318e+12,0.00023526,0.00023526,0.00023321,0.00023525,2821.0,1.5153183e+12,0.65852602,14.0,17.0,0.00399925,0.0
4443,1.5153183e+12,0.00023321,0.0002366,0.00023321,0.0002366,132.0,1.5153186e+12,0.03106291,7.0,106.0,0.0249523,0.0
4444,1.5153186e+12,0.00023526,0.00023526,0.00023301,0.00023301,1836.0,1.5153189e+12,0.42841649,18.0,510.0,0.11915684,0.0
4445,1.5153189e+12,0.00023288,0.00023301,0.0002315,0.0002328,2405.0,1.5153192e+12,0.55991847,25.0,1236.0,0.28774297,0.0
4446,1.5153192e+12,0.0002328,0.00023763,0.00023121,0.0002328,1966.0,1.5153195e+12,0.46068231,18.0,1007.0,0.2373293,0.0
4447,1.5153195e+12,0.00023286,0.00023287,0.00023286,0.00023287,531.0,1.5153198e+12,0.12365366,7.0,531.0,0.12365366,0.0
4448,1.5153198e+12,0.00023128,0.00023286,0.0002312,0.00023285,777.0,1.5153201e+12,0.17984084,12.0,91.0,0.02118964,0.0
4449,1.5153201e+12,0.00023072,0.0002311,0.00023,0.00023,2001.0,1.5153204e+12,0.46121618,26.0,85.0,0.019635,0.0
4450,1.5153204e+12,0.00023008,0.000231,0.00023,0.00023087,2207.0,1.5153207e+12,0.50874536,24.0,1347.0,0.31057314,0.0
4451,1.5153207e+12,0.00023,0.00023053,0.00023,0.00023,605.0,1.515321e+12,0.1392462,16.0,605.0,0.1392462,0.0
4452,1.515321e+12,0.00023,0.00023,0.00022784,0.00023,770.0,1.5153213e+12,0.17652447,17.0,542.0,0.12457467,0.0
4453,1.5153213e+12,0.00022999,0.0002328,0.00022999,0.0002328,835.0,1.5153216e+12,0.19260184,18.0,791.0,0.18245808,0.0
4454,1.5153216e+12,0.00023517,0.00023517,0.00022676,0.0002296,4649.0,1.5153219e+12,1.0735424,29.0,2019.0,0.46693577,0.0
4455,1.5153219e+12,0.0002296,0.0002296,0.00022671,0.00022673,4699.0,1.5153222e+12,1.06757597,36.0,724.0,0.16593404,0.0
4456,1.5153222e+12,0.0002267,0.00022867,0.00022601,0.00022766,765.0,1.5153225e+12,0.17355591,14.0,257.0,0.05870208,0.0
4457,1.5153225e+12,0.00022605,0.00022762,0.00022133,0.00022286,2205.0,1.5153228e+12,0.49339364,28.0,1621.0,0.3631545,0.0
4458,1.5153228e+12,0.00022284,0.0002272,0.00022144,0.00022451,2837.0,1.5153231e+12,0.63547924,45.0,1236.0,0.27655771,0.0
4459,1.5153231e+12,0.00022451,0.00022718,0.00022442,0.00022718,484.0,1.5153234e+12,0.10895906,10.0,484.0,0.10895906,0.0
4460,1.5153234e+12,0.00022666,0.00022715,0.00022288,0.00022712,2979.0,1.5153237e+12,0.66514868,13.0,1242.0,0.27761601,0.0
4461,1.5153237e+12,0.00022712,0.00022712,0.00022406,0.0002271,656.0,1.515324e+12,0.14895524,19.0,647.0,0.1469387,0.0
4462,1.515324e+12,0.0002271,0.00022713,0.00022289,0.0002271,6222.0,1.5153243e+12,1.39588681,37.0,1222.0,0.27752591,0.0
4463,1.5153243e+12,0.0002271,0.0002271,0.00022315,0.00022321,994.0,1.5153246e+12,0.2225485,12.0,196.0,0.04444951,0.0
4464,1.5153246e+12,0.00022321,0.0002268,0.00022289,0.00022602,2452.0,1.5153249e+12,0.54797231,15.0,394.0,0.08888214,0.0
4465,1.5153249e+12,0.00022609,0.00022609,0.000224,0.000224,594.0,1.5153252e+12,0.13346872,7.0,206.0,0.04655583,0.0
4466,1.5153252e+12,0.00022314,0.00022589,0.00022295,0.00022297,1530.0,1.5153255e+12,0.34235054,23.0,198.0,0.04462404,0.0
4467,1.5153255e+12,0.00022315,0.00022488,0.00022289,0.00022473,2263.0,1.5153258e+12,0.50512692,20.0,298.0,0.06697594,0.0
4468,1.5153258e+12,0.00022475,0.0002248,0.00022475,0.00022479,1715.0,1.5153261e+12,0.38547553,17.0,1506.0,0.33849452,0.0
4469,1.5153261e+12,0.00022479,0.00022585,0.00022141,0.00022585,2636.0,1.5153264e+12,0.58990503,28.0,1173.0,0.26395832,0.0
4470,1.5153264e+12,0.00022585,0.00022979,0.000225,0.00022533,2107.0,1.5153267e+12,0.47551342,25.0,733.0,0.16574092,0.0
4471,1.5153267e+12,0.00022953,0.00022953,0.00022613,0.00022613,57.0,1.515327e+12,0.01293361,2.0,13.0,0.00298389,0.0
4472,1.515327e+12,0.00022836,0.00022965,0.00022613,0.00022965,5526.0,1.5153273e+12,1.25255204,32.0,3299.0,0.74833665,0.0
4473,1.5153273e+12,0.00022653,0.00022965,0.00022615,0.0002279,1551.0,1.5153276e+12,0.35341668,16.0,1168.0,0.26669715,0.0
4474,1.5153276e+12,0.0002279,0.00023,0.00022705,0.00022772,4825.0,1.5153279e+12,1.10662601,14.0,4796.0,1.1000295,0.0
4475,1.5153279e+12,0.00022997,0.00022997,0.00022779,0.00022779,110.0,1.5153282e+12,0.0251659,4.0,50.0,0.0114985,0.0
4476,1.5153282e+12,0.00022997,0.00022997,0.00022676,0.00022713,3786.0,1.5153285e+12,0.86250335,25.0,896.0,0.204998,0.0
4477,1.5153285e+12,0.0002277,0.00022887,0.00022629,0.00022629,5113.0,1.5153288e+12,1.16360892,29.0,2213.0,0.50493827,0.0
4478,1.5153288e+12,0.00022799,0.00022799,0.00022629,0.00022738,1817.0,1.5153291e+12,0.41294181,23.0,1497.0,0.34049017,0.0
4479,1.5153291e+12,0.00022654,0.00022963,0.00022654,0.000229,1571.0,1.5153294e+12,0.35673734,16.0,354.0,0.08081024,0.0
4480,1.5153294e+12,0.00022896,0.000229,0.0002268,0.0002289,2300.0,1.5153297e+12,0.52610053,19.0,1932.0,0.44217934,0.0
4481,1.5153297e+12,0.0002299,0.0002299,0.00022729,0.00022731,4798.0,1.51533e+12,1.09290805,21.0,961.0,0.21983348,0.0
4482,1.51533e+12,0.00022721,0.00022721,0.0002266,0.0002266,1126.0,1.5153303e+12,0.25519008,14.0,99.0,0.02246668,0.0
4483,1.5153303e+12,0.0002266,0.00022661,0.0002263,0.00022634,792.0,1.5153306e+12,0.17936597,15.0,82.0,0.01858202,0.0
4484,1.5153306e+12,0.0002266,0.00022856,0.0002263,0.00022659,1693.0,1.5153309e+12,0.38361983,18.0,308.0,0.07001481,0.0
4485,1.5153309e+12,0.00022631,0.00022631,0.00022535,0.00022626,8471.0,1.5153312e+12,1.9155547,45.0,278.0,0.06290266,0.0
4486,1.5153312e+12,0.00022626,0.0002266,0.00022626,0.00022626,1842.0,1.5153315e+12,0.41677704,7.0,18.0,0.0040788,0.0
4487,1.5153315e+12,0.0002266,0.00022819,0.00022626,0.00022626,2342.0,1.5153318e+12,0.52996905,11.0,38.0,0.00866009,0.0
4488,1.5153318e+12,0.00022626,0.00022819,0.00022626,0.00022629,2217.0,1.5153321e+12,0.50375974,12.0,1056.0,0.2409426,0.0
4489,1.5153321e+12,0.000227,0.00022705,0.000227,0.00022705,177.0,1.5153324e+12,0.04017975,4.0,100.0,0.02270075,0.0
4490,1.5153324e+12,0.00022705,0.0002275,0.00022626,0.00022671,3373.0,1.5153327e+12,0.76632842,28.0,1602.0,0.36384258,0.0
4491,1.5153327e+12,0.00022793,0.00023,0.00022672,0.00022678,4657.0,1.515333e+12,1.06003215,23.0,803.0,0.18399539,0.0
4492,1.515333e+12,0.0002273,0.00022876,0.0002273,0.00022876,3660.0,1.5153333e+12,0.83512342,12.0,1114.0,0.25427437,0.0
4493,1.5153333e+12,0.00022903,0.00023512,0.00022903,0.0002313,4399.0,1.5153336e+12,1.02063963,35.0,2176.0,0.50604244,0.0
4494,1.5153336e+12,0.0002313,0.00023133,0.00022748,0.00022995,2830.0,1.5153339e+12,0.65130645,37.0,1651.0,0.37971374,0.0
4495,1.5153339e+12,0.00022757,0.00022775,0.00022732,0.00022732,2589.0,1.5153342e+12,0.58951266,12.0,437.0,0.09949566,0.0
4496,1.5153342e+12,0.00022756,0.00022757,0.000227,0.00022757,18889.0,1.5153345e+12,4.29819503,17.0,18269.0,4.15733265,0.0
4497,1.5153345e+12,0.0002276,0.00022986,0.00022626,0.00022757,2159.0,1.5153348e+12,0.49150715,11.0,335.0,0.0765495,0.0
4498,1.5153348e+12,0.00022984,0.00022984,0.00022556,0.00022585,2729.0,1.5153351e+12,0.61795147,39.0,1381.0,0.3133773,0.0
4499,1.5153351e+12,0.00022963,0.00022964,0.00022556,0.00022757,2866.0,1.5153354e+12,0.64875719,16.0,164.0,0.03763653,0.0
4500,1.5153354e+12,0.00022558,0.00022787,0.00022537,0.00022537,4210.0,1.5153357e+12,0.9519257,27.0,635.0,0.14458895,0.0
4501,1.5153357e+12,0.00022546,0.00022757,0.00022533,0.000227,11128.0,1.515336e+12,2.51455779,34.0,1766.0,0.40055687,0.0
4502,1.515336e+12,0.00022534,0.00022534,0.00022501,0.00022524,1623.0,1.5153363e+12,0.36547651,10.0,4.0,0.00090004,0.0
4503,1.5153363e+12,0.00022542,0.00022947,0.00022541,0.00022601,3063.0,1.5153366e+12,0.69313828,12.0,373.0,0.08559181,0.0
4504,1.5153366e+12,0.00022605,0.00022606,0.00022605,0.00022606,233.0,1.5153369e+12,0.05267098,3.0,0.0,0.0,0.0
4505,1.5153369e+12,0.0002282,0.00022825,0.00022606,0.00022606,1828.0,1.5153372e+12,0.41513436,15.0,898.0,0.20489856,0.0
4506,1.5153372e+12,0.00022607,0.00022816,0.00022604,0.00022604,937.0,1.5153375e+12,0.21211502,13.0,157.0,0.03578114,0.0
4507,1.5153375e+12,0.00022607,0.00022703,0.00022604,0.0002261,3165.0,1.5153378e+12,0.71736214,17.0,2186.0,0.49603157,0.0
4508,1.5153378e+12,0.0002261,0.0002262,0.00022605,0.00022606,4829.0,1.5153381e+12,1.09167125,16.0,3770.0,0.85224102,0.0
4509,1.5153381e+12,0.00022607,0.00022607,0.00022551,0.000226,2228.0,1.5153384e+12,0.50355736,9.0,948.0,0.21428592,0.0
4510,1.5153384e+12,0.000226,0.00022996,0.000226,0.00022996,2350.0,1.5153387e+12,0.53579509,24.0,245.0,0.05568221,0.0
4511,1.5153387e+12,0.00022996,0.00023,0.00022694,0.000227,4500.0,1.515339e+12,1.03083622,37.0,1676.0,0.38537889,0.0
4512,1.515339e+12,0.00022955,0.00022955,0.00022712,0.000228,2844.0,1.5153393e+12,0.65169493,22.0,1576.0,0.36144957,0.0
4513,1.5153393e+12,0.000228,0.00022925,0.00022771,0.00022771,520.0,1.5153396e+12,0.11864347,7.0,148.0,0.033929,0.0
4514,1.5153396e+12,0.00022771,0.00022923,0.00022754,0.00022754,2862.0,1.5153399e+12,0.65168741,10.0,1521.0,0.34653545,0.0
4515,1.5153399e+12,0.00022757,0.00022897,0.00022739,0.00022739,1951.0,1.5153402e+12,0.44509289,10.0,783.0,0.17928351,0.0
4516,1.5153402e+12,0.00022739,0.00022854,0.00022698,0.000227,1889.0,1.5153405e+12,0.42930865,18.0,148.0,0.03379452,0.0
4517,1.5153405e+12,0.00022698,0.00022865,0.00022698,0.00022698,1694.0,1.5153408e+12,0.38479964,19.0,1402.0,0.31851592,0.0
4518,1.5153408e+12,0.00022705,0.0002294,0.00022705,0.00022882,967.0,1.5153411e+12,0.22111184,20.0,284.0,0.06501622,0.0
4519,1.5153411e+12,0.00022882,0.00022887,0.00022772,0.00022772,2413.0,1.5153414e+12,0.55220968,14.0,2409.0,0.5512988,0.0
4520,1.5153414e+12,0.00023,0.00023,0.0002285,0.00022851,177.0,1.5153417e+12,0.04065513,7.0,143.0,0.03288592,0.0
4521,1.5153417e+12,0.00022871,0.00022993,0.00022781,0.00022964,3851.0,1.515342e+12,0.88250022,24.0,3044.0,0.6980347,0.0
4522,1.515342e+12,0.00022959,0.00023,0.00022819,0.00022847,5463.0,1.5153423e+12,1.25054609,33.0,3515.0,0.80569613,0.0
4523,1.5153423e+12,0.00022886,0.00022886,0.000228,0.00022821,2288.0,1.5153426e+12,0.52267736,27.0,427.0,0.09756745,0.0
4524,1.5153426e+12,0.00022858,0.00022889,0.00022824,0.00022845,2075.0,1.5153429e+12,0.47445259,14.0,1501.0,0.34339523,0.0
4525,1.5153429e+12,0.00022846,0.00022857,0.00022603,0.00022853,5107.0,1.5153432e+12,1.16244961,37.0,240.0,0.05481646,0.0
4526,1.5153432e+12,0.00022852,0.00022911,0.00022721,0.00022898,7698.0,1.5153435e+12,1.76026387,35.0,4784.0,1.09393718,0.0
4527,1.5153435e+12,0.00022898,0.00022944,0.00022886,0.00022944,1877.0,1.5153438e+12,0.42971443,14.0,1086.0,0.24864825,0.0
4528,1.5153438e+12,0.00022942,0.00023069,0.00022885,0.00022886,1614.0,1.5153441e+12,0.36991217,39.0,550.0,0.12623924,0.0
4529,1.5153441e+12,0.00022886,0.000233,0.00022886,0.00023258,5028.0,1.5153444e+12,1.16767347,58.0,3706.0,0.86203984,0.0
4530,1.5153444e+12,0.00023184,0.00023184,0.000226,0.00023019,4612.0,1.5153447e+12,1.0562472,26.0,639.0,0.14616245,0.0
4531,1.5153447e+12,0.00023014,0.00023014,0.00022846,0.0002286,3110.0,1.515345e+12,0.7106021,26.0,728.0,0.16638752,0.0
4532,1.515345e+12,0.00023023,0.00023193,0.00022846,0.000229,7595.0,1.5153453e+12,1.74873443,43.0,3238.0,0.74593285,0.0
4533,1.5153453e+12,0.00023193,0.00023295,0.00022648,0.00022658,3078.0,1.5153456e+12,0.70950342,25.0,1261.0,0.29254942,0.0
4534,1.5153456e+12,0.00022741,0.00022774,0.00022741,0.00022774,1552.0,1.5153459e+12,0.35328604,18.0,975.0,0.22193041,0.0
4535,1.5153459e+12,0.00022774,0.00022992,0.00022774,0.00022813,2667.0,1.5153462e+12,0.61133944,23.0,1235.0,0.28287356,0.0
4536,1.5153462e+12,0.000228,0.000229,0.00022772,0.000228,16743.0,1.5153465e+12,3.83233613,29.0,15032.0,3.44219479,0.0
4537,1.5153465e+12,0.000228,0.00022897,0.000228,0.0002289,1189.0,1.5153468e+12,0.27190238,22.0,1137.0,0.25999967,0.0
4538,1.5153468e+12,0.000229,0.00022901,0.00022883,0.00022901,6193.0,1.5153471e+12,1.41808787,23.0,4957.0,1.13514325,0.0
4539,1.5153471e+12,0.0002292,0.00023515,0.0002292,0.00023003,7753.0,1.5153474e+12,1.80065747,64.0,2673.0,0.62309163,0.0
4540,1.5153474e+12,0.0002305,0.00023281,0.0002305,0.00023124,3118.0,1.5153477e+12,0.72254888,30.0,552.0,0.12770412,0.0
4541,1.5153477e+12,0.00023057,0.00023057,0.00022891,0.00022999,4530.0,1.515348e+12,1.03892599,31.0,905.0,0.20741937,0.0
4542,1.515348e+12,0.00022968,0.00022999,0.00022648,0.0002265,7091.0,1.5153483e+12,1.618918,51.0,571.0,0.13014811,0.0
4543,1.5153483e+12,0.0002265,0.00022762,0.000226,0.000226,2409.0,1.5153486e+12,0.54553314,34.0,1175.0,0.26614154,0.0
4544,1.5153486e+12,0.000226,0.000226,0.00022304,0.00022304,8601.0,1.5153489e+12,1.92966236,29.0,757.0,0.17089571,0.0
4545,1.5153489e+12,0.00022507,0.00022507,0.00022141,0.00022152,6512.0,1.5153492e+12,1.44622622,41.0,2278.0,0.5052157,0.0
4546,1.5153492e+12,0.00022147,0.00023285,0.00022143,0.00022848,19738.0,1.5153495e+12,4.44203705,51.0,18657.0,4.19712941,0.0
4547,1.5153495e+12,0.00022848,0.00022849,0.00022614,0.00022781,2902.0,1.5153498e+12,0.6618173,37.0,1424.0,0.32460405,0.0
4548,1.5153498e+12,0.00022806,0.00022833,0.00022781,0.00022806,1616.0,1.5153501e+12,0.36844919,19.0,618.0,0.14098671,0.0
4549,1.5153501e+12,0.00022793,0.00022793,0.00022648,0.0002268,2154.0,1.5153504e+12,0.48944147,24.0,486.0,0.1104736,0.0
4550,1.5153504e+12,0.00022715,0.00022715,0.00022528,0.00022528,1498.0,1.5153507e+12,0.3389039,16.0,323.0,0.07300604,0.0
4551,1.5153507e+12,0.00022494,0.00022527,0.00022465,0.00022493,1225.0,1.515351e+12,0.27530679,18.0,742.0,0.16675009,0.0
4552,1.515351e+12,0.00022465,0.00022495,0.00022464,0.00022495,1683.0,1.5153513e+12,0.37832934,18.0,236.0,0.05307537,0.0
4553,1.5153513e+12,0.00022464,0.00022464,0.00022226,0.00022384,1887.0,1.5153516e+12,0.42240829,25.0,898.0,0.20066642,0.0
4554,1.5153516e+12,0.00022456,0.00022456,0.0002225,0.00022428,510.0,1.5153519e+12,0.11417004,17.0,445.0,0.09962047,0.0
4555,1.5153519e+12,0.00022428,0.00022887,0.00022413,0.00022467,4617.0,1.5153522e+12,1.04241215,28.0,2294.0,0.51953794,0.0
4556,1.5153522e+12,0.00022508,0.00023351,0.00022155,0.00022603,6322.0,1.5153525e+12,1.43669078,34.0,4107.0,0.94176835,0.0
4557,1.5153525e+12,0.00022608,0.00022646,0.00022553,0.00022553,1134.0,1.5153528e+12,0.25642044,19.0,179.0,0.04049936,0.0
4558,1.5153528e+12,0.00022634,0.0002271,0.00022211,0.00022251,1997.0,1.5153531e+12,0.44662947,29.0,891.0,0.19853985,0.0
4559,1.5153531e+12,0.00022252,0.00022732,0.00022252,0.00022508,2075.0,1.5153534e+12,0.4651266,26.0,860.0,0.19219379,0.0
4560,1.5153534e+12,0.00022504,0.00022504,0.0002226,0.00022504,1872.0,1.5153537e+12,0.41801782,20.0,1016.0,0.22707054,0.0
4561,1.5153537e+12,0.00022444,0.00022504,0.00022444,0.0002245,866.0,1.515354e+12,0.19457567,19.0,537.0,0.12066809,0.0
4562,1.515354e+12,0.00022375,0.00022575,0.00022306,0.00022575,1091.0,1.5153543e+12,0.24461685,18.0,688.0,0.15433007,0.0
4563,1.5153543e+12,0.00022593,0.00022952,0.00022593,0.00022877,3612.0,1.5153546e+12,0.82561113,35.0,1569.0,0.35838006,0.0
4564,1.5153546e+12,0.00022897,0.00022952,0.00022877,0.00022952,633.0,1.5153549e+12,0.14499165,16.0,257.0,0.0589347,0.0
4565,1.5153549e+12,0.00023044,0.00023333,0.00022879,0.00022883,5220.0,1.5153552e+12,1.21067662,78.0,3296.0,0.76643948,0.0
4566,1.5153552e+12,0.00022883,0.00023154,0.00022883,0.0002297,1064.0,1.5153555e+12,0.2443689,20.0,518.0,0.11920527,0.0
4567,1.5153555e+12,0.0002303,0.00023054,0.00022877,0.00023013,3514.0,1.5153558e+12,0.8081056,30.0,2391.0,0.55068854,0.0
4568,1.5153558e+12,0.00023179,0.000235,0.00023013,0.000235,5514.0,1.5153561e+12,1.28575612,46.0,2969.0,0.69169366,0.0
4569,1.5153561e+12,0.00023511,0.00024256,0.00023106,0.00024246,8062.0,1.5153564e+12,1.92139818,111.0,5184.0,1.24195761,0.0
4570,1.5153564e+12,0.00023881,0.00025106,0.00023881,0.00025002,12313.0,1.5153567e+12,3.02331123,109.0,8059.0,1.98508063,0.0
4571,1.5153567e+12,0.00025099,0.000252,0.00024218,0.00024348,8731.0,1.515357e+12,2.14592148,94.0,3052.0,0.75988951,0.0
4572,1.515357e+12,0.00024328,0.000251,0.00024314,0.00024896,20778.0,1.5153573e+12,5.10911528,60.0,2847.0,0.70185875,0.0
4573,1.5153573e+12,0.00024675,0.00024749,0.0002424,0.00024749,5706.0,1.5153576e+12,1.39648692,40.0,1005.0,0.24641794,0.0
4574,1.5153576e+12,0.00024525,0.00024743,0.00024525,0.00024732,1634.0,1.5153579e+12,0.40392439,16.0,982.0,0.24283491,0.0
4575,1.5153579e+12,0.00024733,0.000253,0.00024733,0.0002525,4327.0,1.5153582e+12,1.08801382,38.0,3719.0,0.93580723,0.0
4576,1.5153582e+12,0.000253,0.00025312,0.00025001,0.00025072,6617.0,1.5153585e+12,1.66949052,58.0,4346.0,1.09842533,0.0
4577,1.5153585e+12,0.00025089,0.000255,0.00025089,0.0002538,10341.0,1.5153588e+12,2.62067637,108.0,3335.0,0.84504008,0.0
4578,1.5153588e+12,0.00025318,0.00025569,0.00025285,0.00025361,10508.0,1.5153591e+12,2.67324885,72.0,3731.0,0.9496129,0.0
4579,1.5153591e+12,0.00025421,0.00025422,0.00025074,0.00025245,3220.0,1.5153594e+12,0.81335297,42.0,377.0,0.09522375,0.0
4580,1.5153594e+12,0.00025297,0.00025344,0.000245,0.00024806,6176.0,1.5153597e+12,1.54157268,47.0,1202.0,0.30010997,0.0
4581,1.5153597e+12,0.00024807,0.00025459,0.00024806,0.00025218,3942.0,1.51536e+12,0.99929043,48.0,1770.0,0.44914428,0.0
4582,1.51536e+12,0.00025026,0.0002543,0.00025026,0.00025044,2031.0,1.5153603e+12,0.51267653,26.0,954.0,0.24168274,0.0
4583,1.5153603e+12,0.00025044,0.00025085,0.000247,0.00024959,4977.0,1.5153606e+12,1.23888693,33.0,1177.0,0.29280189,0.0
4584,1.5153606e+12,0.00024956,0.000253,0.00024795,0.00025273,3609.0,1.5153609e+12,0.90512905,35.0,1874.0,0.46844002,0.0
4585,1.5153609e+12,0.00025271,0.00025324,0.00025,0.00025003,2597.0,1.5153612e+12,0.65409257,23.0,292.0,0.07376729,0.0
4586,1.5153612e+12,0.00025003,0.00025134,0.000247,0.00025051,2523.0,1.5153615e+12,0.62880314,31.0,1213.0,0.3032067,0.0
4587,1.5153615e+12,0.00025047,0.00025098,0.00025,0.00025098,537.0,1.5153618e+12,0.13465642,12.0,276.0,0.06925875,0.0
4588,1.5153618e+12,0.00025099,0.000252,0.00025099,0.000252,956.0,1.5153621e+12,0.24083024,11.0,956.0,0.24083024,0.0
4589,1.5153621e+12,0.000252,0.000252,0.00025103,0.00025103,879.0,1.5153624e+12,0.22149636,5.0,510.0,0.12852,0.0
4590,1.5153624e+12,0.000252,0.000253,0.000252,0.000253,1629.0,1.5153627e+12,0.41068388,12.0,751.0,0.18942788,0.0
4591,1.5153627e+12,0.000253,0.00025499,0.000253,0.00025324,1816.0,1.515363e+12,0.46054181,27.0,721.0,0.18323089,0.0
4592,1.515363e+12,0.00025322,0.00025322,0.000248,0.000248,1178.0,1.5153633e+12,0.29342434,16.0,692.0,0.17261603,0.0
4593,1.5153633e+12,0.000248,0.00024899,0.00024273,0.00024809,5338.0,1.5153636e+12,1.30556606,28.0,1352.0,0.33013741,0.0
4594,1.5153636e+12,0.00024478,0.00024736,0.00024273,0.00024693,1961.0,1.5153639e+12,0.48284583,14.0,1609.0,0.39653903,0.0
4595,1.5153639e+12,0.00024694,0.00024694,0.00024287,0.00024291,2178.0,1.5153642e+12,0.53738287,17.0,405.0,0.09984572,0.0
4596,1.5153642e+12,0.00024298,0.00024597,0.00024298,0.00024318,1064.0,1.5153645e+12,0.2603453,15.0,621.0,0.15268157,0.0
4597,1.5153645e+12,0.00024371,0.00024648,0.0002431,0.00024634,1359.0,1.5153648e+12,0.33244068,11.0,618.0,0.15210296,0.0
4598,1.5153648e+12,0.00024318,0.00024648,0.00024318,0.00024648,958.0,1.5153651e+12,0.23490776,13.0,702.0,0.1724105,0.0
4599,1.5153651e+12,0.00024501,0.00024501,0.00024302,0.00024302,413.0,1.5153654e+12,0.10076497,6.0,105.0,0.0257169,0.0
4600,1.5153654e+12,0.00024301,0.00024501,0.000243,0.00024332,1864.0,1.5153657e+12,0.45384386,19.0,1185.0,0.28858049,0.0
4601,1.5153657e+12,0.00024332,0.00024332,0.00024001,0.00024001,1643.0,1.515366e+12,0.39554926,16.0,0.0,0.0,0.0
4602,1.515366e+12,0.00024001,0.00024001,0.00023501,0.00023739,1403.0,1.5153663e+12,0.33475941,20.0,106.0,0.0252002,0.0
4603,1.5153663e+12,0.00023536,0.00023728,0.00023521,0.00023541,1830.0,1.5153666e+12,0.43156956,23.0,1086.0,0.25645988,0.0
4604,1.5153666e+12,0.00023599,0.00023599,0.0002353,0.0002354,688.0,1.5153669e+12,0.16192351,7.0,39.0,0.00920361,0.0
4605,1.5153669e+12,0.00023539,0.00023696,0.00023531,0.0002359,1219.0,1.5153672e+12,0.28786472,14.0,850.0,0.20102444,0.0
4606,1.5153672e+12,0.000236,0.00023699,0.0002359,0.00023699,2341.0,1.5153675e+12,0.55276952,14.0,2259.0,0.53342572,0.0
4607,1.5153675e+12,0.00023699,0.000237,0.00023603,0.000237,3202.0,1.5153678e+12,0.75853741,16.0,2856.0,0.67687026,0.0
4608,1.5153678e+12,0.000237,0.00024153,0.000237,0.00024152,3100.0,1.5153681e+12,0.73994861,21.0,2496.0,0.59588669,0.0
4609,1.5153681e+12,0.00024152,0.00024153,0.00023937,0.0002397,504.0,1.5153684e+12,0.12130646,10.0,278.0,0.06713789,0.0
4610,1.5153684e+12,0.00024121,0.00024121,0.00023962,0.00023968,1025.0,1.5153687e+12,0.24583606,12.0,189.0,0.04549771,0.0
4611,1.5153687e+12,0.00023967,0.000245,0.00023966,0.000245,718.0,1.515369e+12,0.17325459,11.0,639.0,0.15389959,0.0
4612,1.515369e+12,0.00024011,0.00024475,0.00024011,0.00024367,1120.0,1.5153693e+12,0.26968457,11.0,149.0,0.0362159,0.0
4613,1.5153693e+12,0.00024352,0.00024352,0.0002429,0.0002429,784.0,1.5153696e+12,0.19045846,5.0,784.0,0.19045846,0.0
4614,1.5153696e+12,0.0002414,0.000245,0.0002414,0.00024263,1488.0,1.5153699e+12,0.36276329,13.0,729.0,0.17857192,0.0
4615,1.5153699e+12,0.00024488,0.000245,0.00024262,0.000245,551.0,1.5153702e+12,0.13447138,10.0,340.0,0.08327422,0.0
4616,1.5153702e+12,0.00024489,0.00024726,0.00024488,0.00024488,1622.0,1.5153705e+12,0.39973783,36.0,875.0,0.21595626,0.0
4617,1.5153705e+12,0.00024723,0.00024723,0.0002422,0.0002422,4228.0,1.5153708e+12,1.03394702,21.0,292.0,0.071737,0.0
4618,1.5153708e+12,0.000242,0.000242,0.00023378,0.00023555,4365.0,1.5153711e+12,1.03381175,43.0,134.0,0.03158654,0.0
4619,1.5153711e+12,0.00023557,0.0002356,0.00022647,0.000232,12083.0,1.5153714e+12,2.76375206,63.0,7686.0,1.75960142,0.0
4620,1.5153714e+12,0.00022701,0.0002327,0.00022502,0.00023219,9215.0,1.5153717e+12,2.10561886,58.0,3843.0,0.88746841,0.0
4621,1.5153717e+12,0.00023218,0.00023218,0.00022751,0.00023175,1686.0,1.515372e+12,0.38969783,15.0,1233.0,0.28599407,0.0
4622,1.515372e+12,0.00023175,0.00023175,0.00023,0.00023145,314.0,1.5153723e+12,0.07254774,12.0,205.0,0.04746994,0.0
4623,1.5153723e+12,0.00023143,0.00023323,0.00023011,0.00023066,2171.0,1.5153726e+12,0.50263963,25.0,1760.0,0.4075627,0.0
4624,1.5153726e+12,0.0002326,0.00023561,0.0002309,0.00023119,2364.0,1.5153729e+12,0.54777554,18.0,526.0,0.12254838,0.0
4625,1.5153729e+12,0.00023123,0.00023435,0.00023122,0.00023383,2607.0,1.5153732e+12,0.60581806,22.0,1332.0,0.31092393,0.0
4626,1.5153732e+12,0.00023182,0.0002349,0.00023135,0.00023135,4866.0,1.5153735e+12,1.13324299,66.0,3466.0,0.8085976,0.0
4627,1.5153735e+12,0.0002309,0.00023561,0.0002255,0.00023561,5838.0,1.5153738e+12,1.33691104,58.0,3293.0,0.753824,0.0
4628,1.5153738e+12,0.0002356,0.00023618,0.00023,0.0002315,5003.0,1.5153741e+12,1.15960668,37.0,448.0,0.10424323,0.0
4629,1.5153741e+12,0.0002315,0.0002315,0.0002312,0.0002312,872.0,1.5153744e+12,0.20179663,13.0,872.0,0.20179663,0.0
4630,1.5153744e+12,0.00023119,0.00023119,0.00023,0.0002311,159.0,1.5153747e+12,0.0367258,10.0,133.0,0.0307458,0.0
4631,1.5153747e+12,0.000231,0.0002311,0.000231,0.000231,144.0,1.515375e+12,0.03327244,7.0,144.0,0.03327244,0.0
4632,1.515375e+12,0.00023099,0.00023118,0.0002296,0.00023117,4424.0,1.5153753e+12,1.01988791,30.0,2600.0,0.60051004,0.0
4633,1.5153753e+12,0.00023117,0.00023119,0.00022956,0.00022956,2803.0,1.5153756e+12,0.64627691,17.0,1635.0,0.37796464,0.0
4634,1.5153756e+12,0.00022959,0.00023104,0.00022687,0.0002296,702.0,1.5153759e+12,0.1603196,13.0,250.0,0.05760186,0.0
4635,1.5153759e+12,0.00022951,0.00023297,0.000225,0.00022503,4196.0,1.5153762e+12,0.95214959,33.0,755.0,0.17238324,0.0
4636,1.5153762e+12,0.00022783,0.00023026,0.00022783,0.00023026,347.0,1.5153765e+12,0.07907888,2.0,9.0,0.00207234,0.0
4637,1.5153765e+12,0.00023026,0.00023026,0.00022854,0.0002288,6200.0,1.5153768e+12,1.42210901,33.0,2929.0,0.6738335,0.0
4638,1.5153768e+12,0.00022997,0.00023008,0.00022881,0.00022958,2342.0,1.5153771e+12,0.53634992,27.0,437.0,0.10045617,0.0
4639,1.5153771e+12,0.00022951,0.00023008,0.00022881,0.00022984,1957.0,1.5153774e+12,0.44819872,14.0,609.0,0.13975793,0.0
4640,1.5153774e+12,0.00022974,0.00022974,0.00022778,0.00022778,1542.0,1.5153777e+12,0.3527972,14.0,361.0,0.08267147,0.0
4641,1.5153777e+12,0.0002287,0.00022889,0.00022406,0.00022889,1941.0,1.515378e+12,0.4424017,12.0,1621.0,0.370497,0.0
4642,1.515378e+12,0.00022889,0.00023618,0.00022889,0.00023618,4623.0,1.5153783e+12,1.07197744,42.0,3934.0,0.9118836,0.0
4643,1.5153783e+12,0.00023618,0.00023618,0.00023295,0.00023617,2528.0,1.5153786e+12,0.59395618,48.0,1399.0,0.33023165,0.0
4644,1.5153786e+12,0.00023617,0.00023702,0.00023302,0.00023702,4076.0,1.5153789e+12,0.96277392,48.0,2804.0,0.66285486,0.0
4645,1.5153789e+12,0.0002373,0.00024,0.00023469,0.00024,2163.0,1.5153792e+12,0.51524979,33.0,1270.0,0.3039716,0.0
4646,1.5153792e+12,0.00024,0.00024559,0.00023568,0.00023853,4022.0,1.5153795e+12,0.96247985,58.0,1847.0,0.44568554,0.0
4647,1.5153795e+12,0.00023871,0.00024544,0.00023853,0.00024544,3036.0,1.5153798e+12,0.72742924,41.0,1147.0,0.27559387,0.0
4648,1.5153798e+12,0.00024544,0.00024806,0.0002371,0.00024311,3649.0,1.5153801e+12,0.89331503,38.0,2269.0,0.55715122,0.0
4649,1.5153801e+12,0.00024539,0.00025,0.00023774,0.00023774,5843.0,1.5153804e+12,1.45510239,25.0,4749.0,1.18480785,0.0
4650,1.5153804e+12,0.00023951,0.00024185,0.00023951,0.00024055,379.0,1.5153807e+12,0.09133627,8.0,210.0,0.05078756,0.0
4651,1.5153807e+12,0.000241,0.00024279,0.000241,0.00024108,52.0,1.515381e+12,0.01254613,3.0,7.0,0.00169953,0.0
4652,1.515381e+12,0.00024111,0.00024111,0.000241,0.000241,101.0,1.5153813e+12,0.02434432,4.0,0.0,0.0,0.0
4653,1.5153813e+12,0.000241,0.00024299,0.000241,0.00024128,2705.0,1.5153816e+12,0.65255278,21.0,1403.0,0.33859804,0.0
4654,1.5153816e+12,0.00024129,0.00024279,0.00024128,0.00024164,2636.0,1.5153819e+12,0.63686164,15.0,332.0,0.08058828,0.0
4655,1.5153819e+12,0.00024101,0.00024235,0.00024101,0.00024118,1476.0,1.5153822e+12,0.35600741,17.0,676.0,0.16317351,0.0
4656,1.5153822e+12,0.00024117,0.00024654,0.00024104,0.00024256,3428.0,1.5153825e+12,0.8319376,28.0,3174.0,0.77060436,0.0
4657,1.5153825e+12,0.00024637,0.000249,0.000242,0.000242,3910.0,1.5153828e+12,0.95928523,48.0,947.0,0.23243856,0.0
4658,1.5153828e+12,0.000242,0.000243,0.00024105,0.00024111,1442.0,1.5153831e+12,0.34824542,19.0,289.0,0.07011572,0.0
4659,1.5153831e+12,0.00024362,0.00024362,0.00023802,0.00023802,17885.0,1.5153834e+12,4.31050354,13.0,14.0,0.00341068,0.0
4660,1.5153834e+12,0.00023804,0.00024354,0.00023767,0.00024354,3044.0,1.5153837e+12,0.7248217,22.0,178.0,0.0427202,0.0
4661,1.5153837e+12,0.00024324,0.00024324,0.00023771,0.00023771,2106.0,1.515384e+12,0.50081471,12.0,904.0,0.21507756,0.0
4662,1.515384e+12,0.00023772,0.00023781,0.00023424,0.00023424,2546.0,1.5153843e+12,0.6026878,13.0,67.0,0.01593327,0.0
4663,1.5153843e+12,0.00023196,0.00023592,0.00023195,0.00023379,1867.0,1.5153846e+12,0.434668,16.0,500.0,0.11757278,0.0
4664,1.5153846e+12,0.00023026,0.00023336,0.000223,0.00023049,16972.0,1.5153849e+12,3.86062446,62.0,1771.0,0.40422651,0.0
4665,1.5153849e+12,0.00022996,0.00022996,0.0002233,0.00022759,2929.0,1.5153852e+12,0.66454978,24.0,1821.0,0.41394963,0.0
4666,1.5153852e+12,0.00022759,0.00022895,0.000227,0.00022895,1673.0,1.5153855e+12,0.38105697,19.0,1663.0,0.37877897,0.0
4667,1.5153855e+12,0.00022895,0.0002305,0.00022861,0.00022895,4526.0,1.5153858e+12,1.03951966,28.0,1533.0,0.35262798,0.0
4668,1.5153858e+12,0.00022895,0.00023049,0.0002278,0.0002278,1386.0,1.5153861e+12,0.31721931,18.0,739.0,0.16940833,0.0
4669,1.5153861e+12,0.00022857,0.00022857,0.00022305,0.00022394,780.0,1.5153864e+12,0.17613908,12.0,189.0,0.04319973,0.0
4670,1.5153864e+12,0.00022397,0.00022764,0.0002233,0.0002233,9746.0,1.5153867e+12,2.18382273,61.0,5302.0,1.18845365,0.0
4671,1.5153867e+12,0.0002233,0.00022406,0.00022258,0.00022406,4174.0,1.515387e+12,0.93198552,44.0,447.0,0.10010771,0.0
4672,1.515387e+12,0.00022406,0.00022784,0.00022406,0.00022438,25089.0,1.5153873e+12,5.62220433,38.0,23746.0,5.32114231,0.0
4673,1.5153873e+12,0.0002278,0.0002278,0.00022398,0.000225,5067.0,1.5153876e+12,1.1384721,45.0,927.0,0.20969537,0.0
4674,1.5153876e+12,0.0002241,0.000225,0.00022398,0.000225,2148.0,1.5153879e+12,0.48209502,24.0,830.0,0.1867095,0.0
4675,1.5153879e+12,0.00022501,0.00022501,0.00022223,0.00022223,8924.0,1.5153882e+12,1.99579052,42.0,133.0,0.02992633,0.0
4676,1.5153882e+12,0.00022223,0.00022398,0.00022222,0.00022224,7290.0,1.5153885e+12,1.6310782,31.0,6620.0,1.48215403,0.0
4677,1.5153885e+12,0.00022396,0.00022397,0.0002223,0.0002223,2248.0,1.5153888e+12,0.5026981,15.0,337.0,0.07547182,0.0
4678,1.5153888e+12,0.0002223,0.00022395,0.0002223,0.00022231,1235.0,1.5153891e+12,0.27576077,11.0,364.0,0.0814839,0.0
4679,1.5153891e+12,0.00022231,0.0002239,0.0002223,0.00022232,5240.0,1.5153894e+12,1.16562486,24.0,1882.0,0.41910873,0.0
4680,1.5153894e+12,0.0002237,0.00022865,0.0002237,0.00022865,1202.0,1.5153897e+12,0.2699591,13.0,1202.0,0.2699591,0.0
4681,1.5153897e+12,0.00022738,0.00022739,0.00022478,0.00022738,6164.0,1.51539e+12,1.39546906,37.0,1856.0,0.42201112,0.0
4682,1.51539e+12,0.00022738,0.0002305,0.000226,0.00022847,17509.0,1.5153903e+12,3.97290683,51.0,4830.0,1.10600545,0.0
4683,1.5153903e+12,0.00022602,0.00022793,0.00022143,0.00022615,17668.0,1.5153906e+12,3.93998714,38.0,164.0,0.03694154,0.0
4684,1.5153906e+12,0.00022223,0.00022553,0.00022143,0.00022144,13614.0,1.5153909e+12,3.02430737,32.0,493.0,0.11039124,0.0
4685,1.5153909e+12,0.0002235,0.00022376,0.00022345,0.00022376,4671.0,1.5153912e+12,1.04407853,23.0,4671.0,1.04407853,0.0
4686,1.5153912e+12,0.00022348,0.00022558,0.00022101,0.00022551,31732.0,1.5153915e+12,7.04609195,61.0,4321.0,0.97050153,0.0
4687,1.5153915e+12,0.00022549,0.00022549,0.00022535,0.00022535,401.0,1.5153918e+12,0.09041841,3.0,103.0,0.02322239,0.0
4688,1.5153918e+12,0.0002213,0.00022534,0.0002213,0.00022531,2128.0,1.5153921e+12,0.47935578,12.0,1960.0,0.44159588,0.0
4689,1.5153921e+12,0.0002253,0.00023024,0.0002215,0.000227,5978.0,1.5153924e+12,1.3511476,28.0,703.0,0.15646539,0.0
4690,1.5153924e+12,0.00022425,0.00022998,0.00022425,0.00022523,1666.0,1.5153927e+12,0.37696864,10.0,1402.0,0.3175566,0.0
4691,1.5153927e+12,0.00022539,0.00022543,0.00022392,0.00022393,3280.0,1.515393e+12,0.73650684,16.0,43.0,0.00968446,0.0
4692,1.515393e+12,0.0002245,0.0002245,0.00022368,0.00022368,2024.0,1.5153933e+12,0.45333116,14.0,364.0,0.08160736,0.0
4693,1.5153933e+12,0.00022225,0.000225,0.00022224,0.00022475,4383.0,1.5153936e+12,0.98096058,34.0,2089.0,0.46756643,0.0
4694,1.5153936e+12,0.00022473,0.00022593,0.00022333,0.00022592,5267.0,1.5153939e+12,1.18822133,17.0,4033.0,0.90956671,0.0
4695,1.5153939e+12,0.00022592,0.00022593,0.00022592,0.00022593,1312.0,1.5153942e+12,0.29641858,14.0,1312.0,0.29641858,0.0
4696,1.5153942e+12,0.00022593,0.00022719,0.00022593,0.00022719,42.0,1.5153945e+12,0.00952938,3.0,42.0,0.00952938,0.0
4697,1.5153945e+12,0.00022516,0.00022815,0.00022516,0.00022815,4779.0,1.5153948e+12,1.08216915,35.0,3417.0,0.77526464,0.0
4698,1.5153948e+12,0.00022984,0.00022985,0.00022589,0.00022701,1538.0,1.5153951e+12,0.35062883,25.0,100.0,0.022984,0.0
4699,1.5153951e+12,0.000227,0.00022701,0.0002267,0.00022701,2545.0,1.5153954e+12,0.57723772,19.0,742.0,0.16841682,0.0
4700,1.5153954e+12,0.00022677,0.00022701,0.0002267,0.0002268,3622.0,1.5153957e+12,0.82126409,7.0,44.0,0.00998844,0.0
4701,1.5153957e+12,0.0002268,0.00022687,0.00022228,0.00022351,5883.0,1.515396e+12,1.33292598,31.0,692.0,0.15686257,0.0
4702,1.515396e+12,0.0002263,0.00022996,0.0002263,0.00022996,662.0,1.5153963e+12,0.15105594,9.0,662.0,0.15105594,0.0
4703,1.5153963e+12,0.00022994,0.00022994,0.00022667,0.00022667,432.0,1.5153966e+12,0.09795969,4.0,57.0,0.01295469,0.0
4704,1.5153966e+12,0.00022658,0.00022658,0.00022418,0.00022637,4684.0,1.5153969e+12,1.05067692,19.0,483.0,0.10876897,0.0
4705,1.5153969e+12,0.00022633,0.00022633,0.00022312,0.0002237,238.0,1.5153972e+12,0.05333481,4.0,60.0,0.0134483,0.0
4706,1.5153972e+12,0.00022409,0.00022409,0.00022359,0.00022359,397.0,1.5153975e+12,0.08882281,10.0,195.0,0.04363455,0.0
4707,1.5153975e+12,0.00022308,0.00022359,0.00022308,0.00022359,521.0,1.5153978e+12,0.11633943,5.0,225.0,0.05030775,0.0
4708,1.5153978e+12,0.00022359,0.00022359,0.0002199,0.00022358,13947.0,1.5153981e+12,3.08783506,45.0,2746.0,0.60602285,0.0
4709,1.5153981e+12,0.00022344,0.00022344,0.00022141,0.00022141,856.0,1.5153984e+12,0.19114083,7.0,822.0,0.18361289,0.0
4710,1.5153984e+12,0.00022141,0.0002233,0.0002214,0.00022141,1684.0,1.5153987e+12,0.37509055,15.0,1257.0,0.28050954,0.0
4711,1.5153987e+12,0.00022273,0.00022274,0.00022081,0.00022094,3323.0,1.515399e+12,0.73717498,20.0,1764.0,0.39262956,0.0
4712,1.515399e+12,0.0002202,0.0002202,0.00021803,0.00021803,6616.0,1.5153993e+12,1.45257182,35.0,738.0,0.16241629,0.0
4713,1.5153993e+12,0.00021803,0.00021803,0.00021326,0.00021794,14041.0,1.5153996e+12,3.04138777,57.0,2884.0,0.62730084,0.0
4714,1.5153996e+12,0.00021794,0.000235,0.00021794,0.00022381,4453.0,1.5153999e+12,0.99047572,36.0,3586.0,0.79894924,0.0
4715,1.5153999e+12,0.000223,0.00022898,0.00021872,0.00022898,4881.0,1.5154002e+12,1.08895543,18.0,4225.0,0.94383344,0.0
4716,1.5154002e+12,0.00022339,0.0002234,0.00022254,0.00022339,1893.0,1.5154005e+12,0.42274728,9.0,1697.0,0.37910054,0.0
4717,1.5154005e+12,0.0002227,0.0002234,0.00022259,0.000223,1507.0,1.5154008e+12,0.33618169,7.0,1277.0,0.2848921,0.0
4718,1.5154008e+12,0.00022322,0.00022399,0.00022309,0.00022399,510.0,1.5154011e+12,0.11385718,7.0,402.0,0.08974599,0.0
4719,1.5154011e+12,0.00022313,0.00022898,0.00022313,0.000228,567.0,1.5154014e+12,0.12760375,13.0,465.0,0.10484449,0.0
4720,1.5154014e+12,0.00022801,0.00022898,0.00022582,0.00022584,479.0,1.5154017e+12,0.10864981,16.0,117.0,0.02674038,0.0
4721,1.5154017e+12,0.00022584,0.00022898,0.00022584,0.00022898,3250.0,1.515402e+12,0.74244352,30.0,2692.0,0.61641416,0.0
4722,1.515402e+12,0.00022876,0.00022876,0.0002257,0.0002257,6634.0,1.5154023e+12,1.50128941,31.0,4643.0,1.05094699,0.0
4723,1.5154023e+12,0.0002257,0.00022604,0.0002223,0.00022604,3436.0,1.5154026e+12,0.77225216,22.0,1483.0,0.33460893,0.0
4724,1.5154026e+12,0.00022603,0.00022603,0.00021863,0.00021865,7079.0,1.5154029e+12,1.56060969,28.0,3458.0,0.7582312,0.0
4725,1.5154029e+12,0.00021865,0.00022049,0.00021794,0.00021865,3273.0,1.5154032e+12,0.71530003,22.0,94.0,0.0206032,0.0
4726,1.5154032e+12,0.00021865,0.00022016,0.00021152,0.00021959,11576.0,1.5154035e+12,2.47529914,33.0,2566.0,0.55633634,0.0
4727,1.5154035e+12,0.00021936,0.00021936,0.00021515,0.00021855,656.0,1.5154038e+12,0.14336998,10.0,578.0,0.12658765,0.0
4728,1.5154038e+12,0.00021816,0.00021816,0.00021237,0.00021253,5106.0,1.5154041e+12,1.09765054,30.0,1062.0,0.23048819,0.0
4729,1.5154041e+12,0.0002128,0.00021764,0.0002128,0.00021382,391.0,1.5154044e+12,0.08393936,10.0,131.0,0.02847092,0.0
4730,1.5154044e+12,0.0002139,0.00021787,0.0002139,0.00021676,3349.0,1.5154047e+12,0.72423,25.0,2101.0,0.45547816,0.0
4731,1.5154047e+12,0.000215,0.00021666,0.00021151,0.00021152,7171.0,1.515405e+12,1.5215734,45.0,541.0,0.11577872,0.0
4732,1.515405e+12,0.00021152,0.00021439,0.00021152,0.00021427,6288.0,1.5154053e+12,1.33299092,38.0,1701.0,0.3623917,0.0
4733,1.5154053e+12,0.000212,0.00021388,0.0002118,0.0002137,419.0,1.5154056e+12,0.08939729,11.0,252.0,0.05385531,0.0
4734,1.5154056e+12,0.00021367,0.00021367,0.0002102,0.0002102,8161.0,1.5154059e+12,1.72789412,38.0,377.0,0.08029983,0.0
4735,1.5154059e+12,0.00021021,0.00021021,0.00021009,0.00021009,9910.0,1.5154062e+12,2.08242954,43.0,2236.0,0.46981129,0.0
4736,1.5154062e+12,0.00021009,0.00021009,0.00020998,0.00021,12163.0,1.5154065e+12,2.55443995,32.0,6740.0,1.41546778,0.0
4737,1.5154065e+12,0.00020998,0.00021001,0.00020676,0.00021001,6910.0,1.5154068e+12,1.43996001,47.0,3944.0,0.82268894,0.0
4738,1.5154068e+12,0.00020998,0.00021369,0.000208,0.00021369,2368.0,1.5154071e+12,0.49769863,23.0,2115.0,0.44466861,0.0
4739,1.5154071e+12,0.00021051,0.00021334,0.00020995,0.00020996,11100.0,1.5154074e+12,2.34150756,58.0,6415.0,1.35472176,0.0
4740,1.5154074e+12,0.00021273,0.00021285,0.00020999,0.00021265,1553.0,1.5154077e+12,0.32897648,14.0,713.0,0.15061064,0.0
4741,1.5154077e+12,0.00021263,0.00021285,0.0002126,0.00021269,1340.0,1.515408e+12,0.28504458,11.0,1308.0,0.27823976,0.0
4742,1.515408e+12,0.00021264,0.00021285,0.0002126,0.0002126,704.0,1.5154083e+12,0.14972472,17.0,195.0,0.04150287,0.0
4743,1.5154083e+12,0.0002126,0.00021315,0.00020874,0.00021266,5129.0,1.5154086e+12,1.08304348,30.0,1132.0,0.23985592,0.0
4744,1.5154086e+12,0.00021248,0.00021248,0.00020882,0.00021095,3176.0,1.5154089e+12,0.66641485,28.0,1343.0,0.28159798,0.0
4745,1.5154089e+12,0.00021095,0.00021095,0.00020813,0.00020813,2283.0,1.5154092e+12,0.47655236,28.0,197.0,0.04146127,0.0
4746,1.5154092e+12,0.00020962,0.00020963,0.00020815,0.00020815,391.0,1.5154095e+12,0.08193521,9.0,373.0,0.07818851,0.0
4747,1.5154095e+12,0.00021084,0.00021084,0.00021043,0.00021056,1434.0,1.5154098e+12,0.30197936,14.0,874.0,0.18404336,0.0
4748,1.5154098e+12,0.00021056,0.00021095,0.0002088,0.00021095,1630.0,1.5154101e+12,0.34228181,22.0,818.0,0.1723192,0.0
4749,1.5154101e+12,0.00021095,0.00021118,0.00020881,0.00020884,1286.0,1.5154104e+12,0.26920691,18.0,915.0,0.1915164,0.0
4750,1.5154104e+12,0.00021093,0.00021122,0.00021093,0.00021122,868.0,1.5154107e+12,0.1831651,18.0,809.0,0.17072023,0.0
4751,1.5154107e+12,0.00021093,0.00021122,0.00021093,0.00021121,1093.0,1.515411e+12,0.23084605,14.0,1044.0,0.22051048,0.0
4752,1.515411e+12,0.00021121,0.00021121,0.00021093,0.00021093,1542.0,1.5154113e+12,0.32566112,15.0,1452.0,0.30667692,0.0
4753,1.5154113e+12,0.00021115,0.00021115,0.00020893,0.00020893,2744.0,1.5154116e+12,0.5764301,15.0,551.0,0.11634365,0.0
4754,1.5154116e+12,0.00020893,0.00021117,0.00020893,0.00021117,150.0,1.5154119e+12,0.0314515,2.0,50.0,0.0105585,0.0
4755,1.5154119e+12,0.00021117,0.00021117,0.00021112,0.00021112,534.0,1.5154122e+12,0.11275978,6.0,534.0,0.11275978,0.0
4756,1.5154122e+12,0.00021112,0.00021112,0.00021112,0.00021112,3.0,1.5154125e+12,0.00063336,1.0,3.0,0.00063336,0.0
4757,1.5154125e+12,0.0002095,0.00021098,0.00020893,0.00020893,2196.0,1.5154128e+12,0.45890192,16.0,10.0,0.0021098,0.0
4758,1.5154128e+12,0.00021088,0.00021115,0.00020887,0.00021101,1587.0,1.5154131e+12,0.33227352,21.0,737.0,0.15461714,0.0
4759,1.5154131e+12,0.00021092,0.00021092,0.00020893,0.00021089,4436.0,1.5154134e+12,0.93078086,18.0,3124.0,0.65549508,0.0
4760,1.5154134e+12,0.00020899,0.00021087,0.00020893,0.00021087,1516.0,1.5154137e+12,0.31709944,10.0,156.0,0.03289456,0.0
4761,1.5154137e+12,0.0002108,0.0002108,0.000209,0.000209,28.0,1.515414e+12,0.0058772,2.0,0.0,0.0,0.0
4762,1.515414e+12,0.000209,0.00021082,0.000209,0.00021082,213.0,1.5154143e+12,0.04471538,4.0,109.0,0.02297938,0.0
4763,1.5154143e+12,0.00021081,0.00021081,0.00020959,0.00020959,1736.0,1.5154146e+12,0.3642078,11.0,157.0,0.03304471,0.0
4764,1.5154146e+12,0.00020957,0.0002096,0.00020895,0.00020957,2234.0,1.5154149e+12,0.46757032,11.0,541.0,0.11337943,0.0
4765,1.5154149e+12,0.00020957,0.0002096,0.00020957,0.00020959,1127.0,1.5154152e+12,0.23620324,12.0,1086.0,0.22761087,0.0
4766,1.5154152e+12,0.00020959,0.00021081,0.00020959,0.00021081,164.0,1.5154155e+12,0.03449732,6.0,164.0,0.03449732,0.0
4767,1.5154155e+12,0.00021081,0.00021115,0.00021081,0.00021106,1150.0,1.5154158e+12,0.24265799,10.0,1137.0,0.23991499,0.0
4768,1.5154158e+12,0.00021082,0.00021123,0.00021082,0.00021121,3111.0,1.5154161e+12,0.65696682,17.0,1092.0,0.23056044,0.0
4769,1.5154161e+12,0.00021309,0.00021986,0.00021309,0.00021533,2566.0,1.5154164e+12,0.55891308,19.0,2154.0,0.46838059,0.0
4770,1.5154164e+12,0.00021394,0.00021761,0.00021131,0.00021131,6238.0,1.5154167e+12,1.33457041,45.0,234.0,0.05048736,0.0
4771,1.5154167e+12,0.00021131,0.00021131,0.0002113,0.00021131,5709.0,1.515417e+12,1.20636651,18.0,5481.0,1.15819011,0.0
4772,1.515417e+12,0.00021131,0.00021131,0.00021082,0.00021082,1048.0,1.5154173e+12,0.22116447,11.0,10.0,0.0021131,0.0
4773,1.5154173e+12,0.00021084,0.0002113,0.00021,0.0002113,3461.0,1.5154176e+12,0.72767008,15.0,100.0,0.02112844,0.0
4774,1.5154176e+12,0.00021131,0.00021379,0.00021001,0.00021049,3952.0,1.5154179e+12,0.83637496,19.0,1841.0,0.39144763,0.0
4775,1.5154179e+12,0.00021,0.00021049,0.00021,0.00021001,3786.0,1.5154182e+12,0.79601699,14.0,1249.0,0.26290201,0.0
4776,1.5154182e+12,0.00021002,0.00021376,0.00021001,0.00021367,2678.0,1.5154185e+12,0.57033887,16.0,1680.0,0.35898318,0.0
4777,1.5154185e+12,0.00021373,0.00021373,0.00020923,0.00020923,2883.0,1.5154188e+12,0.61077552,25.0,605.0,0.12920838,0.0
4778,1.5154188e+12,0.00021149,0.00021149,0.00020923,0.00021087,1623.0,1.5154191e+12,0.34046643,11.0,514.0,0.10842181,0.0
4779,1.5154191e+12,0.000211,0.000211,0.00020923,0.00020923,668.0,1.5154194e+12,0.14000615,11.0,68.0,0.01434632,0.0
4780,1.5154194e+12,0.00020917,0.0002092,0.00020816,0.00020817,12905.0,1.5154197e+12,2.69157595,57.0,1416.0,0.29605122,0.0
4781,1.5154197e+12,0.00020817,0.00020818,0.00020816,0.00020818,5728.0,1.51542e+12,1.19240194,28.0,4301.0,0.89535303,0.0
4782,1.51542e+12,0.00020876,0.00020877,0.00020876,0.00020877,2146.0,1.5154203e+12,0.44800988,10.0,2146.0,0.44800988,0.0
4783,1.5154203e+12,0.00020875,0.00020877,0.00020676,0.00020799,10568.0,1.5154206e+12,2.19828968,34.0,1341.0,0.27945131,0.0
4784,1.5154206e+12,0.00020797,0.00020797,0.0002,0.0002,36490.0,1.5154209e+12,7.36838347,67.0,5325.0,1.07236632,0.0
4785,1.5154209e+12,0.00020131,0.0002064,0.00020001,0.00020638,3534.0,1.5154212e+12,0.71455441,29.0,2807.0,0.56722726,0.0
4786,1.5154212e+12,0.00020635,0.00020636,0.00020303,0.00020334,882.0,1.5154215e+12,0.17966671,14.0,76.0,0.01568116,0.0
4787,1.5154215e+12,0.00020333,0.000206,0.00020333,0.00020398,971.0,1.5154218e+12,0.19794352,17.0,566.0,0.11532044,0.0
4788,1.5154218e+12,0.00020396,0.00020396,0.00020224,0.00020388,2206.0,1.5154221e+12,0.44968017,12.0,2112.0,0.43062057,0.0
4789,1.5154221e+12,0.00020239,0.0002025,0.00020229,0.00020231,984.0,1.5154224e+12,0.19918346,11.0,821.0,0.1661931,0.0
4790,1.5154224e+12,0.00020231,0.00020231,0.0002,0.00020211,14618.0,1.5154227e+12,2.94868121,43.0,9749.0,1.96703408,0.0
4791,1.5154227e+12,0.00020206,0.00020206,0.00019919,0.0001992,18268.0,1.515423e+12,3.64654386,38.0,1117.0,0.22326746,0.0
4792,1.515423e+12,0.0001992,0.00019987,0.000193,0.00019302,13863.0,1.5154233e+12,2.72122161,69.0,1008.0,0.19937983,0.0
4793,1.5154233e+12,0.00019303,0.0001979,0.00019301,0.00019758,4881.0,1.5154236e+12,0.94571016,24.0,648.0,0.12761938,0.0
4794,1.5154236e+12,0.00019752,0.00019752,0.00019309,0.000196,4005.0,1.5154239e+12,0.78139914,22.0,1919.0,0.3779927,0.0
4795,1.5154239e+12,0.00019363,0.00019363,0.00018658,0.00018942,9772.0,1.5154242e+12,1.86497621,47.0,742.0,0.14045816,0.0
4796,1.5154242e+12,0.000188,0.0001894,0.00018,0.00018407,27821.0,1.5154245e+12,5.06570146,110.0,7230.0,1.33452763,0.0
4797,1.5154245e+12,0.000188,0.000196,0.000188,0.000196,3345.0,1.5154248e+12,0.63526791,33.0,1652.0,0.31393447,0.0
4798,1.5154248e+12,0.000196,0.00019918,0.00019221,0.0001959,5710.0,1.5154251e+12,1.11320434,31.0,3749.0,0.73451242,0.0
4799,1.5154251e+12,0.00019918,0.00020636,0.00019637,0.00020218,3841.0,1.5154254e+12,0.78680546,22.0,3279.0,0.67472584,0.0
4800,1.5154254e+12,0.00019962,0.00020584,0.00019962,0.00020584,1911.0,1.5154257e+12,0.38268308,19.0,393.0,0.07916679,0.0
4801,1.5154257e+12,0.00020549,0.00020549,0.00019962,0.00019962,2019.0,1.515426e+12,0.40714965,22.0,327.0,0.06638506,0.0
4802,1.515426e+12,0.00019962,0.000205,0.00019501,0.00020062,4007.0,1.5154263e+12,0.79875993,28.0,1061.0,0.21318027,0.0
4803,1.5154263e+12,0.000205,0.00020773,0.00020049,0.00020135,9338.0,1.5154266e+12,1.90452611,52.0,4855.0,0.99452136,0.0
4804,1.5154266e+12,0.00020666,0.00020748,0.00020254,0.00020367,2294.0,1.5154269e+12,0.4692383,16.0,713.0,0.1477355,0.0
4805,1.5154269e+12,0.000204,0.000204,0.00020348,0.00020348,2573.0,1.5154272e+12,0.5243673,24.0,1735.0,0.35377628,0.0
4806,1.5154272e+12,0.00020342,0.00020634,0.000203,0.00020402,3287.0,1.5154275e+12,0.66960355,23.0,968.0,0.19816418,0.0
4807,1.5154275e+12,0.00020402,0.00020757,0.00020402,0.00020691,2981.0,1.5154278e+12,0.60851983,14.0,2491.0,0.50854982,0.0
4808,1.5154278e+12,0.00020664,0.00020664,0.0002055,0.0002059,1341.0,1.5154281e+12,0.27591694,21.0,1210.0,0.24899613,0.0
4809,1.5154281e+12,0.00020422,0.00020772,0.00020412,0.0002075,5086.0,1.5154284e+12,1.04719594,29.0,3775.0,0.77846967,0.0
4810,1.5154284e+12,0.0002075,0.00020751,0.00020469,0.0002075,5293.0,1.5154287e+12,1.09676093,24.0,4444.0,0.92211964,0.0
4811,1.5154287e+12,0.00020749,0.00020751,0.00020749,0.0002075,1668.0,1.515429e+12,0.34610593,11.0,1573.0,0.32639343,0.0
4812,1.515429e+12,0.00020771,0.00020771,0.00020502,0.00020689,994.0,1.5154293e+12,0.20573494,23.0,345.0,0.07162705,0.0
4813,1.5154293e+12,0.00020689,0.00020751,0.00020688,0.00020697,3802.0,1.5154296e+12,0.78697586,20.0,537.0,0.11141776,0.0
4814,1.5154296e+12,0.00020688,0.000207,0.0002065,0.0002069,6820.0,1.5154299e+12,1.41159178,33.0,5913.0,1.22392132,0.0
4815,1.5154299e+12,0.0002065,0.000207,0.0002052,0.0002065,4349.0,1.5154302e+12,0.89649526,25.0,2369.0,0.48979462,0.0
4816,1.5154302e+12,0.000207,0.00021,0.00020553,0.00021,2079.0,1.5154305e+12,0.43178301,19.0,1652.0,0.34382795,0.0
4817,1.5154305e+12,0.00021,0.00021149,0.00020881,0.00020881,1950.0,1.5154308e+12,0.41008878,21.0,1097.0,0.23197266,0.0
4818,1.5154308e+12,0.00021212,0.00021212,0.00019761,0.00020451,33855.0,1.5154311e+12,6.8182625,51.0,23325.0,4.6670556,0.0
4819,1.5154311e+12,0.0002069,0.00021123,0.0002069,0.00020813,6105.0,1.5154314e+12,1.28000342,31.0,1075.0,0.22644777,0.0
4820,1.5154314e+12,0.00021099,0.000211,0.00020803,0.00020811,2697.0,1.5154317e+12,0.56797623,21.0,1945.0,0.41036211,0.0
4821,1.5154317e+12,0.00021,0.00021088,0.00020393,0.00020794,3271.0,1.515432e+12,0.68486165,24.0,1454.0,0.30524539,0.0
4822,1.515432e+12,0.0002042,0.000207,0.0002042,0.00020645,10618.0,1.5154323e+12,2.19011089,30.0,6269.0,1.29698305,0.0
4823,1.5154323e+12,0.00020636,0.0002066,0.00020635,0.0002066,6916.0,1.5154326e+12,1.42793357,12.0,2675.0,0.55219552,0.0
4824,1.5154326e+12,0.0002066,0.0002075,0.0002066,0.00020666,4577.0,1.5154329e+12,0.94602389,17.0,504.0,0.10416792,0.0
4825,1.5154329e+12,0.00020666,0.00020666,0.00020368,0.00020665,1078.0,1.5154332e+12,0.22073002,5.0,390.0,0.08059518,0.0
4826,1.5154332e+12,0.00020665,0.00020698,0.00020383,0.00020689,3225.0,1.5154335e+12,0.66604388,18.0,2865.0,0.59217548,0.0
4827,1.5154335e+12,0.000207,0.00020748,0.00020689,0.00020748,787.0,1.5154338e+12,0.16317225,12.0,565.0,0.1172262,0.0
4828,1.5154338e+12,0.00020748,0.00020995,0.00020715,0.00020995,10184.0,1.5154341e+12,2.12269136,18.0,10029.0,2.09054888,0.0
4829,1.5154341e+12,0.00021208,0.000221,0.00021106,0.00021111,9141.0,1.5154344e+12,1.97706941,86.0,2898.0,0.62618093,0.0
4830,1.5154344e+12,0.00021391,0.000214,0.0002102,0.0002139,2284.0,1.5154347e+12,0.48240388,21.0,610.0,0.12977918,0.0
4831,1.5154347e+12,0.000214,0.000214,0.00021389,0.0002139,1082.0,1.515435e+12,0.23143399,3.0,1082.0,0.23143399,0.0
4832,1.515435e+12,0.00021397,0.00021399,0.00021141,0.00021398,1314.0,1.5154353e+12,0.28035907,13.0,821.0,0.17521904,0.0
4833,1.5154353e+12,0.00021394,0.00021394,0.0002125,0.0002125,1739.0,1.5154356e+12,0.37018469,12.0,1353.0,0.28815875,0.0
4834,1.5154356e+12,0.00021297,0.00021877,0.00021251,0.00021423,1964.0,1.5154359e+12,0.42016936,25.0,1219.0,0.26068501,0.0
4835,1.5154359e+12,0.00021423,0.00021802,0.00021423,0.00021467,997.0,1.5154362e+12,0.21669038,22.0,737.0,0.16064236,0.0
4836,1.5154362e+12,0.00021474,0.00021797,0.00021275,0.0002131,859.0,1.5154365e+12,0.18528177,12.0,281.0,0.06124942,0.0
4837,1.5154365e+12,0.00021744,0.00021744,0.00021353,0.00021738,4175.0,1.5154368e+12,0.90253363,39.0,2457.0,0.53400148,0.0
4838,1.5154368e+12,0.00021738,0.00021738,0.00021389,0.00021713,858.0,1.5154371e+12,0.18586031,9.0,576.0,0.12518888,0.0
4839,1.5154371e+12,0.00021605,0.0002162,0.00021605,0.0002162,252.0,1.5154374e+12,0.05446237,5.0,96.0,0.0207552,0.0
4840,1.5154374e+12,0.00021687,0.00021803,0.00021687,0.0002169,406.0,1.5154377e+12,0.08809663,7.0,150.0,0.03257023,0.0
4841,1.5154377e+12,0.00021689,0.00021875,0.00021607,0.00021825,2827.0,1.515438e+12,0.61278965,35.0,693.0,0.15136132,0.0
4842,1.515438e+12,0.0002183,0.0002183,0.00021775,0.00021775,309.0,1.5154383e+12,0.0673667,2.0,160.0,0.03484,0.0
4843,1.5154383e+12,0.00021775,0.00021876,0.00021638,0.00021876,1225.0,1.5154386e+12,0.26701123,17.0,919.0,0.2007716,0.0
4844,1.5154386e+12,0.00021876,0.00021889,0.00021876,0.00021889,1182.0,1.5154389e+12,0.25864274,10.0,1182.0,0.25864274,0.0
4845,1.5154389e+12,0.00022,0.00022139,0.00021886,0.000219,3742.0,1.5154392e+12,0.82304579,35.0,2081.0,0.45818894,0.0
4846,1.5154392e+12,0.000219,0.00022138,0.000219,0.00022138,1123.0,1.5154395e+12,0.2484643,7.0,1123.0,0.2484643,0.0
4847,1.5154395e+12,0.00022138,0.000222,0.0002192,0.000222,1360.0,1.5154398e+12,0.3006412,17.0,953.0,0.21115309,0.0
4848,1.5154398e+12,0.000222,0.00022255,0.00021955,0.00022255,1956.0,1.5154401e+12,0.43491907,28.0,1403.0,0.31189311,0.0
4849,1.5154401e+12,0.00022255,0.00022388,0.00022225,0.00022388,1595.0,1.5154404e+12,0.35522743,19.0,1393.0,0.31027363,0.0
4850,1.5154404e+12,0.00022388,0.00022464,0.00022288,0.00022464,1628.0,1.5154407e+12,0.36450596,30.0,1415.0,0.31698951,0.0
4851,1.5154407e+12,0.00022464,0.00022665,0.00022464,0.00022665,9732.0,1.515441e+12,2.19063031,34.0,9430.0,2.12261193,0.0
4852,1.515441e+12,0.00022665,0.00022665,0.00022646,0.00022665,2804.0,1.5154413e+12,0.63549345,18.0,2635.0,0.59722171,0.0
4853,1.5154413e+12,0.00022665,0.00022777,0.00022665,0.00022692,1496.0,1.5154416e+12,0.33937772,19.0,809.0,0.18364709,0.0
4854,1.5154416e+12,0.00022777,0.00023,0.00022777,0.00023,3455.0,1.5154419e+12,0.7876864,27.0,2115.0,0.48229227,0.0
4855,1.5154419e+12,0.0002299,0.000233,0.0002278,0.0002278,11384.0,1.5154422e+12,2.62433066,93.0,1518.0,0.35123982,0.0
4856,1.5154422e+12,0.000227,0.00022998,0.00022226,0.00022229,7706.0,1.5154425e+12,1.72679271,50.0,2674.0,0.59923911,0.0
4857,1.5154425e+12,0.0002223,0.0002239,0.00022229,0.00022385,2387.0,1.5154428e+12,0.53226246,19.0,604.0,0.13516172,0.0
4858,1.5154428e+12,0.00022229,0.00022365,0.000222,0.000222,2740.0,1.5154431e+12,0.60969078,12.0,1.0,0.00022365,0.0
4859,1.5154431e+12,0.000219,0.000222,0.00021701,0.00021701,2269.0,1.5154434e+12,0.49392206,13.0,42.0,0.009286,0.0
4860,1.5154434e+12,0.00021704,0.00021985,0.00021704,0.00021961,1926.0,1.5154437e+12,0.42091254,19.0,834.0,0.18320286,0.0
4861,1.5154437e+12,0.00021708,0.00021961,0.00021708,0.00021904,1042.0,1.515444e+12,0.22727056,11.0,517.0,0.11327418,0.0
4862,1.515444e+12,0.00021904,0.00021904,0.00021729,0.00021799,296.0,1.5154443e+12,0.06463449,13.0,157.0,0.03435368,0.0
4863,1.5154443e+12,0.00021798,0.00021902,0.0002178,0.00021901,1218.0,1.5154446e+12,0.26628366,16.0,1050.0,0.22966222,0.0
4864,1.5154446e+12,0.00021901,0.00021901,0.00021798,0.00021894,377.0,1.5154449e+12,0.08242219,16.0,238.0,0.05211872,0.0
4865,1.5154449e+12,0.00021894,0.00021894,0.0002189,0.00021891,1140.0,1.5154452e+12,0.2495622,23.0,1140.0,0.2495622,0.0
4866,1.5154452e+12,0.00021891,0.00021891,0.00021718,0.00021888,1234.0,1.5154455e+12,0.26914066,15.0,645.0,0.14119584,0.0
4867,1.5154455e+12,0.00021886,0.00021886,0.00021729,0.0002188,82.0,1.5154458e+12,0.01786821,3.0,33.0,0.007221,0.0
4868,1.5154458e+12,0.00021876,0.00021876,0.00021871,0.00021871,256.0,1.5154461e+12,0.05599258,6.0,256.0,0.05599258,0.0
4869,1.5154461e+12,0.0002173,0.0002173,0.00021717,0.00021717,549.0,1.5154464e+12,0.1192817,6.0,0.0,0.0,0.0
4870,1.5154464e+12,0.00021717,0.00021799,0.00021698,0.00021698,1402.0,1.5154467e+12,0.30428981,13.0,458.0,0.09942677,0.0
4871,1.5154467e+12,0.00021697,0.00021799,0.00021501,0.00021798,2933.0,1.515447e+12,0.63399614,34.0,1916.0,0.41467594,0.0
4872,1.515447e+12,0.00021798,0.000218,0.0002165,0.000218,1576.0,1.5154473e+12,0.34315048,19.0,1227.0,0.26745248,0.0
4873,1.5154473e+12,0.00021698,0.0002188,0.00021698,0.00021878,947.0,1.5154476e+12,0.20644372,11.0,603.0,0.13180168,0.0
4874,1.5154476e+12,0.00021877,0.00022895,0.00021851,0.00022243,2517.0,1.5154479e+12,0.5518583,18.0,2475.0,0.54263776,0.0
4875,1.5154479e+12,0.000229,0.000229,0.00022257,0.0002288,3036.0,1.5154482e+12,0.69158307,27.0,2697.0,0.61502472,0.0
4876,1.5154482e+12,0.0002288,0.0002288,0.00022429,0.00022768,2924.0,1.5154485e+12,0.65953603,37.0,765.0,0.17434331,0.0
4877,1.5154485e+12,0.00022766,0.00022767,0.00022429,0.00022429,6688.0,1.5154488e+12,1.50406354,85.0,931.0,0.21133339,0.0
4878,1.5154488e+12,0.00022598,0.00022599,0.00022429,0.00022597,218.0,1.5154491e+12,0.04908698,9.0,113.0,0.0255356,0.0
4879,1.5154491e+12,0.00022595,0.00022595,0.00022431,0.00022499,418.0,1.5154494e+12,0.09397662,9.0,268.0,0.06030735,0.0
4880,1.5154494e+12,0.00022432,0.0002263,0.00021809,0.00021809,2226.0,1.5154497e+12,0.49588685,21.0,61.0,0.01380168,0.0
4881,1.5154497e+12,0.00022299,0.00022299,0.000222,0.00022205,860.0,1.51545e+12,0.19105971,12.0,829.0,0.18417616,0.0
4882,1.51545e+12,0.00022261,0.00022261,0.000222,0.00022201,408.0,1.5154503e+12,0.0906164,7.0,181.0,0.04021015,0.0
4883,1.5154503e+12,0.00022201,0.00022353,0.00022201,0.00022351,486.0,1.5154506e+12,0.10828302,11.0,486.0,0.10828302,0.0
4884,1.5154506e+12,0.000223,0.000225,0.000223,0.000225,941.0,1.5154509e+12,0.21080081,7.0,609.0,0.13676481,0.0
4885,1.5154509e+12,0.00022503,0.0002288,0.00022339,0.00022501,1276.0,1.5154512e+12,0.29056725,14.0,836.0,0.19117408,0.0
4886,1.5154512e+12,0.00022676,0.00022799,0.00022346,0.00022799,1285.0,1.5154515e+12,0.28930647,18.0,718.0,0.16256545,0.0
4887,1.5154515e+12,0.00022351,0.00022788,0.00022351,0.0002277,868.0,1.5154518e+12,0.19742601,9.0,770.0,0.17542147,0.0
4888,1.5154518e+12,0.0002277,0.000229,0.00022483,0.000229,6342.0,1.5154521e+12,1.44709457,19.0,3676.0,0.84014101,0.0
4889,1.5154521e+12,0.000229,0.000229,0.0002289,0.000229,819.0,1.5154524e+12,0.1874765,7.0,74.0,0.016946,0.0
4890,1.5154524e+12,0.000229,0.00022999,0.00022199,0.0002289,6861.0,1.5154527e+12,1.55330755,31.0,2625.0,0.60154077,0.0
4891,1.5154527e+12,0.00022783,0.00022892,0.0002278,0.0002289,3677.0,1.515453e+12,0.83975048,31.0,832.0,0.19042348,0.0
4892,1.515453e+12,0.0002289,0.00022996,0.0002278,0.00022818,1814.0,1.5154533e+12,0.41490741,16.0,888.0,0.20336049,0.0
4893,1.5154533e+12,0.0002283,0.0002283,0.00022359,0.00022359,17406.0,1.5154536e+12,3.97027244,20.0,13977.0,3.18990631,0.0
4894,1.5154536e+12,0.0002236,0.00022438,0.00021728,0.00022299,6252.0,1.5154539e+12,1.37203956,32.0,704.0,0.15720832,0.0
4895,1.5154539e+12,0.0002245,0.0002245,0.00022418,0.00022418,125.0,1.5154542e+12,0.0280492,6.0,125.0,0.0280492,0.0
4896,1.5154542e+12,0.00022347,0.00022348,0.0002225,0.0002225,151.0,1.5154545e+12,0.03373556,6.0,151.0,0.03373556,0.0
4897,1.5154545e+12,0.00022347,0.00022347,0.00022166,0.00022166,248.0,1.5154548e+12,0.05528639,7.0,228.0,0.05085319,0.0
4898,1.5154548e+12,0.00022166,0.00022299,0.00022153,0.00022153,2839.0,1.5154551e+12,0.62919668,11.0,681.0,0.15105993,0.0
4899,1.5154551e+12,0.00022153,0.00022153,0.00021857,0.00021905,1496.0,1.5154554e+12,0.32853729,16.0,680.0,0.1486572,0.0
4900,1.5154554e+12,0.00021907,0.00022187,0.00021905,0.00021912,755.0,1.5154557e+12,0.16662877,16.0,464.0,0.10287738,0.0
4901,1.5154557e+12,0.0002214,0.0002214,0.00021936,0.00021936,112.0,1.515456e+12,0.02472904,8.0,79.0,0.01749016,0.0
4902,1.515456e+12,0.0002199,0.00022136,0.0002199,0.00022127,822.0,1.5154563e+12,0.18183815,10.0,601.0,0.13296124,0.0
4903,1.5154563e+12,0.00022195,0.00022297,0.00022127,0.00022127,3825.0,1.5154566e+12,0.84828852,21.0,2625.0,0.58260728,0.0
4904,1.5154566e+12,0.00022295,0.00022295,0.00022286,0.00022286,43.0,1.5154569e+12,0.00958328,4.0,43.0,0.00958328,0.0
4905,1.5154569e+12,0.00022286,0.00022445,0.00022286,0.00022445,1551.0,1.5154572e+12,0.3474,18.0,1411.0,0.315977,0.0
4906,1.5154572e+12,0.00022445,0.00022446,0.00022132,0.00022446,375.0,1.5154575e+12,0.0839797,13.0,294.0,0.06599057,0.0
4907,1.5154575e+12,0.00022446,0.00022448,0.00022446,0.00022448,478.0,1.5154578e+12,0.10729548,7.0,478.0,0.10729548,0.0
4908,1.5154578e+12,0.00022325,0.00022448,0.00022319,0.0002232,1161.0,1.5154581e+12,0.25946426,15.0,219.0,0.04915999,0.0
4909,1.5154581e+12,0.0002232,0.0002232,0.0002232,0.0002232,68.0,1.5154584e+12,0.0151776,1.0,0.0,0.0,0.0
4910,1.5154584e+12,0.00022322,0.00022349,0.00022155,0.00022155,5444.0,1.5154587e+12,1.21418828,11.0,503.0,0.11218958,0.0
4911,1.5154587e+12,0.00022155,0.00022155,0.00022154,0.00022155,400.0,1.515459e+12,0.08861953,8.0,320.0,0.07089553,0.0
4912,1.515459e+12,0.000223,0.00022319,0.00022163,0.00022319,2643.0,1.5154593e+12,0.58964343,7.0,1732.0,0.3865055,0.0
4913,1.5154593e+12,0.00022173,0.00022306,0.00022128,0.00022305,3333.0,1.5154596e+12,0.73911947,15.0,788.0,0.17577003,0.0
4914,1.5154596e+12,0.00022305,0.00022504,0.000223,0.00022504,10874.0,1.5154599e+12,2.43304699,20.0,8773.0,1.96032199,0.0
4915,1.5154599e+12,0.00022503,0.00022651,0.00022503,0.00022583,2070.0,1.5154602e+12,0.4682608,6.0,2070.0,0.4682608,0.0
4916,1.5154602e+12,0.00022583,0.0002289,0.00022442,0.00022452,2130.0,1.5154605e+12,0.48175399,22.0,1215.0,0.27459357,0.0
4917,1.5154605e+12,0.00022883,0.00022883,0.00022452,0.00022461,327.0,1.5154608e+12,0.07428823,5.0,172.0,0.03935876,0.0
4918,1.5154608e+12,0.00022509,0.00022897,0.00022447,0.00022508,2376.0,1.5154611e+12,0.53599762,23.0,985.0,0.22255252,0.0
4919,1.5154611e+12,0.00022507,0.00022889,0.00022507,0.00022517,658.0,1.5154614e+12,0.14829321,10.0,390.0,0.08795365,0.0
4920,1.5154614e+12,0.00022518,0.00022872,0.00022517,0.00022766,5163.0,1.5154617e+12,1.1751035,26.0,1125.0,0.25724605,0.0
4921,1.5154617e+12,0.0002245,0.00022455,0.00022394,0.00022394,934.0,1.515462e+12,0.20961853,6.0,0.0,0.0,0.0
4922,1.515462e+12,0.00022394,0.00022394,0.00022154,0.00022393,262.0,1.5154623e+12,0.05855161,6.0,192.0,0.04296629,0.0
4923,1.5154623e+12,0.00022155,0.00022156,0.00022155,0.00022156,1226.0,1.5154626e+12,0.27163014,5.0,0.0,0.0,0.0
4924,1.5154626e+12,0.00022156,0.00022156,0.00022152,0.00022152,5036.0,1.5154629e+12,1.11571929,26.0,1082.0,0.23972567,0.0
4925,1.5154629e+12,0.00022152,0.00022152,0.00022001,0.00022001,1172.0,1.5154632e+12,0.25874441,8.0,265.0,0.05837015,0.0
4926,1.5154632e+12,0.00022,0.0002214,0.00021815,0.00022106,341.0,1.5154635e+12,0.07516394,7.0,330.0,0.07276429,0.0
4927,1.5154635e+12,0.00022083,0.00022393,0.00022082,0.0002239,2293.0,1.5154638e+12,0.5086316,14.0,1794.0,0.39800118,0.0
4928,1.5154638e+12,0.0002239,0.0002239,0.00022161,0.00022164,4438.0,1.5154641e+12,0.98924322,14.0,1626.0,0.36279158,0.0
4929,1.5154641e+12,0.00022374,0.00022374,0.00022164,0.00022182,549.0,1.5154644e+12,0.12195456,5.0,100.0,0.02236476,0.0
4930,1.5154644e+12,0.00022295,0.00022295,0.00022165,0.00022165,1028.0,1.5154647e+12,0.2287246,7.0,738.0,0.1644461,0.0
4931,1.5154647e+12,0.00022165,0.00022165,0.00022164,0.00022164,94.0,1.515465e+12,0.02083469,3.0,0.0,0.0,0.0
4932,1.515465e+12,0.00022165,0.00022294,0.00022165,0.00022294,1120.0,1.5154653e+12,0.24901723,5.0,1120.0,0.24901723,0.0
4933,1.5154653e+12,0.00022295,0.00022295,0.00022171,0.00022171,450.0,1.5154656e+12,0.09990342,4.0,108.0,0.0240786,0.0
4934,1.5154656e+12,0.0002222,0.000226,0.00022171,0.000226,4577.0,1.5154659e+12,1.02037789,22.0,3609.0,0.8057387,0.0
4935,1.5154659e+12,0.00022897,0.00022897,0.00022184,0.000223,1418.0,1.5154662e+12,0.31721553,15.0,178.0,0.04075666,0.0
4936,1.5154662e+12,0.00022264,0.00022734,0.00022242,0.00022242,4857.0,1.5154665e+12,1.08168437,25.0,43.0,0.00977562,0.0
4937,1.5154665e+12,0.000223,0.00022673,0.00022244,0.00022244,196.0,1.5154668e+12,0.04372837,4.0,13.0,0.00294737,0.0
4938,1.5154668e+12,0.00022247,0.0002225,0.00022108,0.00022108,3455.0,1.5154671e+12,0.7659872,13.0,0.0,0.0,0.0
4939,1.5154671e+12,0.00022,0.00022154,0.00021801,0.00022084,670.0,1.5154674e+12,0.14660423,10.0,96.0,0.02120978,0.0
4940,1.5154674e+12,0.00021805,0.0002201,0.00021805,0.00022005,223.0,1.5154677e+12,0.04901525,7.0,196.0,0.0431279,0.0
4941,1.5154677e+12,0.00021806,0.00021993,0.000218,0.00021978,617.0,1.515468e+12,0.13520221,7.0,384.0,0.08440275,0.0
4942,1.515468e+12,0.00021801,0.00021801,0.000217,0.00021701,1426.0,1.5154683e+12,0.3103865,23.0,845.0,0.18405059,0.0
4943,1.5154683e+12,0.000217,0.000217,0.00021491,0.00021649,701.0,1.5154686e+12,0.15134697,20.0,131.0,0.02837817,0.0
4944,1.5154686e+12,0.00021492,0.00021645,0.00021343,0.00021343,2025.0,1.5154689e+12,0.43553512,26.0,1160.0,0.25069811,0.0
4945,1.5154689e+12,0.00021547,0.00021565,0.0002126,0.00021519,2383.0,1.5154692e+12,0.51095473,26.0,1335.0,0.28757056,0.0
4946,1.5154692e+12,0.00021267,0.00021701,0.0002125,0.0002125,2985.0,1.5154695e+12,0.63582135,19.0,957.0,0.20481722,0.0
4947,1.5154695e+12,0.0002125,0.00021661,0.0002125,0.00021565,1859.0,1.5154698e+12,0.39609295,14.0,243.0,0.05254296,0.0
4948,1.5154698e+12,0.00021563,0.00021566,0.00021255,0.00021531,1348.0,1.5154701e+12,0.28964322,14.0,1063.0,0.22906647,0.0
4949,1.5154701e+12,0.00021413,0.00021633,0.00021413,0.00021625,333.0,1.5154704e+12,0.07195459,10.0,295.0,0.06380313,0.0
4950,1.5154704e+12,0.00021625,0.00021625,0.00021003,0.00021003,7345.0,1.5154707e+12,1.55366853,38.0,1120.0,0.23826214,0.0
4951,1.5154707e+12,0.00021252,0.00021253,0.00021003,0.00021098,7053.0,1.515471e+12,1.48423778,27.0,1855.0,0.3924721,0.0
4952,1.515471e+12,0.0002125,0.0002125,0.00020995,0.00021,2671.0,1.5154713e+12,0.56354307,26.0,408.0,0.08664291,0.0
4953,1.5154713e+12,0.00021081,0.00021253,0.00021081,0.0002109,631.0,1.5154716e+12,0.13356336,12.0,360.0,0.07641432,0.0
4954,1.5154716e+12,0.0002109,0.00021221,0.00020995,0.00021184,1133.0,1.5154719e+12,0.23921972,18.0,592.0,0.12544403,0.0
4955,1.5154719e+12,0.00021177,0.00021177,0.00021,0.00021,651.0,1.5154722e+12,0.13750624,14.0,473.0,0.10012567,0.0
4956,1.5154722e+12,0.00021003,0.00021189,0.00020801,0.00020825,1582.0,1.5154725e+12,0.33161121,24.0,856.0,0.1802592,0.0
4957,1.5154725e+12,0.00020994,0.00021189,0.00020994,0.00021189,6174.0,1.5154728e+12,1.30601827,16.0,5344.0,1.13097305,0.0
4958,1.5154728e+12,0.00021135,0.00021178,0.00020996,0.00020996,2658.0,1.5154731e+12,0.55935866,13.0,234.0,0.0495545,0.0
4959,1.5154731e+12,0.0002117,0.00021188,0.0002117,0.00021174,409.0,1.5154734e+12,0.08662726,5.0,409.0,0.08662726,0.0
4960,1.5154734e+12,0.00021174,0.00021174,0.00021,0.00021164,4303.0,1.5154737e+12,0.90518849,19.0,881.0,0.18647864,0.0
4961,1.5154737e+12,0.00021162,0.00021163,0.00021,0.00021161,4201.0,1.515474e+12,0.88689945,23.0,1961.0,0.41499172,0.0
4962,1.515474e+12,0.00021002,0.00021163,0.00021,0.00021022,1671.0,1.5154743e+12,0.35233768,16.0,922.0,0.19500512,0.0
4963,1.5154743e+12,0.00021022,0.00021162,0.00021003,0.00021162,1816.0,1.5154746e+12,0.38159291,11.0,22.0,0.0046536,0.0
4964,1.5154746e+12,0.00021162,0.00021162,0.00021,0.00021156,8491.0,1.5154749e+12,1.78349531,15.0,182.0,0.03850585,0.0
4965,1.5154749e+12,0.00021156,0.00021158,0.00021015,0.00021158,3033.0,1.5154752e+12,0.64143373,18.0,3004.0,0.63533938,0.0
4966,1.5154752e+12,0.00021158,0.00021699,0.00021158,0.00021284,4678.0,1.5154755e+12,0.99857623,13.0,4394.0,0.93725817,0.0
4967,1.5154755e+12,0.00021404,0.00021678,0.00021289,0.00021291,868.0,1.5154758e+12,0.18645945,11.0,12.0,0.00260136,0.0
4968,1.5154758e+12,0.00021307,0.00021313,0.00021307,0.00021313,2.0,1.5154761e+12,0.0004262,2.0,0.0,0.0,0.0
4969,1.5154761e+12,0.00021319,0.0002132,0.00021307,0.00021307,5109.0,1.5154764e+12,1.0887264,21.0,0.0,0.0,0.0
4970,1.5154764e+12,0.00021476,0.00021476,0.00021395,0.00021396,499.0,1.5154767e+12,0.10700446,8.0,431.0,0.09245246,0.0
4971,1.5154767e+12,0.00021311,0.000214,0.00021311,0.00021396,2292.0,1.515477e+12,0.49037887,8.0,264.0,0.05648584,0.0
4972,1.515477e+12,0.00021314,0.00021504,0.00021314,0.00021396,1306.0,1.5154773e+12,0.27941136,14.0,1034.0,0.22125606,0.0
4973,1.5154773e+12,0.00021494,0.00021494,0.00021259,0.00021396,709.0,1.5154776e+12,0.15121348,5.0,11.0,0.00236434,0.0
4974,1.5154776e+12,0.00021464,0.00021713,0.00021464,0.00021632,3236.0,1.5154779e+12,0.69974781,21.0,3126.0,0.67596049,0.0
4975,1.5154779e+12,0.00021333,0.00021333,0.00021321,0.0002133,1289.0,1.5154782e+12,0.27496283,7.0,482.0,0.10282506,0.0
4976,1.5154782e+12,0.00021583,0.0002163,0.00021335,0.00021376,2171.0,1.5154785e+12,0.46927992,8.0,2099.0,0.45391626,0.0
4977,1.5154785e+12,0.00021454,0.00021454,0.00021454,0.00021454,131.0,1.5154788e+12,0.02810474,1.0,0.0,0.0,0.0
4978,1.5154788e+12,0.00021455,0.00021622,0.00021387,0.00021387,1083.0,1.5154791e+12,0.23259497,13.0,381.0,0.08219359,0.0
4979,1.5154791e+12,0.00021595,0.00021595,0.00021401,0.00021417,1250.0,1.5154794e+12,0.26907613,16.0,697.0,0.15048826,0.0
4980,1.5154794e+12,0.00021419,0.00021419,0.00021335,0.00021335,1686.0,1.5154797e+12,0.36093676,7.0,1152.0,0.24672404,0.0
4981,1.5154797e+12,0.00021339,0.00022149,0.00021339,0.00022149,3176.0,1.51548e+12,0.68660402,20.0,2337.0,0.50635138,0.0
4982,1.51548e+12,0.0002188,0.0002188,0.00021377,0.00021377,319.0,1.5154803e+12,0.06832361,4.0,6.0,0.0013128,0.0
4983,1.5154803e+12,0.00021421,0.00021798,0.0002133,0.0002133,3954.0,1.5154806e+12,0.84725958,22.0,325.0,0.0697849,0.0
4984,1.5154806e+12,0.00021331,0.00021415,0.00021331,0.00021415,211.0,1.5154809e+12,0.04501765,5.0,11.0,0.00235565,0.0
4985,1.5154809e+12,0.00021415,0.00021415,0.0002133,0.00021331,20783.0,1.5154812e+12,4.43379775,19.0,309.0,0.06607575,0.0
4986,1.5154812e+12,0.00021332,0.00021455,0.0002133,0.0002133,1325.0,1.5154815e+12,0.28273516,10.0,99.0,0.02122135,0.0
4987,1.5154815e+12,0.00021331,0.00021331,0.00021331,0.00021331,219.0,1.5154818e+12,0.04671489,1.0,0.0,0.0,0.0
4988,1.5154818e+12,0.0002145,0.0002162,0.0002145,0.00021499,1591.0,1.5154821e+12,0.34213651,8.0,541.0,0.11638151,0.0
4989,1.5154821e+12,0.00021499,0.0002166,0.00021335,0.0002166,1590.0,1.5154824e+12,0.34155994,9.0,579.0,0.12450303,0.0
4990,1.5154824e+12,0.000215,0.00021652,0.0002133,0.0002133,1287.0,1.5154827e+12,0.27534984,17.0,242.0,0.05181874,0.0
4991,1.5154827e+12,0.00021336,0.00021336,0.00021332,0.00021332,974.0,1.515483e+12,0.20778168,8.0,257.0,0.05482324,0.0
4992,1.515483e+12,0.00021332,0.00021655,0.0002133,0.00021352,2729.0,1.5154833e+12,0.58578489,12.0,1618.0,0.34862711,0.0
4993,1.5154833e+12,0.00021352,0.00021352,0.0002126,0.00021321,2598.0,1.5154836e+12,0.55445346,9.0,21.0,0.00447741,0.0
4994,1.5154836e+12,0.0002126,0.00021317,0.0002126,0.00021317,2004.0,1.5154839e+12,0.42605154,4.0,2.0,0.00042634,0.0
4995,1.5154839e+12,0.00021312,0.00021313,0.00021119,0.00021119,1655.0,1.5154842e+12,0.35229287,13.0,21.0,0.00447552,0.0
4996,1.5154842e+12,0.0002126,0.00021461,0.0002126,0.00021448,2408.0,1.5154845e+12,0.51384187,7.0,958.0,0.20557187,0.0
4997,1.5154845e+12,0.00021425,0.00021425,0.00021018,0.00021129,1427.0,1.5154848e+12,0.30088486,11.0,153.0,0.03226336,0.0
4998,1.5154848e+12,0.0002113,0.0002113,0.0002113,0.0002113,220.0,1.5154851e+12,0.046486,2.0,0.0,0.0,0.0
4999,1.5154851e+12,0.00021132,0.00021333,0.0002113,0.0002129,506.0,1.5154854e+12,0.10715012,10.0,107.0,0.0227976,0.0
5000,1.5154854e+12,0.00021131,0.00021289,0.0002106,0.000212,1061.0,1.5154857e+12,0.22440424,16.0,131.0,0.02787068,0.0
5001,1.5154857e+12,0.000212,0.000212,0.00021198,0.00021198,74.0,1.515486e+12,0.01568724,4.0,74.0,0.01568724,0.0
5002,1.515486e+12,0.000212,0.000212,0.0002106,0.00021189,254.0,1.5154863e+12,0.05370884,8.0,163.0,0.03454424,0.0
5003,1.5154863e+12,0.00021185,0.00021185,0.00021181,0.00021181,323.0,1.5154866e+12,0.06842315,6.0,323.0,0.06842315,0.0
5004,1.5154866e+12,0.0002106,0.00021168,0.0002106,0.00021168,914.0,1.5154869e+12,0.19296792,7.0,444.0,0.09398592,0.0
5005,1.5154869e+12,0.00021185,0.0002119,0.00021181,0.00021189,1679.0,1.5154872e+12,0.35572026,10.0,1585.0,0.33581012,0.0
5006,1.5154872e+12,0.00021189,0.00021189,0.00021187,0.00021188,769.0,1.5154875e+12,0.16293605,7.0,769.0,0.16293605,0.0
5007,1.5154875e+12,0.00021078,0.00021179,0.00021018,0.00021021,2949.0,1.5154878e+12,0.62074393,13.0,392.0,0.08262677,0.0
5008,1.5154878e+12,0.00021156,0.00021188,0.00021022,0.00021188,6855.0,1.5154881e+12,1.45020605,41.0,5540.0,1.17307677,0.0
5009,1.5154881e+12,0.00021188,0.00021188,0.00021047,0.00021048,7341.0,1.5154884e+12,1.54568729,38.0,5292.0,1.11438188,0.0
5010,1.5154884e+12,0.00021048,0.00021052,0.00021048,0.00021052,803.0,1.5154887e+12,0.16903501,8.0,489.0,0.10294428,0.0
5011,1.5154887e+12,0.00021052,0.00021184,0.00021047,0.00021184,1688.0,1.515489e+12,0.35539707,14.0,1027.0,0.21626344,0.0
5012,1.515489e+12,0.00021049,0.0002118,0.00021049,0.00021052,580.0,1.5154893e+12,0.12219357,8.0,77.0,0.01630438,0.0
5013,1.5154893e+12,0.00021052,0.00021177,0.00021052,0.00021173,30.0,1.5154896e+12,0.00635181,3.0,29.0,0.00614129,0.0
5014,1.5154896e+12,0.00021053,0.00021056,0.00021047,0.00021047,1494.0,1.5154899e+12,0.31454051,13.0,30.0,0.0063156,0.0
5015,1.5154899e+12,0.00021047,0.00021049,0.00021019,0.00021019,1875.0,1.5154902e+12,0.39462711,13.0,725.0,0.15259333,0.0
5016,1.5154902e+12,0.00021019,0.00021163,0.00021019,0.00021163,201.0,1.5154905e+12,0.04240551,5.0,100.0,0.02115532,0.0
5017,1.5154905e+12,0.00021163,0.00021163,0.0002104,0.00021163,94.0,1.5154908e+12,0.01988215,6.0,85.0,0.01798855,0.0
5018,1.5154908e+12,0.00021041,0.00021162,0.0002104,0.0002116,1003.0,1.5154911e+12,0.21139106,10.0,346.0,0.0731543,0.0
5019,1.5154911e+12,0.0002116,0.00021655,0.00021149,0.00021149,9110.0,1.5154914e+12,1.94229122,25.0,9090.0,1.93801902,0.0
5020,1.5154914e+12,0.0002115,0.00021991,0.0002115,0.00021228,2087.0,1.5154917e+12,0.44667399,14.0,1407.0,0.30222911,0.0
5021,1.5154917e+12,0.00021682,0.00021682,0.00021239,0.00021239,2929.0,1.515492e+12,0.62288769,11.0,76.0,0.016361,0.0
5022,1.515492e+12,0.00021239,0.00021682,0.00021239,0.00021475,1627.0,1.5154923e+12,0.34705966,17.0,1047.0,0.22321566,0.0
5023,1.5154923e+12,0.00021475,0.00021475,0.00021245,0.00021245,950.0,1.5154926e+12,0.20362085,6.0,762.0,0.1636395,0.0
5024,1.5154926e+12,0.00021247,0.00021268,0.00021216,0.00021268,4988.0,1.5154929e+12,1.05874984,20.0,194.0,0.04125967,0.0
5025,1.5154929e+12,0.00021268,0.0002127,0.00021,0.00021266,8800.0,1.5154932e+12,1.85860168,26.0,254.0,0.05401954,0.0
5026,1.5154932e+12,0.00021266,0.00021266,0.00020802,0.0002082,3904.0,1.5154935e+12,0.81755789,20.0,1222.0,0.25733505,0.0
5027,1.5154935e+12,0.00021001,0.00021086,0.00020501,0.00020501,7802.0,1.5154938e+12,1.6173566,44.0,1237.0,0.25676225,0.0
5028,1.5154938e+12,0.00020506,0.0002104,0.000205,0.0002056,7715.0,1.5154941e+12,1.59544307,26.0,2144.0,0.45085115,0.0
5029,1.5154941e+12,0.00020571,0.00020954,0.00020451,0.00020451,5794.0,1.5154944e+12,1.19099035,28.0,399.0,0.08230625,0.0
5030,1.5154944e+12,0.00020857,0.00020857,0.000204,0.0002043,3064.0,1.5154947e+12,0.63092714,30.0,1432.0,0.29743837,0.0
5031,1.5154947e+12,0.0002043,0.00020686,0.00020222,0.00020222,7087.0,1.515495e+12,1.44219918,69.0,1263.0,0.25986525,0.0
5032,1.515495e+12,0.00020525,0.00020525,0.00020221,0.00020488,2128.0,1.5154953e+12,0.43370597,18.0,1212.0,0.24846196,0.0
5033,1.5154953e+12,0.00020485,0.00020489,0.00020284,0.00020489,515.0,1.5154956e+12,0.1053652,9.0,455.0,0.09319454,0.0
5034,1.5154956e+12,0.00020481,0.00020482,0.00020287,0.00020478,1459.0,1.5154959e+12,0.29824778,19.0,1250.0,0.25576105,0.0
5035,1.5154959e+12,0.00020469,0.00020734,0.00020464,0.00020734,7969.0,1.5154962e+12,1.64030629,42.0,6553.0,1.35001829,0.0
5036,1.5154962e+12,0.000207,0.00020734,0.00020651,0.00020651,751.0,1.5154965e+12,0.15559231,8.0,581.0,0.12046454,0.0
5037,1.5154965e+12,0.00020709,0.00020709,0.00020221,0.00020481,19562.0,1.5154968e+12,3.96336773,25.0,16890.0,3.41577408,0.0
5038,1.5154968e+12,0.00020285,0.00020285,0.0002022,0.00020274,4036.0,1.5154971e+12,0.81764915,25.0,1340.0,0.2717579,0.0
5039,1.5154971e+12,0.00020269,0.00020269,0.00020229,0.00020256,4175.0,1.5154974e+12,0.84491585,25.0,456.0,0.09237124,0.0
5040,1.5154974e+12,0.00020256,0.00020285,0.0002023,0.00020285,3588.0,1.5154977e+12,0.72692391,24.0,3177.0,0.64361451,0.0
5041,1.5154977e+12,0.000204,0.00020493,0.00020266,0.00020292,3055.0,1.515498e+12,0.62118889,22.0,784.0,0.16049415,0.0
5042,1.515498e+12,0.00020285,0.00020559,0.00020278,0.0002049,8007.0,1.5154983e+12,1.64239542,31.0,5900.0,1.21145771,0.0
5043,1.5154983e+12,0.00020559,0.00020559,0.0002043,0.00020516,1653.0,1.5154986e+12,0.33869808,20.0,818.0,0.16779607,0.0
5044,1.5154986e+12,0.00020517,0.00020517,0.00020517,0.00020517,756.0,1.5154989e+12,0.15510852,10.0,756.0,0.15510852,0.0
5045,1.5154989e+12,0.00020511,0.00020517,0.00020511,0.00020514,1578.0,1.5154992e+12,0.32370839,13.0,605.0,0.12412785,0.0
5046,1.5154992e+12,0.00020517,0.00020517,0.00020303,0.00020512,3922.0,1.5154995e+12,0.80154784,20.0,1241.0,0.2545683,0.0
5047,1.5154995e+12,0.00020322,0.00020507,0.00020322,0.000205,584.0,1.5154998e+12,0.11885457,8.0,76.0,0.01558381,0.0
5048,1.5154998e+12,0.00020459,0.00020514,0.00020421,0.00020421,2065.0,1.5155001e+12,0.42198977,27.0,330.0,0.06755774,0.0
5049,1.5155001e+12,0.00020421,0.00020459,0.00020421,0.00020458,11545.0,1.5155004e+12,2.36186895,14.0,1629.0,0.33327069,0.0
5050,1.5155004e+12,0.00020459,0.00020695,0.00020458,0.00020461,1730.0,1.5155007e+12,0.3541908,10.0,342.0,0.07022184,0.0
5051,1.5155007e+12,0.0002047,0.00020888,0.0002047,0.00020579,4229.0,1.515501e+12,0.87165755,21.0,2847.0,0.58859154,0.0
5052,1.515501e+12,0.00020579,0.00020802,0.00020474,0.00020474,4632.0,1.5155013e+12,0.95070708,22.0,1548.0,0.31882436,0.0
5053,1.5155013e+12,0.00020475,0.00020532,0.00020399,0.00020399,3693.0,1.5155016e+12,0.75532235,23.0,1114.0,0.227542,0.0
5054,1.5155016e+12,0.00020423,0.00020696,0.00020422,0.00020437,863.0,1.5155019e+12,0.17810588,7.0,704.0,0.14562913,0.0
5055,1.5155019e+12,0.00020649,0.00020649,0.00020637,0.00020639,836.0,1.5155022e+12,0.17253881,9.0,836.0,0.17253881,0.0
5056,1.5155022e+12,0.00020635,0.00020638,0.00020344,0.00020344,5919.0,1.5155025e+12,1.21183074,27.0,1507.0,0.3107287,0.0
5057,1.5155025e+12,0.00020345,0.00020637,0.00020278,0.00020634,11008.0,1.5155028e+12,2.24020249,53.0,5484.0,1.1177404,0.0
5058,1.5155028e+12,0.0002063,0.0002063,0.00020415,0.00020625,7975.0,1.5155031e+12,1.62943548,20.0,4045.0,0.82705461,0.0
5059,1.5155031e+12,0.0002042,0.00020587,0.00020412,0.00020433,2730.0,1.5155034e+12,0.55758275,11.0,982.0,0.2006011,0.0
5060,1.5155034e+12,0.0002045,0.000207,0.0002045,0.000207,8991.0,1.5155037e+12,1.85218054,32.0,7499.0,1.54480794,0.0
5061,1.5155037e+12,0.000207,0.000207,0.00020607,0.00020696,1163.0,1.515504e+12,0.24020696,9.0,577.0,0.11942324,0.0
5062,1.515504e+12,0.00020696,0.00020696,0.00020617,0.00020694,672.0,1.5155043e+12,0.13884628,14.0,300.0,0.06208443,0.0
5063,1.5155043e+12,0.00020692,0.00020694,0.00020692,0.00020692,2103.0,1.5155046e+12,0.43517087,20.0,2017.0,0.41737575,0.0
5064,1.5155046e+12,0.0002062,0.0002062,0.0002062,0.0002062,1092.0,1.5155049e+12,0.2251704,4.0,281.0,0.0579422,0.0
5065,1.5155049e+12,0.00020661,0.00020696,0.00020661,0.00020696,5006.0,1.5155052e+12,1.03560851,16.0,4834.0,1.00001311,0.0
5066,1.5155052e+12,0.00020695,0.00020695,0.00020501,0.0002067,2264.0,1.5155055e+12,0.46583822,27.0,1159.0,0.23850924,0.0
5067,1.5155055e+12,0.00020667,0.00020698,0.00020665,0.00020698,7841.0,1.5155058e+12,1.62208936,21.0,7402.0,1.53129229,0.0
5068,1.5155058e+12,0.00020801,0.00020802,0.00020701,0.00020732,3142.0,1.5155061e+12,0.65163885,21.0,928.0,0.1930399,0.0
5069,1.5155061e+12,0.00020747,0.00020747,0.00020732,0.00020747,1475.0,1.5155064e+12,0.30593305,9.0,1192.0,0.24726149,0.0
5070,1.5155064e+12,0.00020732,0.00021,0.00020732,0.00021,1562.0,1.5155067e+12,0.32418224,16.0,1439.0,0.29867586,0.0
5071,1.5155067e+12,0.00021,0.00021001,0.00021,0.00021001,42.0,1.515507e+12,0.00882021,2.0,21.0,0.00441,0.0
5072,1.515507e+12,0.00021002,0.00021085,0.00021002,0.00021006,3134.0,1.5155073e+12,0.65908386,38.0,417.0,0.08783564,0.0
5073,1.5155073e+12,0.00021083,0.00021163,0.00021001,0.00021001,2184.0,1.5155076e+12,0.46114236,23.0,1163.0,0.24568479,0.0
5074,1.5155076e+12,0.00021001,0.00021134,0.00020801,0.000209,3180.0,1.5155079e+12,0.66283186,32.0,1353.0,0.28181538,0.0
5075,1.5155079e+12,0.000209,0.00021156,0.000207,0.00021148,3505.0,1.5155082e+12,0.73557662,32.0,1925.0,0.4055529,0.0
5076,1.5155082e+12,0.00021148,0.00021148,0.00021003,0.00021148,3275.0,1.5155085e+12,0.6913697,13.0,1783.0,0.37705414,0.0
5077,1.5155085e+12,0.0002115,0.00021158,0.00021004,0.00021007,2064.0,1.5155088e+12,0.43572887,27.0,685.0,0.14488334,0.0
5078,1.5155088e+12,0.00021154,0.00021155,0.00021098,0.000211,690.0,1.5155091e+12,0.14566436,10.0,343.0,0.07245083,0.0
5079,1.5155091e+12,0.00021076,0.00021159,0.00021076,0.0002112,2432.0,1.5155094e+12,0.51409782,15.0,1901.0,0.40218426,0.0
5080,1.5155094e+12,0.00021081,0.00021331,0.00021081,0.0002122,3099.0,1.5155097e+12,0.65850508,28.0,981.0,0.20801616,0.0
5081,1.5155097e+12,0.00021389,0.00021899,0.00021389,0.00021896,4223.0,1.51551e+12,0.91422892,25.0,4059.0,0.87903261,0.0
5082,1.51551e+12,0.00021895,0.00021895,0.00021402,0.000215,6032.0,1.5155103e+12,1.30401912,56.0,1189.0,0.2588736,0.0
5083,1.5155103e+12,0.000215,0.00021606,0.000213,0.00021588,2073.0,1.5155106e+12,0.44414558,26.0,818.0,0.17547979,0.0
5084,1.5155106e+12,0.00021576,0.00021588,0.00021408,0.00021579,505.0,1.5155109e+12,0.10850803,11.0,53.0,0.01143615,0.0
5085,1.5155109e+12,0.00021579,0.00021582,0.00021408,0.00021409,1072.0,1.5155112e+12,0.23049985,14.0,128.0,0.02746929,0.0
5086,1.5155112e+12,0.00021501,0.00021501,0.0002112,0.0002141,5729.0,1.5155115e+12,1.21628964,29.0,1616.0,0.34485319,0.0
5087,1.5155115e+12,0.0002141,0.0002141,0.000212,0.00021396,913.0,1.5155118e+12,0.19439057,14.0,272.0,0.05818224,0.0
5088,1.5155118e+12,0.0002139,0.00021394,0.000212,0.00021203,2193.0,1.5155121e+12,0.46745345,32.0,1596.0,0.34058509,0.0
5089,1.5155121e+12,0.00021299,0.00021726,0.00021203,0.00021203,4300.0,1.5155124e+12,0.92031703,31.0,1620.0,0.34735673,0.0
5090,1.5155124e+12,0.00021423,0.00021427,0.0002018,0.00020672,22946.0,1.5155127e+12,4.80461194,55.0,3141.0,0.6681872,0.0
5091,1.5155127e+12,0.00020672,0.00020696,0.00020225,0.00020661,17186.0,1.515513e+12,3.50328016,94.0,6798.0,1.39476354,0.0
5092,1.515513e+12,0.00020655,0.00020655,0.00020367,0.0002047,9184.0,1.5155133e+12,1.87754941,73.0,3584.0,0.73436049,0.0
5093,1.5155133e+12,0.00020479,0.00020979,0.00020479,0.00020975,5248.0,1.5155136e+12,1.08648331,35.0,4386.0,0.90825647,0.0
5094,1.5155136e+12,0.00020801,0.00021308,0.00020801,0.00021157,6807.0,1.5155139e+12,1.43396084,63.0,2861.0,0.60106384,0.0
5095,1.5155139e+12,0.00021157,0.00021158,0.00020861,0.00020861,4245.0,1.5155142e+12,0.89366985,33.0,639.0,0.13483377,0.0
5096,1.5155142e+12,0.00021039,0.00021096,0.00020861,0.00021096,3175.0,1.5155145e+12,0.66612121,23.0,2053.0,0.43199591,0.0
5097,1.5155145e+12,0.00021094,0.00021096,0.00020922,0.00021096,2651.0,1.5155148e+12,0.55783359,16.0,2272.0,0.47853385,0.0
5098,1.5155148e+12,0.00021008,0.00021299,0.00021007,0.00021008,3166.0,1.5155151e+12,0.66621857,28.0,677.0,0.14285407,0.0
5099,1.5155151e+12,0.00021008,0.00021299,0.00021007,0.00021286,4116.0,1.5155154e+12,0.87308386,16.0,2471.0,0.52610967,0.0
5100,1.5155154e+12,0.00021113,0.00021507,0.00021089,0.00021505,4263.0,1.5155157e+12,0.90658569,34.0,1753.0,0.37327351,0.0
5101,1.5155157e+12,0.00021302,0.00021725,0.00021302,0.000217,2565.0,1.515516e+12,0.55216537,25.0,1902.0,0.41037719,0.0
5102,1.515516e+12,0.000217,0.000217,0.00021411,0.00021451,2790.0,1.5155163e+12,0.5997769,52.0,856.0,0.18531423,0.0
5103,1.5155163e+12,0.00021577,0.0002159,0.00021574,0.00021577,1884.0,1.5155166e+12,0.40650804,16.0,1660.0,0.35818004,0.0
5104,1.5155166e+12,0.00021577,0.00021577,0.00020866,0.00020866,2644.0,1.5155169e+12,0.56551197,34.0,70.0,0.01498666,0.0
5105,1.5155169e+12,0.00021399,0.000214,0.00021021,0.00021337,265.0,1.5155172e+12,0.05606094,9.0,83.0,0.01772009,0.0
5106,1.5155172e+12,0.00021111,0.00021418,0.00021111,0.000213,1071.0,1.5155175e+12,0.22790297,18.0,686.0,0.14631604,0.0
5107,1.5155175e+12,0.00021125,0.00021574,0.00021125,0.00021574,630.0,1.5155178e+12,0.13457361,13.0,587.0,0.12536387,0.0
5108,1.5155178e+12,0.00021425,0.00021572,0.00021425,0.0002157,160.0,1.5155181e+12,0.03444318,5.0,110.0,0.02372792,0.0
5109,1.5155181e+12,0.0002157,0.0002157,0.00021421,0.00021421,2170.0,1.5155184e+12,0.46797335,12.0,358.0,0.07716845,0.0
5110,1.5155184e+12,0.00021423,0.00021423,0.000213,0.000213,258.0,1.5155187e+12,0.05522828,7.0,258.0,0.05522828,0.0
5111,1.5155187e+12,0.000213,0.0002141,0.00021166,0.0002118,881.0,1.515519e+12,0.188379,11.0,766.0,0.16393128,0.0
5112,1.515519e+12,0.0002118,0.0002135,0.0002118,0.00021201,540.0,1.5155193e+12,0.11469809,10.0,216.0,0.04603385,0.0
5113,1.5155193e+12,0.0002121,0.00021408,0.00021209,0.00021382,1168.0,1.5155196e+12,0.24903921,13.0,385.0,0.08237208,0.0
5114,1.5155196e+12,0.00021323,0.00021381,0.00021182,0.00021199,3364.0,1.5155199e+12,0.7141378,26.0,509.0,0.10856027,0.0
5115,1.5155199e+12,0.00021182,0.00021378,0.00021131,0.0002135,1347.0,1.5155202e+12,0.28577607,19.0,347.0,0.074124,0.0
5116,1.5155202e+12,0.0002135,0.00021383,0.0002135,0.00021383,1066.0,1.5155205e+12,0.22789152,11.0,1043.0,0.22297527,0.0
5117,1.5155205e+12,0.00021383,0.00021409,0.00021166,0.00021166,1051.0,1.5155208e+12,0.22346762,12.0,252.0,0.05358132,0.0
5118,1.5155208e+12,0.00021348,0.00021568,0.00021211,0.00021211,1797.0,1.5155211e+12,0.38584014,7.0,1790.0,0.38435537,0.0
5119,1.5155211e+12,0.00021567,0.00021568,0.00021356,0.00021356,349.0,1.5155214e+12,0.07502318,10.0,231.0,0.04982182,0.0
5120,1.5155214e+12,0.00021492,0.0002157,0.00021492,0.0002157,1405.0,1.5155217e+12,0.30295868,11.0,1405.0,0.30295868,0.0
5121,1.5155217e+12,0.00021577,0.000219,0.00021577,0.000219,988.0,1.515522e+12,0.21553819,17.0,839.0,0.18334807,0.0
5122,1.515522e+12,0.00021899,0.00021899,0.0002118,0.0002118,1876.0,1.5155223e+12,0.40094385,16.0,29.0,0.00635071,0.0
5123,1.5155223e+12,0.00021881,0.00022,0.00021411,0.00021707,4318.0,1.5155226e+12,0.94162731,38.0,2477.0,0.54285241,0.0
5124,1.5155226e+12,0.00021713,0.00021982,0.00021615,0.000217,1321.0,1.5155229e+12,0.28658333,22.0,45.0,0.0098223,0.0
5125,1.5155229e+12,0.00021793,0.00021903,0.0002162,0.00021652,658.0,1.5155232e+12,0.14327898,15.0,419.0,0.09147032,0.0
5126,1.5155232e+12,0.00021902,0.0002197,0.00021677,0.00021677,1164.0,1.5155235e+12,0.25482327,15.0,675.0,0.14816823,0.0
5127,1.5155235e+12,0.00021677,0.00021945,0.00021637,0.00021637,787.0,1.5155238e+12,0.17037547,12.0,71.0,0.01543607,0.0
5128,1.5155238e+12,0.00021638,0.00021638,0.00021637,0.00021637,416.0,1.5155241e+12,0.09001378,7.0,246.0,0.05322948,0.0
5129,1.5155241e+12,0.00021637,0.00021984,0.00021637,0.00021929,1068.0,1.5155244e+12,0.23142269,9.0,965.0,0.20913658,0.0
5130,1.5155244e+12,0.00021921,0.00021929,0.00021647,0.00021647,78.0,1.5155247e+12,0.0170476,4.0,59.0,0.01293467,0.0
5131,1.5155247e+12,0.00021651,0.00021899,0.00021651,0.00021892,623.0,1.515525e+12,0.13630348,5.0,588.0,0.128725,0.0
5132,1.515525e+12,0.0002188,0.00021887,0.00021706,0.00021887,228.0,1.5155253e+12,0.04964309,6.0,87.0,0.01903672,0.0
5133,1.5155253e+12,0.00021865,0.00021865,0.00021707,0.0002186,946.0,1.5155256e+12,0.20551492,7.0,108.0,0.02361009,0.0
5134,1.5155256e+12,0.00021752,0.00021752,0.00021641,0.000217,5240.0,1.5155259e+12,1.13672988,11.0,41.0,0.008897,0.0
5135,1.5155259e+12,0.00021841,0.00021881,0.00021699,0.00021881,320.0,1.5155262e+12,0.06972648,12.0,123.0,0.02688209,0.0
5136,1.5155262e+12,0.00021877,0.00021877,0.00021111,0.00021609,3603.0,1.5155265e+12,0.76752893,25.0,401.0,0.08677394,0.0
5137,1.5155265e+12,0.00021609,0.0002161,0.00021609,0.00021609,375.0,1.5155268e+12,0.08103498,8.0,123.0,0.0265803,0.0
5138,1.5155268e+12,0.0002161,0.000218,0.0002161,0.00021799,370.0,1.5155271e+12,0.08001478,8.0,246.0,0.05321368,0.0
5139,1.5155271e+12,0.00021749,0.0002175,0.00021619,0.00021708,713.0,1.5155274e+12,0.15458907,10.0,455.0,0.09881205,0.0
5140,1.5155274e+12,0.00021621,0.000219,0.0002161,0.000219,4280.0,1.5155277e+12,0.93405154,31.0,3170.0,0.6924078,0.0
5141,1.5155277e+12,0.00021928,0.00022667,0.00021928,0.00022192,6389.0,1.515528e+12,1.42336929,71.0,5484.0,1.22374892,0.0
5142,1.515528e+12,0.00022192,0.00022192,0.0002161,0.0002161,10483.0,1.5155283e+12,2.28403314,85.0,4633.0,1.01389877,0.0
5143,1.5155283e+12,0.0002161,0.00021779,0.00021373,0.00021446,1501.0,1.5155286e+12,0.3226797,21.0,454.0,0.09802743,0.0
5144,1.5155286e+12,0.00021694,0.00021992,0.00021694,0.00021992,524.0,1.5155289e+12,0.11374683,15.0,413.0,0.08966516,0.0
5145,1.5155289e+12,0.0002199,0.0002199,0.00021748,0.0002175,707.0,1.5155292e+12,0.15397127,6.0,87.0,0.0191313,0.0
5146,1.5155292e+12,0.00021751,0.0002189,0.00021751,0.0002189,440.0,1.5155295e+12,0.09588899,5.0,133.0,0.02911342,0.0
5147,1.5155295e+12,0.00021988,0.00021988,0.00021694,0.00021694,2926.0,1.5155298e+12,0.63700234,18.0,424.0,0.09290643,0.0
5148,1.5155298e+12,0.00021711,0.00021711,0.00021694,0.0002171,1324.0,1.5155301e+12,0.2873794,14.0,131.0,0.02842538,0.0
5149,1.5155301e+12,0.00021649,0.0002171,0.00021445,0.00021649,2137.0,1.5155304e+12,0.46001139,20.0,681.0,0.14726143,0.0
5150,1.5155304e+12,0.00021549,0.00021549,0.00021445,0.00021499,2114.0,1.5155307e+12,0.45387501,27.0,816.0,0.17546486,0.0
5151,1.5155307e+12,0.00021445,0.00021557,0.00021445,0.00021548,1020.0,1.515531e+12,0.21968934,16.0,339.0,0.07301425,0.0
5152,1.515531e+12,0.00021549,0.00021702,0.00021372,0.00021372,4882.0,1.5155313e+12,1.0466768,25.0,870.0,0.18640218,0.0
5153,1.5155313e+12,0.00021369,0.00021786,0.00021369,0.00021786,2585.0,1.5155316e+12,0.55890918,18.0,2194.0,0.47508003,0.0
5154,1.5155316e+12,0.00021786,0.0002235,0.00021777,0.00022347,3977.0,1.5155319e+12,0.8836895,42.0,2997.0,0.66762405,0.0
5155,1.5155319e+12,0.00022346,0.00022346,0.000218,0.00021819,779.0,1.5155322e+12,0.17016872,10.0,247.0,0.05409544,0.0
5156,1.5155322e+12,0.00021843,0.0002195,0.0002182,0.0002195,5777.0,1.5155325e+12,1.26226904,14.0,5692.0,1.24369976,0.0
5157,1.5155325e+12,0.00021952,0.00021952,0.00021951,0.00021951,219.0,1.5155328e+12,0.0480728,3.0,0.0,0.0,0.0
5158,1.5155328e+12,0.00021951,0.000235,0.00021951,0.00022913,31754.0,1.5155331e+12,7.38698666,111.0,12177.0,2.80390315,0.0
5159,1.5155331e+12,0.00022433,0.0002288,0.00022433,0.00022698,2046.0,1.5155334e+12,0.46346651,43.0,721.0,0.16470259,0.0
5160,1.5155334e+12,0.00022502,0.000227,0.00022502,0.00022506,708.0,1.5155337e+12,0.15941398,9.0,64.0,0.01447562,0.0
5161,1.5155337e+12,0.00022506,0.00022683,0.00022506,0.00022674,771.0,1.515534e+12,0.17451592,11.0,430.0,0.09747373,0.0
5162,1.515534e+12,0.00022675,0.000227,0.00022672,0.000227,835.0,1.5155343e+12,0.18940935,11.0,739.0,0.16763035,0.0
5163,1.5155343e+12,0.00022788,0.00022789,0.00022731,0.00022789,415.0,1.5155346e+12,0.09449575,6.0,165.0,0.03752325,0.0
5164,1.5155346e+12,0.0002287,0.00023434,0.00022789,0.0002343,1425.0,1.5155349e+12,0.3270676,21.0,933.0,0.2149082,0.0
5165,1.5155349e+12,0.00023214,0.0002341,0.00023014,0.00023293,3216.0,1.5155352e+12,0.74620376,22.0,1428.0,0.33230493,0.0
5166,1.5155352e+12,0.0002302,0.0002302,0.00022607,0.0002267,1053.0,1.5155355e+12,0.24075065,7.0,0.0,0.0,0.0
5167,1.5155355e+12,0.00022674,0.00023268,0.00022674,0.0002268,1850.0,1.5155358e+12,0.42474961,16.0,1108.0,0.25648776,0.0
5168,1.5155358e+12,0.00022701,0.00023426,0.00022701,0.0002299,3474.0,1.5155361e+12,0.80282331,22.0,2200.0,0.51028046,0.0
5169,1.5155361e+12,0.00022969,0.00023436,0.00022969,0.00023436,2718.0,1.5155364e+12,0.63122078,28.0,1209.0,0.28265863,0.0
5170,1.5155364e+12,0.0002344,0.0002344,0.00023384,0.00023384,918.0,1.5155367e+12,0.21503571,13.0,619.0,0.1450936,0.0
5171,1.5155367e+12,0.00023184,0.0002344,0.00023184,0.00023439,703.0,1.515537e+12,0.16413545,12.0,462.0,0.10824875,0.0
5172,1.515537e+12,0.0002344,0.00023496,0.00023439,0.0002349,837.0,1.5155373e+12,0.19650466,12.0,575.0,0.13509448,0.0
5173,1.5155373e+12,0.00023445,0.00023495,0.00023439,0.00023439,179.0,1.5155376e+12,0.04199481,8.0,90.0,0.0211341,0.0
5174,1.5155376e+12,0.00023439,0.00023439,0.00023267,0.00023439,2440.0,1.5155379e+12,0.571152,20.0,1676.0,0.3927361,0.0
5175,1.5155379e+12,0.00023315,0.00023493,0.00023286,0.00023493,2433.0,1.5155382e+12,0.56937459,18.0,1147.0,0.26886078,0.0
5176,1.5155382e+12,0.00023287,0.00023966,0.00023287,0.00023695,15174.0,1.5155385e+12,3.6016226,60.0,12832.0,3.04210146,0.0
5177,1.5155385e+12,0.00023503,0.00023897,0.00023027,0.000234,6678.0,1.5155388e+12,1.54870192,31.0,1662.0,0.38880204,0.0
5178,1.5155388e+12,0.00023401,0.00023745,0.000234,0.00023744,6814.0,1.5155391e+12,1.6038759,36.0,2831.0,0.6711911,0.0
5179,1.5155391e+12,0.00023744,0.00023745,0.00023422,0.00023699,1178.0,1.5155394e+12,0.2783363,11.0,836.0,0.1982282,0.0
5180,1.5155394e+12,0.00023422,0.00023723,0.00023406,0.00023406,1446.0,1.5155397e+12,0.34032577,20.0,606.0,0.14347319,0.0
5181,1.5155397e+12,0.00023663,0.00023663,0.0002303,0.0002303,3933.0,1.51554e+12,0.9205956,13.0,67.0,0.01585203,0.0
5182,1.51554e+12,0.00023033,0.00023033,0.00021801,0.00022497,11199.0,1.5155403e+12,2.51240142,43.0,1577.0,0.3553468,0.0
5183,1.5155403e+12,0.00022498,0.00022568,0.00022208,0.00022499,2448.0,1.5155406e+12,0.54840418,19.0,1583.0,0.35630127,0.0
5184,1.5155406e+12,0.00022499,0.00022499,0.00021802,0.00021802,5127.0,1.5155409e+12,1.13506192,37.0,209.0,0.04640094,0.0
5185,1.5155409e+12,0.00022348,0.00022349,0.000221,0.000221,725.0,1.5155412e+12,0.16164236,9.0,705.0,0.15722236,0.0
5186,1.5155412e+12,0.00021811,0.00022086,0.00021811,0.00021812,4632.0,1.5155415e+12,1.01109947,34.0,418.0,0.09189092,0.0
5187,1.5155415e+12,0.00022,0.0002208,0.00021851,0.00022075,2376.0,1.5155418e+12,0.52359194,22.0,1985.0,0.43804113,0.0
5188,1.5155418e+12,0.00021886,0.00022075,0.00021813,0.00022063,4989.0,1.5155421e+12,1.09537109,21.0,1014.0,0.22341108,0.0
5189,1.5155421e+12,0.00021836,0.00022049,0.00021806,0.00021807,3608.0,1.5155424e+12,0.78745509,20.0,444.0,0.0971397,0.0
5190,1.5155424e+12,0.00021807,0.00021831,0.00021807,0.00021831,1094.0,1.5155427e+12,0.23874759,10.0,740.0,0.1615494,0.0
5191,1.5155427e+12,0.00021809,0.00021831,0.00021808,0.00021831,1741.0,1.515543e+12,0.3797311,13.0,174.0,0.03798594,0.0
5192,1.515543e+12,0.00021831,0.00022053,0.00021831,0.00022053,241.0,1.5155433e+12,0.05305463,8.0,241.0,0.05305463,0.0
5193,1.5155433e+12,0.00022053,0.00022071,0.000218,0.0002207,5298.0,1.5155436e+12,1.16511253,37.0,3805.0,0.83948837,0.0
5194,1.5155436e+12,0.00022071,0.00023151,0.00022071,0.00022451,6247.0,1.5155439e+12,1.41550022,26.0,6019.0,1.36504743,0.0
5195,1.5155439e+12,0.0002245,0.00022783,0.00022071,0.00022142,3314.0,1.5155442e+12,0.74275029,26.0,2654.0,0.59672488,0.0
5196,1.5155442e+12,0.00022191,0.00022197,0.00022188,0.00022189,2917.0,1.5155445e+12,0.64735185,13.0,859.0,0.19060703,0.0
5197,1.5155445e+12,0.00022189,0.00022189,0.000218,0.00022067,1833.0,1.5155448e+12,0.40185844,10.0,293.0,0.06467634,0.0
5198,1.5155448e+12,0.0002205,0.0002205,0.00021114,0.00021899,10989.0,1.5155451e+12,2.33573604,34.0,2811.0,0.59857624,0.0
5199,1.5155451e+12,0.00021594,0.00021897,0.00021567,0.00021586,3886.0,1.5155454e+12,0.83885811,23.0,3357.0,0.72465009,0.0
5200,1.5155454e+12,0.00021589,0.00021878,0.00021576,0.00021597,1982.0,1.5155457e+12,0.42936611,19.0,734.0,0.15992459,0.0
5201,1.5155457e+12,0.00021599,0.00021897,0.00021309,0.000217,3751.0,1.515546e+12,0.81124167,34.0,1254.0,0.27291215,0.0
5202,1.515546e+12,0.00021353,0.00021587,0.00021311,0.00021587,6532.0,1.5155463e+12,1.39734002,28.0,2250.0,0.48421232,0.0
5203,1.5155463e+12,0.00021322,0.00021569,0.00021159,0.00021567,1619.0,1.5155466e+12,0.34737844,17.0,969.0,0.20896188,0.0
5204,1.5155466e+12,0.0002156,0.00021561,0.00021353,0.00021355,1503.0,1.5155469e+12,0.32113452,12.0,218.0,0.04672453,0.0
5205,1.5155469e+12,0.00021354,0.00021547,0.00021353,0.00021355,4116.0,1.5155472e+12,0.87895621,18.0,874.0,0.18669169,0.0
5206,1.5155472e+12,0.00021355,0.00021539,0.00021128,0.00021128,2639.0,1.5155475e+12,0.56305528,16.0,617.0,0.13289384,0.0
5207,1.5155475e+12,0.00021554,0.00021554,0.000211,0.00021449,3442.0,1.5155478e+12,0.72925432,15.0,83.0,0.01782073,0.0
5208,1.5155478e+12,0.00021446,0.00021446,0.00021104,0.00021107,1373.0,1.5155481e+12,0.29035598,16.0,546.0,0.11580224,0.0
5209,1.5155481e+12,0.00021108,0.00021409,0.00021108,0.0002111,2861.0,1.5155484e+12,0.60393572,6.0,11.0,0.00235499,0.0
5210,1.5155484e+12,0.0002138,0.00021557,0.0002138,0.00021413,6033.0,1.5155487e+12,1.29327573,23.0,2142.0,0.4591933,0.0
5211,1.5155487e+12,0.00021554,0.00021556,0.00021413,0.00021556,6552.0,1.515549e+12,1.41081997,23.0,3392.0,0.73098309,0.0
5212,1.515549e+12,0.00021551,0.00021552,0.00021386,0.00021544,765.0,1.5155493e+12,0.16429944,9.0,656.0,0.14096991,0.0
5213,1.5155493e+12,0.00021544,0.00021544,0.00021394,0.00021394,1161.0,1.5155496e+12,0.24902132,4.0,421.0,0.09070024,0.0
5214,1.5155496e+12,0.00021544,0.00021544,0.00021404,0.00021404,916.0,1.5155499e+12,0.19613064,5.0,92.0,0.01976168,0.0
5215,1.5155499e+12,0.00021405,0.00021557,0.00021405,0.00021557,246.0,1.5155502e+12,0.05293153,6.0,217.0,0.04672408,0.0
5216,1.5155502e+12,0.00021557,0.0002185,0.00021557,0.00021809,2204.0,1.5155505e+12,0.47739733,22.0,1376.0,0.29856109,0.0
5217,1.5155505e+12,0.0002181,0.0002219,0.00021534,0.00021883,7284.0,1.5155508e+12,1.60109736,37.0,6207.0,1.3667747,0.0
5218,1.5155508e+12,0.00022097,0.00022097,0.00022097,0.00022097,25.0,1.5155511e+12,0.00552425,1.0,25.0,0.00552425,0.0
5219,1.5155511e+12,0.00022095,0.00022097,0.000218,0.00022096,2369.0,1.5155514e+12,0.52220159,22.0,1878.0,0.41497335,0.0
5220,1.5155514e+12,0.00021823,0.0002223,0.00021823,0.00022194,4584.0,1.5155517e+12,1.01236185,43.0,4331.0,0.95714694,0.0
5221,1.5155517e+12,0.00022193,0.00022655,0.00021817,0.00022575,2578.0,1.515552e+12,0.57184153,28.0,2409.0,0.53496006,0.0
5222,1.515552e+12,0.00022367,0.00023107,0.00022367,0.00023107,4136.0,1.5155523e+12,0.93844444,26.0,2814.0,0.63960246,0.0
5223,1.5155523e+12,0.00023107,0.00023835,0.00022575,0.0002361,9197.0,1.5155526e+12,2.12359141,88.0,4289.0,0.99818739,0.0
5224,1.5155526e+12,0.0002361,0.0002361,0.00023092,0.00023108,2808.0,1.5155529e+12,0.65033545,24.0,784.0,0.18254457,0.0
5225,1.5155529e+12,0.000232,0.00023604,0.00023116,0.00023116,2445.0,1.5155532e+12,0.57253777,16.0,1218.0,0.28583745,0.0
5226,1.5155532e+12,0.00023234,0.0002328,0.00023116,0.00023117,7568.0,1.5155535e+12,1.75334348,30.0,1866.0,0.43408554,0.0
5227,1.5155535e+12,0.00023156,0.00023249,0.00023116,0.0002314,2952.0,1.5155538e+12,0.68513779,32.0,1844.0,0.42863893,0.0
5228,1.5155538e+12,0.00023483,0.00023484,0.0002316,0.00023468,1251.0,1.5155541e+12,0.29091574,9.0,434.0,0.10169854,0.0
5229,1.5155541e+12,0.00023202,0.00023488,0.00023116,0.0002328,9187.0,1.5155544e+12,2.13343647,45.0,4457.0,1.03775153,0.0
5230,1.5155544e+12,0.00023278,0.00023278,0.00023172,0.00023172,109.0,1.5155547e+12,0.02532512,3.0,109.0,0.02532512,0.0
5231,1.5155547e+12,0.00023155,0.00023288,0.00023154,0.00023288,1545.0,1.515555e+12,0.35805516,14.0,837.0,0.19392198,0.0
5232,1.515555e+12,0.00023288,0.00023964,0.00023164,0.00023963,2730.0,1.5155553e+12,0.63999635,24.0,2307.0,0.54110695,0.0
5233,1.5155553e+12,0.00023775,0.00023833,0.00023423,0.00023778,695.0,1.5155556e+12,0.16440543,16.0,192.0,0.04573442,0.0
5234,1.5155556e+12,0.00023789,0.00024,0.00023429,0.00023429,22160.0,1.5155559e+12,5.24933073,54.0,5593.0,1.34138315,0.0
5235,1.5155559e+12,0.0002347,0.00023939,0.0002347,0.0002347,757.0,1.5155562e+12,0.17850076,12.0,350.0,0.08291445,0.0
5236,1.5155562e+12,0.00023535,0.00023939,0.00023534,0.00023937,1014.0,1.5155565e+12,0.24213108,14.0,822.0,0.19661677,0.0
5237,1.5155565e+12,0.00023688,0.00023688,0.0002343,0.0002343,2987.0,1.5155568e+12,0.70221896,17.0,482.0,0.11416477,0.0
5238,1.5155568e+12,0.0002343,0.0002343,0.00022921,0.00022931,6779.0,1.5155571e+12,1.56892668,28.0,520.0,0.12138436,0.0
5239,1.5155571e+12,0.00023381,0.00023381,0.00022777,0.00022777,3863.0,1.5155574e+12,0.89200618,27.0,761.0,0.17724991,0.0
5240,1.5155574e+12,0.00022978,0.00023,0.00022778,0.00022799,946.0,1.5155577e+12,0.21568975,18.0,624.0,0.14226527,0.0
5241,1.5155577e+12,0.00022799,0.0002294,0.00022778,0.00022778,605.0,1.515558e+12,0.13795831,8.0,281.0,0.06415402,0.0
5242,1.515558e+12,0.00022778,0.0002294,0.00022778,0.0002294,186.0,1.5155583e+12,0.04240072,5.0,20.0,0.004588,0.0
5243,1.5155583e+12,0.00022777,0.0002294,0.00022777,0.00022777,3180.0,1.5155586e+12,0.72575228,20.0,211.0,0.0484034,0.0
5244,1.5155586e+12,0.00022777,0.00022937,0.00022777,0.0002282,682.0,1.5155589e+12,0.15539986,10.0,476.0,0.10847924,0.0
5245,1.5155589e+12,0.00022641,0.00022836,0.00022641,0.00022824,551.0,1.5155592e+12,0.12572685,9.0,438.0,0.09996173,0.0
5246,1.5155592e+12,0.00022805,0.0002283,0.00022286,0.00022286,6167.0,1.5155595e+12,1.40304916,35.0,4504.0,1.02797499,0.0
5247,1.5155595e+12,0.00022301,0.00022829,0.00022299,0.00022341,4171.0,1.5155598e+12,0.93932253,27.0,1221.0,0.27808443,0.0
5248,1.5155598e+12,0.00022281,0.00023937,0.00022281,0.00022769,3952.0,1.5155601e+12,0.90427724,32.0,3107.0,0.71580721,0.0
5249,1.5155601e+12,0.00022716,0.00023154,0.00022563,0.00022957,988.0,1.5155604e+12,0.22418098,19.0,268.0,0.0613653,0.0
5250,1.5155604e+12,0.00022796,0.00022957,0.00022795,0.00022925,2376.0,1.5155607e+12,0.54414085,16.0,309.0,0.07076629,0.0
5251,1.5155607e+12,0.00022957,0.00022958,0.00022925,0.00022957,1336.0,1.515561e+12,0.30668146,13.0,105.0,0.02410545,0.0
5252,1.515561e+12,0.00022957,0.00023939,0.00022957,0.00023388,6432.0,1.5155613e+12,1.5163994,45.0,3956.0,0.93528087,0.0
5253,1.5155613e+12,0.00023188,0.00023388,0.00022996,0.00023019,1845.0,1.5155616e+12,0.42480638,16.0,42.0,0.00978136,0.0
5254,1.5155616e+12,0.0002307,0.00023301,0.00023011,0.00023301,1339.0,1.5155619e+12,0.30879202,22.0,284.0,0.06597942,0.0
5255,1.5155619e+12,0.00023388,0.00023599,0.00023259,0.00023547,642.0,1.5155622e+12,0.15068179,15.0,229.0,0.05390019,0.0
5256,1.5155622e+12,0.00023547,0.00024125,0.00023546,0.00024125,7395.0,1.5155625e+12,1.75660889,66.0,6117.0,1.45362707,0.0
5257,1.5155625e+12,0.00024188,0.00024444,0.00024188,0.0002428,11538.0,1.5155628e+12,2.80031829,74.0,6665.0,1.61584913,0.0
5258,1.5155628e+12,0.0002428,0.00025,0.00024222,0.00024925,23093.0,1.5155631e+12,5.7244976,99.0,18380.0,4.56640262,0.0
5259,1.5155631e+12,0.00024937,0.000255,0.00024702,0.000255,12912.0,1.5155634e+12,3.2461032,108.0,7676.0,1.935566,0.0
5260,1.5155634e+12,0.00025498,0.00026418,0.00025456,0.00026418,25404.0,1.5155637e+12,6.59154143,123.0,20441.0,5.30383698,0.0
5261,1.5155637e+12,0.00026434,0.000275,0.000259,0.000275,43801.0,1.515564e+12,11.79870811,212.0,33134.0,8.95648784,0.0
5262,1.515564e+12,0.00027598,0.00028,0.00026014,0.000279,50653.0,1.5155643e+12,13.91419682,262.0,24073.0,6.66530261,0.0
5263,1.5155643e+12,0.000279,0.000279,0.000267,0.00027,24970.0,1.5155646e+12,6.88174266,110.0,8753.0,2.41754917,0.0
5264,1.5155646e+12,0.00027001,0.00027197,0.00025572,0.00026,11961.0,1.5155649e+12,3.13551561,71.0,3504.0,0.91645695,0.0
5265,1.5155649e+12,0.00026,0.00026198,0.00025882,0.000259,9489.0,1.5155652e+12,2.47474545,70.0,6564.0,1.71423775,0.0
5266,1.5155652e+12,0.00025882,0.00025882,0.00025235,0.00025776,16387.0,1.5155655e+12,4.17373203,51.0,4866.0,1.24540716,0.0
5267,1.5155655e+12,0.000257,0.00025775,0.00024224,0.00025003,22144.0,1.5155658e+12,5.49554932,91.0,11572.0,2.86558098,0.0
5268,1.5155658e+12,0.00025,0.00025254,0.00024998,0.00025251,7881.0,1.5155661e+12,1.9790195,59.0,4185.0,1.05351296,0.0
5269,1.5155661e+12,0.0002525,0.0002559,0.0002498,0.0002559,16064.0,1.5155664e+12,4.05092519,67.0,8679.0,2.18755932,0.0
5270,1.5155664e+12,0.0002559,0.00025776,0.000255,0.000255,8789.0,1.5155667e+12,2.25833459,55.0,5137.0,1.32365481,0.0
5271,1.5155667e+12,0.00025498,0.0002568,0.00025498,0.0002568,6584.0,1.515567e+12,1.67932587,29.0,4951.0,1.26279172,0.0
5272,1.515567e+12,0.00025509,0.0002595,0.00025509,0.00025718,13578.0,1.5155673e+12,3.51485544,73.0,4878.0,1.26254224,0.0
5273,1.5155673e+12,0.00025723,0.0002714,0.0002572,0.0002714,6626.0,1.5155676e+12,1.76553129,58.0,5452.0,1.45659798,0.0
5274,1.5155676e+12,0.00027001,0.00027187,0.0002634,0.0002714,20085.0,1.5155679e+12,5.42518037,115.0,14461.0,3.91116214,0.0
5275,1.5155679e+12,0.00027139,0.0002714,0.00026708,0.0002675,7531.0,1.5155682e+12,2.03408338,44.0,5138.0,1.38818897,0.0
5276,1.5155682e+12,0.0002675,0.0002705,0.00026129,0.00027046,11573.0,1.5155685e+12,3.10918912,69.0,7579.0,2.04290063,0.0
5277,1.5155685e+12,0.00026355,0.00027044,0.00026355,0.00026453,6684.0,1.5155688e+12,1.79102283,48.0,2521.0,0.68062093,0.0
5278,1.5155688e+12,0.00026451,0.00026451,0.000251,0.00025325,5239.0,1.5155691e+12,1.35981594,52.0,1127.0,0.28995387,0.0
5279,1.5155691e+12,0.00025325,0.00025325,0.00024249,0.00024691,11847.0,1.5155694e+12,2.97237413,59.0,3957.0,0.99602657,0.0
5280,1.5155694e+12,0.00024897,0.00024936,0.00024249,0.00024511,4548.0,1.5155697e+12,1.11495268,35.0,783.0,0.19449706,0.0
5281,1.5155697e+12,0.0002452,0.000266,0.00024519,0.00025554,10418.0,1.51557e+12,2.62636813,72.0,6918.0,1.75819031,0.0
5282,1.51557e+12,0.00025554,0.00025765,0.00024661,0.00025145,2772.0,1.5155703e+12,0.6995911,35.0,1630.0,0.41577497,0.0
5283,1.5155703e+12,0.0002505,0.0002505,0.00024604,0.00024613,8343.0,1.5155706e+12,2.06070087,47.0,1439.0,0.3595134,0.0
5284,1.5155706e+12,0.00024613,0.000249,0.000246,0.00024631,4763.0,1.5155709e+12,1.17667796,25.0,2042.0,0.50700916,0.0
5285,1.5155709e+12,0.000249,0.00025799,0.000249,0.00024999,2301.0,1.5155712e+12,0.57610584,25.0,985.0,0.24754907,0.0
5286,1.5155712e+12,0.00024999,0.00025792,0.000249,0.0002495,3000.0,1.5155715e+12,0.75226003,36.0,1209.0,0.30554218,0.0
5287,1.5155715e+12,0.00025497,0.00025787,0.00024964,0.0002545,1445.0,1.5155718e+12,0.36716246,25.0,367.0,0.09382496,0.0
5288,1.5155718e+12,0.0002535,0.00025484,0.00024447,0.00024447,15460.0,1.5155721e+12,3.8652871,68.0,4829.0,1.21616513,0.0
5289,1.5155721e+12,0.00024447,0.00024497,0.00024099,0.00024497,6637.0,1.5155724e+12,1.61624005,56.0,3864.0,0.94452535,0.0
5290,1.5155724e+12,0.00024201,0.00024203,0.00023502,0.00023654,7211.0,1.5155727e+12,1.7242967,43.0,3625.0,0.86866079,0.0
5291,1.5155727e+12,0.00023656,0.00023807,0.00023656,0.00023784,4698.0,1.515573e+12,1.11474131,38.0,627.0,0.14892357,0.0
5292,1.515573e+12,0.00023785,0.00024184,0.0002371,0.00024184,1991.0,1.5155733e+12,0.47707308,21.0,1483.0,0.35629403,0.0
5293,1.5155733e+12,0.00024196,0.00024197,0.00023785,0.00023831,4224.0,1.5155736e+12,1.01100313,21.0,484.0,0.11710964,0.0
5294,1.5155736e+12,0.00023785,0.00023785,0.00023101,0.000235,11823.0,1.5155739e+12,2.79526467,51.0,2795.0,0.66233896,0.0
5295,1.5155739e+12,0.0002312,0.000235,0.0002312,0.00023455,1311.0,1.5155742e+12,0.3063958,15.0,973.0,0.22823614,0.0
5296,1.5155742e+12,0.00023455,0.000242,0.00023455,0.00023804,4657.0,1.5155745e+12,1.11689238,35.0,4147.0,0.99559531,0.0
5297,1.5155745e+12,0.00023804,0.00023996,0.00023516,0.00023625,3349.0,1.5155748e+12,0.79259912,28.0,1196.0,0.28402902,0.0
5298,1.5155748e+12,0.00023626,0.00023804,0.00023625,0.00023757,4861.0,1.5155751e+12,1.14862065,18.0,1198.0,0.28310035,0.0
5299,1.5155751e+12,0.00023756,0.00023804,0.0002366,0.00023803,466.0,1.5155754e+12,0.11077502,10.0,334.0,0.07945911,0.0
5300,1.5155754e+12,0.00023771,0.00023772,0.0002367,0.00023759,7658.0,1.5155757e+12,1.81968512,17.0,6859.0,1.62981027,0.0
5301,1.5155757e+12,0.00023849,0.0002385,0.00023759,0.0002385,4439.0,1.515576e+12,1.05680542,18.0,4244.0,1.01044834,0.0
5302,1.515576e+12,0.00023888,0.000242,0.00023759,0.000242,5177.0,1.5155763e+12,1.23301829,32.0,1734.0,0.41436986,0.0
5303,1.5155763e+12,0.0002385,0.000248,0.0002385,0.000243,6213.0,1.5155766e+12,1.51621176,50.0,3480.0,0.84800788,0.0
5304,1.5155766e+12,0.00024796,0.00024796,0.00024301,0.00024601,2014.0,1.5155769e+12,0.49653484,23.0,958.0,0.23748908,0.0
5305,1.5155769e+12,0.00024601,0.00024999,0.00024601,0.000248,3615.0,1.5155772e+12,0.89595448,37.0,840.0,0.20866776,0.0
5306,1.5155772e+12,0.00024798,0.000252,0.000246,0.00024602,3653.0,1.5155775e+12,0.90779644,25.0,3191.0,0.7933799,0.0
5307,1.5155775e+12,0.00024604,0.00025238,0.00024601,0.00024823,1739.0,1.5155778e+12,0.4289662,18.0,182.0,0.04527003,0.0
5308,1.5155778e+12,0.00024823,0.00025233,0.00024823,0.00025233,2845.0,1.5155781e+12,0.71557742,23.0,2767.0,0.69610437,0.0
5309,1.5155781e+12,0.00025232,0.0002543,0.0002498,0.00024987,973.0,1.5155784e+12,0.24492431,24.0,725.0,0.1826745,0.0
5310,1.5155784e+12,0.00024998,0.0002582,0.00024998,0.0002582,3687.0,1.5155787e+12,0.93914749,45.0,1511.0,0.38470834,0.0
5311,1.5155787e+12,0.0002582,0.000261,0.00024986,0.0002586,7135.0,1.515579e+12,1.84578728,56.0,2234.0,0.57864637,0.0
5312,1.515579e+12,0.000258,0.00026236,0.00024605,0.00025222,9310.0,1.5155793e+12,2.39597531,54.0,6508.0,1.68933994,0.0
5313,1.5155793e+12,0.00025183,0.00025183,0.00024605,0.000249,2471.0,1.5155796e+12,0.61734643,19.0,1128.0,0.28220029,0.0
5314,1.5155796e+12,0.00025,0.00025493,0.00024913,0.00025,3938.0,1.5155799e+12,0.98698847,27.0,3577.0,0.89688587,0.0
5315,1.5155799e+12,0.00025009,0.00026,0.00025009,0.00025661,2549.0,1.5155802e+12,0.65301546,33.0,1438.0,0.36868507,0.0
5316,1.5155802e+12,0.00025661,0.00025661,0.00025272,0.00025274,579.0,1.5155805e+12,0.14757747,26.0,285.0,0.07303277,0.0
5317,1.5155805e+12,0.00025276,0.00025999,0.00025273,0.0002559,7989.0,1.5155808e+12,2.04830086,32.0,2643.0,0.67797226,0.0
5318,1.5155808e+12,0.00025996,0.00025996,0.00025274,0.00025274,1898.0,1.5155811e+12,0.48537538,22.0,440.0,0.11435423,0.0
5319,1.5155811e+12,0.000255,0.000255,0.00025,0.00025269,2931.0,1.5155814e+12,0.7393802,23.0,467.0,0.11800703,0.0
5320,1.5155814e+12,0.00025266,0.00025266,0.00024905,0.00024905,1956.0,1.5155817e+12,0.48876416,16.0,724.0,0.18102119,0.0
5321,1.5155817e+12,0.00024903,0.00025642,0.00024618,0.00025642,2032.0,1.515582e+12,0.50804566,33.0,1781.0,0.44564966,0.0
5322,1.515582e+12,0.00025272,0.000256,0.0002527,0.00025585,1880.0,1.5155823e+12,0.47546186,13.0,53.0,0.01356652,0.0
5323,1.5155823e+12,0.00025585,0.00025766,0.00025422,0.00025766,5430.0,1.5155826e+12,1.38630989,27.0,2200.0,0.56342786,0.0
5324,1.5155826e+12,0.000258,0.00026,0.00025602,0.00025894,2300.0,1.5155829e+12,0.59514946,21.0,1930.0,0.50033616,0.0
5325,1.5155829e+12,0.00025886,0.000259,0.00025574,0.00025639,11003.0,1.5155832e+12,2.82298988,60.0,6160.0,1.58241671,0.0
5326,1.5155832e+12,0.00025576,0.00025798,0.00025574,0.00025574,4144.0,1.5155835e+12,1.05987629,17.0,29.0,0.00748042,0.0
5327,1.5155835e+12,0.00025574,0.000258,0.00025574,0.000258,2501.0,1.5155838e+12,0.64465741,17.0,1021.0,0.26319865,0.0
5328,1.5155838e+12,0.00025898,0.00026,0.00025574,0.00025598,6088.0,1.5155841e+12,1.57640728,37.0,3207.0,0.83128757,0.0
5329,1.5155841e+12,0.000256,0.000256,0.000254,0.000254,5345.0,1.5155844e+12,1.36454082,28.0,3606.0,0.92073951,0.0
5330,1.5155844e+12,0.00025406,0.000255,0.000252,0.00025407,2208.0,1.5155847e+12,0.56047544,28.0,1867.0,0.47401301,0.0
5331,1.5155847e+12,0.00025407,0.00025407,0.00024999,0.00025001,1185.0,1.515585e+12,0.29650885,19.0,354.0,0.08875496,0.0
5332,1.515585e+12,0.00024999,0.00025699,0.00024999,0.00025699,3556.0,1.5155853e+12,0.8993958,21.0,3394.0,0.85841891,0.0
5333,1.5155853e+12,0.00025665,0.000258,0.00025013,0.00025242,3527.0,1.5155856e+12,0.90417349,39.0,583.0,0.15014756,0.0
5334,1.5155856e+12,0.00025439,0.00025439,0.00025037,0.00025038,2532.0,1.5155859e+12,0.63547636,27.0,306.0,0.07774703,0.0
5335,1.5155859e+12,0.00025038,0.00025431,0.00024602,0.00024999,4009.0,1.5155862e+12,1.00170758,36.0,2852.0,0.71305297,0.0
5336,1.5155862e+12,0.00024621,0.00024979,0.00024621,0.00024873,1805.0,1.5155865e+12,0.4480626,25.0,1346.0,0.33498141,0.0
5337,1.5155865e+12,0.0002468,0.000249,0.000241,0.00024898,4436.0,1.5155868e+12,1.08398304,46.0,1308.0,0.32270969,0.0
5338,1.5155868e+12,0.00024895,0.00024895,0.00024125,0.00024856,5142.0,1.5155871e+12,1.25199149,23.0,478.0,0.11888739,0.0
5339,1.5155871e+12,0.00024223,0.00024796,0.00024223,0.00024308,544.0,1.5155874e+12,0.13265361,10.0,257.0,0.06303012,0.0
5340,1.5155874e+12,0.00024308,0.00025427,0.00023875,0.00024426,5812.0,1.5155877e+12,1.44572223,51.0,2873.0,0.72319146,0.0
5341,1.5155877e+12,0.00024431,0.00025463,0.00024431,0.00025463,3920.0,1.515588e+12,0.98129245,47.0,3237.0,0.81038056,0.0
5342,1.515588e+12,0.00025463,0.000275,0.00025463,0.0002698,21869.0,1.5155883e+12,5.84061947,127.0,17616.0,4.72158016,0.0
5343,1.5155883e+12,0.00026974,0.000275,0.00025228,0.00025466,18308.0,1.5155886e+12,4.92538776,101.0,7437.0,2.00734943,0.0
5344,1.5155886e+12,0.00025468,0.0002566,0.00025248,0.00025248,1641.0,1.5155889e+12,0.41654423,23.0,496.0,0.12674046,0.0
5345,1.5155889e+12,0.00025243,0.00026659,0.00025243,0.00026659,2449.0,1.5155892e+12,0.63671192,38.0,1378.0,0.35683177,0.0
5346,1.5155892e+12,0.000266,0.00026687,0.00025661,0.00026028,4901.0,1.5155895e+12,1.29435456,40.0,1501.0,0.39476009,0.0
5347,1.5155895e+12,0.00026026,0.00026026,0.00025131,0.00025625,2092.0,1.5155898e+12,0.5399371,25.0,1280.0,0.33097882,0.0
5348,1.5155898e+12,0.00025625,0.00025625,0.00024425,0.00025226,7445.0,1.5155901e+12,1.87023195,38.0,2345.0,0.59369824,0.0
5349,1.5155901e+12,0.0002562,0.00025622,0.00025234,0.00025286,2049.0,1.5155904e+12,0.52150177,23.0,1086.0,0.2781131,0.0
5350,1.5155904e+12,0.00025287,0.00025598,0.00025236,0.00025259,3507.0,1.5155907e+12,0.88664103,35.0,580.0,0.14672288,0.0
5351,1.5155907e+12,0.0002525,0.0002525,0.00025236,0.00025236,2181.0,1.515591e+12,0.55046018,21.0,152.0,0.03837576,0.0
5352,1.515591e+12,0.00025001,0.00025005,0.00024,0.00024958,4140.0,1.5155913e+12,1.01818305,23.0,272.0,0.06791902,0.0
5353,1.5155913e+12,0.00024958,0.00024958,0.00024307,0.00024314,1052.0,1.5155916e+12,0.2596363,13.0,195.0,0.04866519,0.0
5354,1.5155916e+12,0.000246,0.00024902,0.000246,0.00024897,2951.0,1.5155919e+12,0.72758514,19.0,561.0,0.13951963,0.0
5355,1.5155919e+12,0.00024895,0.00024898,0.00024281,0.0002486,3338.0,1.5155922e+12,0.823497,34.0,1336.0,0.33070327,0.0
5356,1.5155922e+12,0.00024294,0.0002435,0.00024147,0.00024147,2447.0,1.5155925e+12,0.59475088,15.0,185.0,0.04486065,0.0
5357,1.5155925e+12,0.00024205,0.00024699,0.00024205,0.00024698,3044.0,1.5155928e+12,0.74527291,23.0,2079.0,0.51122904,0.0
5358,1.5155928e+12,0.00024573,0.00024953,0.00024573,0.0002465,2238.0,1.5155931e+12,0.55402096,18.0,1102.0,0.27387074,0.0
5359,1.5155931e+12,0.00024933,0.0002525,0.00024686,0.0002525,1381.0,1.5155934e+12,0.34611696,17.0,1355.0,0.3396986,0.0
5360,1.5155934e+12,0.0002525,0.0002525,0.00024749,0.00024853,3640.0,1.5155937e+12,0.90717091,32.0,1651.0,0.41215819,0.0
5361,1.5155937e+12,0.00025157,0.00025157,0.00024385,0.00024689,1442.0,1.515594e+12,0.35727124,14.0,166.0,0.04139725,0.0
5362,1.515594e+12,0.00024681,0.00024681,0.00024054,0.00024416,1938.0,1.5155943e+12,0.47090962,18.0,243.0,0.05946065,0.0
5363,1.5155943e+12,0.00024538,0.00024538,0.00023878,0.00023999,4987.0,1.5155946e+12,1.19926875,32.0,1344.0,0.32279015,0.0
5364,1.5155946e+12,0.00023893,0.00024308,0.00023893,0.00024257,668.0,1.5155949e+12,0.16055667,8.0,207.0,0.04997298,0.0
5365,1.5155949e+12,0.00024242,0.00024262,0.00024,0.000241,7013.0,1.5155952e+12,1.69161789,32.0,3549.0,0.85807019,0.0
5366,1.5155952e+12,0.00024021,0.00024498,0.00023995,0.00024498,7652.0,1.5155955e+12,1.84225327,32.0,5160.0,1.2433905,0.0
5367,1.5155955e+12,0.00024498,0.00024648,0.00024498,0.00024509,442.0,1.5155958e+12,0.10860025,13.0,339.0,0.08335698,0.0
5368,1.5155958e+12,0.0002451,0.00024646,0.00024498,0.00024498,1607.0,1.5155961e+12,0.39481837,15.0,724.0,0.17842617,0.0
5369,1.5155961e+12,0.00024626,0.0002464,0.00024507,0.00024507,1960.0,1.5155964e+12,0.48210904,20.0,1362.0,0.33541742,0.0
5370,1.5155964e+12,0.00024516,0.00024635,0.00024516,0.00024543,1276.0,1.5155967e+12,0.31299238,12.0,250.0,0.061432,0.0
5371,1.5155967e+12,0.00024542,0.000246,0.00023123,0.00024178,8756.0,1.515597e+12,2.13339022,51.0,1787.0,0.43207018,0.0
5372,1.515597e+12,0.00024178,0.00024491,0.00023935,0.00024171,1385.0,1.5155973e+12,0.33871843,12.0,1286.0,0.31482926,0.0
5373,1.5155973e+12,0.00024485,0.00024506,0.0002417,0.0002417,2502.0,1.5155976e+12,0.60788519,25.0,723.0,0.1771278,0.0
5374,1.5155976e+12,0.00024,0.00024208,0.00023799,0.0002383,872.0,1.5155979e+12,0.20824628,15.0,52.0,0.01258816,0.0
5375,1.5155979e+12,0.00023831,0.00024177,0.00023126,0.0002313,2489.0,1.5155982e+12,0.58783829,30.0,471.0,0.11149765,0.0
5376,1.5155982e+12,0.00023479,0.00023488,0.00023202,0.00023487,3162.0,1.5155985e+12,0.74148948,30.0,2896.0,0.67976826,0.0
5377,1.5155985e+12,0.00023372,0.00023491,0.00023372,0.00023468,15440.0,1.5155988e+12,3.62559604,63.0,11437.0,2.68568308,0.0
5378,1.5155988e+12,0.00023464,0.00023696,0.00023436,0.00023686,11330.0,1.5155991e+12,2.6622498,38.0,10460.0,2.45811677,0.0
5379,1.5155991e+12,0.00023686,0.00023688,0.00023461,0.00023599,3930.0,1.5155994e+12,0.92758959,38.0,876.0,0.20724608,0.0
5380,1.5155994e+12,0.00023438,0.00023695,0.00023438,0.00023469,1360.0,1.5155997e+12,0.31907621,12.0,118.0,0.02793094,0.0
5381,1.5155997e+12,0.00023695,0.00023696,0.00023498,0.00023634,1412.0,1.5156e+12,0.33253887,19.0,354.0,0.08380984,0.0
5382,1.5156e+12,0.0002363,0.0002363,0.00023438,0.00023461,1478.0,1.5156003e+12,0.3467756,23.0,1017.0,0.2386613,0.0
5383,1.5156003e+12,0.0002346,0.00023461,0.000231,0.00023242,4316.0,1.5156006e+12,1.00127895,41.0,961.0,0.22428821,0.0
5384,1.5156006e+12,0.00023102,0.00023108,0.000229,0.000229,4113.0,1.5156009e+12,0.94623075,38.0,981.0,0.22545096,0.0
5385,1.5156009e+12,0.00022894,0.00022901,0.00022666,0.00022896,2126.0,1.5156012e+12,0.4854289,19.0,1746.0,0.39929573,0.0
5386,1.5156012e+12,0.00022895,0.00022895,0.00022509,0.00022509,1713.0,1.5156015e+12,0.38879439,33.0,526.0,0.11963841,0.0
5387,1.5156015e+12,0.00022514,0.00022994,0.00022513,0.00022969,3795.0,1.5156018e+12,0.85729237,32.0,2580.0,0.58352291,0.0
5388,1.5156018e+12,0.00022965,0.00023,0.00022586,0.00023,1442.0,1.5156021e+12,0.33020012,32.0,1295.0,0.29692901,0.0
5389,1.5156021e+12,0.00023338,0.00023812,0.00023021,0.00023508,4304.0,1.5156024e+12,1.00844268,40.0,1291.0,0.30332783,0.0
5390,1.5156024e+12,0.00023465,0.00023465,0.00023139,0.0002341,1439.0,1.5156027e+12,0.33627252,15.0,1050.0,0.24622423,0.0
5391,1.5156027e+12,0.00023201,0.0002341,0.00023201,0.00023219,422.0,1.515603e+12,0.09861092,10.0,331.0,0.0774871,0.0
5392,1.515603e+12,0.0002338,0.0002338,0.00023292,0.00023293,366.0,1.5156033e+12,0.08525564,6.0,366.0,0.08525564,0.0
5393,1.5156033e+12,0.00023293,0.00023967,0.00023263,0.0002395,5706.0,1.5156036e+12,1.34509421,46.0,3445.0,0.81390546,0.0
5394,1.5156036e+12,0.0002395,0.00023953,0.000235,0.00023534,2857.0,1.5156039e+12,0.67478147,34.0,593.0,0.14144651,0.0
5395,1.5156039e+12,0.00023536,0.00023948,0.00023536,0.00023606,5658.0,1.5156042e+12,1.35363889,29.0,905.0,0.21660483,0.0
5396,1.5156042e+12,0.00023618,0.00023952,0.00023618,0.00023631,2320.0,1.5156045e+12,0.54922829,19.0,219.0,0.05239293,0.0
5397,1.5156045e+12,0.00023633,0.00023928,0.00023626,0.00023632,2492.0,1.5156048e+12,0.58896448,19.0,740.0,0.17494532,0.0
5398,1.5156048e+12,0.00023632,0.00023928,0.00023632,0.00023927,409.0,1.5156051e+12,0.0969714,6.0,409.0,0.0969714,0.0
5399,1.5156051e+12,0.00023923,0.00023923,0.00023895,0.00023895,1816.0,1.5156054e+12,0.43408082,11.0,1800.0,0.43025762,0.0
5400,1.5156054e+12,0.00023899,0.00023953,0.00023626,0.00023953,2413.0,1.5156057e+12,0.57544826,31.0,1440.0,0.34416525,0.0
5401,1.5156057e+12,0.00023916,0.00023917,0.0002376,0.00023761,2830.0,1.515606e+12,0.6755359,34.0,1565.0,0.37429746,0.0
5402,1.515606e+12,0.00023762,0.00023849,0.00023181,0.00023188,2358.0,1.5156063e+12,0.55669818,27.0,534.0,0.12646816,0.0
5403,1.5156063e+12,0.0002321,0.00023584,0.0002321,0.0002354,545.0,1.5156066e+12,0.12743313,10.0,297.0,0.06960797,0.0
5404,1.5156066e+12,0.00023499,0.0002395,0.00023499,0.00023541,2626.0,1.5156069e+12,0.62259943,18.0,2301.0,0.54607678,0.0
5405,1.5156069e+12,0.00023739,0.00023739,0.00023739,0.00023739,127.0,1.5156072e+12,0.03014853,4.0,127.0,0.03014853,0.0
5406,1.5156072e+12,0.00023739,0.00023739,0.00023549,0.00023549,390.0,1.5156075e+12,0.09212934,12.0,161.0,0.03806925,0.0
5407,1.5156075e+12,0.00023541,0.0002355,0.00023342,0.00023359,1333.0,1.5156078e+12,0.31356109,14.0,1030.0,0.24253931,0.0
5408,1.5156078e+12,0.00023359,0.00023359,0.000231,0.000231,2971.0,1.5156081e+12,0.69019014,26.0,30.0,0.00697897,0.0
5409,1.5156081e+12,0.00023147,0.00023594,0.00023147,0.00023594,3039.0,1.5156084e+12,0.71388234,16.0,2659.0,0.62591694,0.0
5410,1.5156084e+12,0.00023597,0.00023597,0.00023381,0.00023381,165.0,1.5156087e+12,0.03881263,9.0,28.0,0.00660632,0.0
5411,1.5156087e+12,0.0002348,0.0002348,0.00023205,0.00023235,1698.0,1.515609e+12,0.39565436,9.0,644.0,0.15091136,0.0
5412,1.515609e+12,0.00023412,0.00023412,0.00023276,0.00023379,457.0,1.5156093e+12,0.1068362,9.0,435.0,0.10171548,0.0
5413,1.5156093e+12,0.00023505,0.00023505,0.00023379,0.00023379,3366.0,1.5156096e+12,0.7874516,20.0,809.0,0.18948288,0.0
5414,1.5156096e+12,0.00023378,0.00023378,0.00023378,0.00023378,324.0,1.5156099e+12,0.07574472,6.0,237.0,0.05540586,0.0
5415,1.5156099e+12,0.00023377,0.00023412,0.00023377,0.00023378,766.0,1.5156102e+12,0.17908958,10.0,617.0,0.14425544,0.0
5416,1.5156102e+12,0.0002339,0.00023938,0.00023378,0.00023663,6369.0,1.5156105e+12,1.49549604,35.0,2567.0,0.6046693,0.0
5417,1.5156105e+12,0.00023411,0.00023635,0.000231,0.00023103,3858.0,1.5156108e+12,0.8966425,46.0,427.0,0.09928434,0.0
5418,1.5156108e+12,0.000231,0.00023109,0.00023,0.00023108,2113.0,1.5156111e+12,0.48712439,29.0,549.0,0.12685048,0.0
5419,1.5156111e+12,0.00023109,0.00023109,0.00023,0.00023105,1463.0,1.5156114e+12,0.33674932,16.0,220.0,0.05083556,0.0
5420,1.5156114e+12,0.00023105,0.00023105,0.00023103,0.00023105,1557.0,1.5156117e+12,0.35972379,17.0,1557.0,0.35972379,0.0
5421,1.5156117e+12,0.00023105,0.00023108,0.00023,0.00023108,1063.0,1.515612e+12,0.24505342,20.0,465.0,0.10745061,0.0
5422,1.515612e+12,0.00023037,0.00023504,0.00023037,0.00023479,735.0,1.5156123e+12,0.17165968,18.0,695.0,0.1624292,0.0
5423,1.5156123e+12,0.00023215,0.00023471,0.00023215,0.00023436,230.0,1.5156126e+12,0.05389063,8.0,203.0,0.04761874,0.0
5424,1.5156126e+12,0.00023456,0.00023464,0.00023321,0.00023378,782.0,1.5156129e+12,0.18318085,24.0,540.0,0.12667039,0.0
5425,1.5156129e+12,0.00023322,0.00023463,0.00023322,0.00023453,427.0,1.5156132e+12,0.10011937,9.0,389.0,0.09125701,0.0
5426,1.5156132e+12,0.0002345,0.00023451,0.00023322,0.00023327,1846.0,1.5156135e+12,0.43107865,12.0,322.0,0.07548593,0.0
5427,1.5156135e+12,0.00023328,0.00023439,0.00023327,0.00023438,1935.0,1.5156138e+12,0.45316662,15.0,1694.0,0.39694124,0.0
5428,1.5156138e+12,0.00023439,0.0002344,0.00023438,0.00023438,3709.0,1.5156141e+12,0.86933563,15.0,2458.0,0.57612625,0.0
5429,1.5156141e+12,0.0002344,0.00024358,0.00023439,0.00023783,8236.0,1.5156144e+12,1.94295799,47.0,2193.0,0.51967843,0.0
5430,1.5156144e+12,0.00023785,0.00023785,0.00023036,0.0002325,3340.0,1.5156147e+12,0.78148319,63.0,75.0,0.01753205,0.0
5431,1.5156147e+12,0.00023297,0.00023299,0.00023174,0.00023174,4772.0,1.515615e+12,1.11103767,42.0,4464.0,1.03966175,0.0
5432,1.515615e+12,0.00023176,0.00023286,0.00023176,0.00023195,1509.0,1.5156153e+12,0.34997964,22.0,1208.0,0.28019955,0.0
5433,1.5156153e+12,0.00023295,0.00024,0.00023197,0.00023242,2968.0,1.5156156e+12,0.69796695,32.0,817.0,0.1923744,0.0
5434,1.5156156e+12,0.00023246,0.000236,0.00023246,0.000236,1289.0,1.5156159e+12,0.30177059,8.0,825.0,0.19383319,0.0
5435,1.5156159e+12,0.00023788,0.0002499,0.00023656,0.00023691,4514.0,1.5156162e+12,1.08444027,71.0,1827.0,0.44620116,0.0
5436,1.5156162e+12,0.00023691,0.00023905,0.00023252,0.00023864,1147.0,1.5156165e+12,0.27027686,21.0,190.0,0.04518596,0.0
5437,1.5156165e+12,0.00023842,0.00023843,0.0002331,0.0002345,905.0,1.5156168e+12,0.21381058,10.0,503.0,0.11978407,0.0
5438,1.5156168e+12,0.0002345,0.0002462,0.0002345,0.00024041,2955.0,1.5156171e+12,0.69853698,25.0,1518.0,0.35981387,0.0
5439,1.5156171e+12,0.00023904,0.00023905,0.00023589,0.00023757,412.0,1.5156174e+12,0.09755455,5.0,3.0,0.00071271,0.0
5440,1.5156174e+12,0.00023712,0.00023712,0.0002331,0.00023325,3383.0,1.5156177e+12,0.79328837,17.0,170.0,0.0401753,0.0
5441,1.5156177e+12,0.00023659,0.00023659,0.00023352,0.00023352,1043.0,1.515618e+12,0.24664549,8.0,1020.0,0.24127453,0.0
5442,1.515618e+12,0.0002367,0.0002376,0.00023501,0.00023501,88.0,1.5156183e+12,0.02079163,4.0,50.0,0.01186125,0.0
5443,1.5156183e+12,0.00023888,0.00023901,0.00023885,0.00023901,2167.0,1.5156186e+12,0.51764039,11.0,2096.0,0.50067099,0.0
5444,1.5156186e+12,0.00024,0.000249,0.00024,0.00024361,4302.0,1.5156189e+12,1.04732633,53.0,2630.0,0.64505747,0.0
5445,1.5156189e+12,0.00024486,0.00024486,0.00023933,0.00024276,1129.0,1.5156192e+12,0.27400426,22.0,587.0,0.14312961,0.0
5446,1.5156192e+12,0.00024256,0.00024312,0.00023972,0.00024005,814.0,1.5156195e+12,0.19738954,13.0,146.0,0.03542035,0.0
5447,1.5156195e+12,0.00024013,0.00024479,0.00024013,0.00024443,885.0,1.5156198e+12,0.21356841,11.0,209.0,0.0511413,0.0
5448,1.5156198e+12,0.00024438,0.00024438,0.00024013,0.0002414,942.0,1.5156201e+12,0.22931992,10.0,728.0,0.17772043,0.0
5449,1.5156201e+12,0.00024152,0.00024154,0.00023989,0.00023989,3962.0,1.5156204e+12,0.95341457,23.0,22.0,0.00531234,0.0
5450,1.5156204e+12,0.00023989,0.00024041,0.00023989,0.0002399,1493.0,1.5156207e+12,0.35817278,6.0,171.0,0.0410382,0.0
5451,1.5156207e+12,0.00024,0.00024041,0.0002399,0.00024041,623.0,1.515621e+12,0.14956262,12.0,610.0,0.14644326,0.0
5452,1.515621e+12,0.00024051,0.00024051,0.00023989,0.00023989,959.0,1.5156213e+12,0.23017878,9.0,0.0,0.0,0.0
5453,1.5156213e+12,0.00023989,0.0002414,0.00023989,0.00023989,2724.0,1.5156216e+12,0.65391336,12.0,300.0,0.07242,0.0
5454,1.5156216e+12,0.00023989,0.00023989,0.00023989,0.00023989,1289.0,1.5156219e+12,0.30921821,7.0,0.0,0.0,0.0
5455,1.5156219e+12,0.00023989,0.00023989,0.00023429,0.00023429,150.0,1.5156222e+12,0.03589618,3.0,44.0,0.01054064,0.0
5456,1.5156222e+12,0.00023934,0.00023934,0.0002301,0.00023238,5854.0,1.5156225e+12,1.35927201,29.0,840.0,0.19568006,0.0
5457,1.5156225e+12,0.0002324,0.00023242,0.00023,0.00023001,1614.0,1.5156228e+12,0.37177459,15.0,294.0,0.06805136,0.0
5458,1.5156228e+12,0.00023021,0.00023967,0.00023017,0.00023401,3619.0,1.5156231e+12,0.83414947,12.0,107.0,0.02533081,0.0
5459,1.5156231e+12,0.00023396,0.00023396,0.00022564,0.0002329,5580.0,1.5156234e+12,1.27187516,42.0,973.0,0.22676217,0.0
5460,1.5156234e+12,0.00022622,0.00023215,0.00022622,0.00022635,1485.0,1.5156237e+12,0.33626107,24.0,1305.0,0.29553497,0.0
5461,1.5156237e+12,0.00022633,0.00023316,0.00022627,0.00022833,3963.0,1.515624e+12,0.90341398,34.0,3100.0,0.70745067,0.0
5462,1.515624e+12,0.00022829,0.00022829,0.00022633,0.000227,1107.0,1.5156243e+12,0.2506918,9.0,126.0,0.02863096,0.0
5463,1.5156243e+12,0.0002265,0.00023351,0.0002265,0.00023132,2922.0,1.5156246e+12,0.67477474,21.0,2818.0,0.65121721,0.0
5464,1.5156246e+12,0.00023132,0.0002335,0.00023034,0.00023346,672.0,1.5156249e+12,0.15652568,7.0,628.0,0.14639072,0.0
5465,1.5156249e+12,0.00023059,0.00023345,0.00022928,0.0002293,479.0,1.5156252e+12,0.11029145,14.0,48.0,0.0112056,0.0
5466,1.5156252e+12,0.00022931,0.00023342,0.00022931,0.00023001,1734.0,1.5156255e+12,0.39984251,23.0,480.0,0.11111826,0.0
5467,1.5156255e+12,0.00023,0.00023314,0.00022668,0.00023314,8187.0,1.5156258e+12,1.88707356,36.0,4679.0,1.08512576,0.0
5468,1.5156258e+12,0.00023314,0.000242,0.00023314,0.00023357,7964.0,1.5156261e+12,1.88541794,52.0,3363.0,0.79222912,0.0
5469,1.5156261e+12,0.00023331,0.00023454,0.00023109,0.00023454,2512.0,1.5156264e+12,0.58360594,16.0,1257.0,0.29256381,0.0
5470,1.5156264e+12,0.0002345,0.00023698,0.00023405,0.00023566,689.0,1.5156267e+12,0.16227193,15.0,677.0,0.15946333,0.0
5471,1.5156267e+12,0.00023565,0.00023698,0.00023565,0.00023698,555.0,1.515627e+12,0.13089432,12.0,436.0,0.10285197,0.0
5472,1.515627e+12,0.00023698,0.0002399,0.00023698,0.00023714,1512.0,1.5156273e+12,0.3600617,20.0,783.0,0.18634961,0.0
5473,1.5156273e+12,0.0002372,0.00024386,0.0002372,0.00024385,3072.0,1.5156276e+12,0.73836314,30.0,1398.0,0.33684792,0.0
5474,1.5156276e+12,0.00024003,0.00024357,0.00024003,0.00024275,964.0,1.5156279e+12,0.23323584,16.0,545.0,0.13253051,0.0
5475,1.5156279e+12,0.00024277,0.00024308,0.00024102,0.00024111,3888.0,1.5156282e+12,0.9410595,44.0,1267.0,0.30790144,0.0
5476,1.5156282e+12,0.00024307,0.0002445,0.00024,0.00024,5190.0,1.5156285e+12,1.25705165,37.0,1380.0,0.33634002,0.0
5477,1.5156285e+12,0.00024433,0.00024433,0.00024104,0.00024146,572.0,1.5156288e+12,0.13815698,4.0,14.0,0.00342062,0.0
5478,1.5156288e+12,0.00024358,0.00024359,0.00024339,0.0002434,1570.0,1.5156291e+12,0.38238391,24.0,1563.0,0.38068011,0.0
5479,1.5156291e+12,0.00024164,0.00024164,0.000237,0.000237,10229.0,1.5156294e+12,2.45217392,31.0,750.0,0.17962183,0.0
5480,1.5156294e+12,0.000237,0.000238,0.00023164,0.000238,11332.0,1.5156297e+12,2.65559587,17.0,929.0,0.22052152,0.0
5481,1.5156297e+12,0.000238,0.00023936,0.000238,0.00023926,3489.0,1.51563e+12,0.83236507,33.0,3330.0,0.79449086,0.0
5482,1.51563e+12,0.00023929,0.00023929,0.00023503,0.00023926,1709.0,1.5156303e+12,0.40502686,19.0,484.0,0.11580984,0.0
5483,1.5156303e+12,0.00023926,0.00023926,0.000236,0.00023917,220.0,1.5156306e+12,0.05216166,7.0,72.0,0.01722481,0.0
5484,1.5156306e+12,0.00023924,0.000241,0.00023629,0.000241,1937.0,1.5156309e+12,0.46389417,21.0,516.0,0.1235525,0.0
5485,1.5156309e+12,0.00024097,0.00024448,0.00023804,0.00023804,909.0,1.5156312e+12,0.22072817,13.0,503.0,0.12268477,0.0
5486,1.5156312e+12,0.00023917,0.0002397,0.00023917,0.00023969,686.0,1.5156315e+12,0.16429624,4.0,0.0,0.0,0.0
5487,1.5156315e+12,0.00024386,0.00024608,0.0002399,0.00024608,5220.0,1.5156318e+12,1.28053781,23.0,4993.0,1.22482597,0.0
5488,1.5156318e+12,0.00024142,0.00024608,0.00024142,0.00024608,1729.0,1.5156321e+12,0.42364567,8.0,60.0,0.01476021,0.0
5489,1.5156321e+12,0.00024608,0.00024699,0.00024608,0.00024699,2704.0,1.5156324e+12,0.66634079,9.0,2332.0,0.57479103,0.0
5490,1.5156324e+12,0.00024699,0.0002532,0.00024699,0.0002532,8046.0,1.5156327e+12,2.00706168,42.0,6101.0,1.52066187,0.0
5491,1.5156327e+12,0.00025004,0.00025574,0.00024693,0.0002535,10438.0,1.515633e+12,2.62959796,66.0,5289.0,1.34420202,0.0
5492,1.515633e+12,0.0002535,0.00025574,0.00024905,0.00025023,3041.0,1.5156333e+12,0.76486949,37.0,1231.0,0.31255663,0.0
5493,1.5156333e+12,0.00025056,0.00025485,0.00025055,0.000253,2329.0,1.5156336e+12,0.58790976,22.0,487.0,0.12384874,0.0
5494,1.5156336e+12,0.00025413,0.00025498,0.000245,0.00024743,6059.0,1.5156339e+12,1.51501716,44.0,1181.0,0.29791848,0.0
5495,1.5156339e+12,0.00024743,0.00024744,0.000245,0.00024744,877.0,1.5156342e+12,0.21610752,10.0,271.0,0.06705624,0.0
5496,1.5156342e+12,0.00024744,0.00024744,0.00024375,0.00024494,1563.0,1.5156345e+12,0.38359966,18.0,744.0,0.18368591,0.0
5497,1.5156345e+12,0.0002438,0.0002442,0.00024,0.0002442,5302.0,1.5156348e+12,1.27599392,15.0,42.0,0.0102564,0.0
5498,1.5156348e+12,0.00024421,0.00024481,0.00024,0.00024,6196.0,1.5156351e+12,1.4900436,21.0,304.0,0.07439098,0.0
5499,1.5156351e+12,0.00024464,0.00024464,0.00024003,0.00024003,1056.0,1.5156354e+12,0.25497866,13.0,678.0,0.16424458,0.0
5500,1.5156354e+12,0.00024003,0.00024349,0.00024001,0.00024001,832.0,1.5156357e+12,0.20055231,19.0,319.0,0.07741868,0.0
5501,1.5156357e+12,0.00024276,0.00024461,0.000241,0.00024458,1477.0,1.515636e+12,0.36010298,17.0,1069.0,0.26122979,0.0
5502,1.515636e+12,0.00024458,0.00024458,0.00024209,0.00024446,465.0,1.5156363e+12,0.11347533,4.0,364.0,0.08902424,0.0
5503,1.5156363e+12,0.00024158,0.0002435,0.00024001,0.00024349,1492.0,1.5156366e+12,0.35851347,11.0,44.0,0.01071365,0.0
5504,1.5156366e+12,0.00024035,0.00024036,0.00024035,0.00024036,32.0,1.5156369e+12,0.0076913,3.0,0.0,0.0,0.0
5505,1.5156369e+12,0.00024399,0.00024449,0.00024052,0.00024447,1443.0,1.5156372e+12,0.35003664,14.0,505.0,0.12344602,0.0
5506,1.5156372e+12,0.00024129,0.00024472,0.00024129,0.00024472,1072.0,1.5156375e+12,0.25991863,13.0,842.0,0.2043608,0.0
5507,1.5156375e+12,0.00024472,0.00024472,0.00024,0.00024,5288.0,1.5156378e+12,1.27755982,17.0,0.0,0.0,0.0
5508,1.5156378e+12,0.00024134,0.00024395,0.00024127,0.00024377,2978.0,1.5156381e+12,0.72203157,16.0,1692.0,0.41148157,0.0
5509,1.5156381e+12,0.00024132,0.00024364,0.00024127,0.00024364,318.0,1.5156384e+12,0.07677977,5.0,21.0,0.00511644,0.0
5510,1.5156384e+12,0.00024362,0.00024744,0.00024362,0.00024744,1000.0,1.5156387e+12,0.24508434,9.0,1000.0,0.24508434,0.0
5511,1.5156387e+12,0.00024703,0.00024744,0.0002444,0.00024744,861.0,1.515639e+12,0.21269134,5.0,856.0,0.21146934,0.0
5512,1.515639e+12,0.00024744,0.00024744,0.00024418,0.00024723,730.0,1.5156393e+12,0.1790622,13.0,237.0,0.05844235,0.0
5513,1.5156393e+12,0.00024735,0.00024737,0.00024,0.00024709,5853.0,1.5156396e+12,1.42532741,27.0,1492.0,0.36870296,0.0
5514,1.5156396e+12,0.0002444,0.00024728,0.00024,0.0002402,6124.0,1.5156399e+12,1.48155321,19.0,1011.0,0.2497816,0.0
5515,1.5156399e+12,0.00024177,0.00024177,0.00023505,0.00023506,5151.0,1.5156402e+12,1.22750384,38.0,1495.0,0.35701396,0.0
5516,1.5156402e+12,0.00023506,0.00023942,0.00023435,0.00023489,7811.0,1.5156405e+12,1.83448148,20.0,1347.0,0.31644776,0.0
5517,1.5156405e+12,0.00023512,0.00023787,0.00023512,0.00023515,2250.0,1.5156408e+12,0.52906802,7.0,530.0,0.1246576,0.0
5518,1.5156408e+12,0.00023749,0.00023749,0.000234,0.000234,1376.0,1.5156411e+12,0.32290568,20.0,171.0,0.04053019,0.0
5519,1.5156411e+12,0.000234,0.0002362,0.00023369,0.0002337,1548.0,1.5156414e+12,0.36278178,12.0,276.0,0.06508291,0.0
5520,1.5156414e+12,0.0002337,0.000236,0.0002302,0.00023042,1926.0,1.5156417e+12,0.44431277,15.0,117.0,0.02760376,0.0
5521,1.5156417e+12,0.00023042,0.00023042,0.00022825,0.00022825,2257.0,1.515642e+12,0.51860016,26.0,260.0,0.05972055,0.0
5522,1.515642e+12,0.00022825,0.00022881,0.00022551,0.00022558,952.0,1.5156423e+12,0.21567233,24.0,235.0,0.05343267,0.0
5523,1.5156423e+12,0.00022558,0.00022793,0.00022136,0.00022136,7753.0,1.5156426e+12,1.7368561,39.0,1141.0,0.25973688,0.0
5524,1.5156426e+12,0.00022136,0.00022186,0.00022,0.00022,3811.0,1.5156429e+12,0.84052519,29.0,305.0,0.06746695,0.0
5525,1.5156429e+12,0.000219,0.00022102,0.00021551,0.00022102,8859.0,1.5156432e+12,1.92945184,44.0,4594.0,1.00853694,0.0
5526,1.5156432e+12,0.00022102,0.00022102,0.00021363,0.00022102,11350.0,1.5156435e+12,2.46572144,41.0,3297.0,0.72065062,0.0
5527,1.5156435e+12,0.00022102,0.00022881,0.00021,0.00021852,6383.0,1.5156438e+12,1.3801055,49.0,1232.0,0.2745627,0.0
5528,1.5156438e+12,0.00021545,0.0002219,0.00021,0.00021441,23551.0,1.5156441e+12,5.09672574,55.0,10475.0,2.28260911,0.0
5529,1.5156441e+12,0.00021441,0.00022044,0.0002002,0.00020498,12534.0,1.5156444e+12,2.5805751,57.0,2150.0,0.44324146,0.0
5530,1.5156444e+12,0.00020495,0.00020495,0.00017,0.00019988,66989.0,1.5156447e+12,12.5694913,173.0,19277.0,3.60530637,0.0
5531,1.5156447e+12,0.000198,0.000198,0.00018078,0.00018298,11238.0,1.515645e+12,2.14781636,61.0,3527.0,0.686767,0.0
5532,1.515645e+12,0.00018298,0.00019559,0.00018298,0.00019559,8217.0,1.5156453e+12,1.57036662,54.0,6944.0,1.33273355,0.0
5533,1.5156453e+12,0.00019559,0.00019559,0.000185,0.00019556,21168.0,1.5156456e+12,4.0582985,62.0,14570.0,2.82477284,0.0
5534,1.5156456e+12,0.00019344,0.00020478,0.00019159,0.00019947,4684.0,1.5156459e+12,0.91866973,16.0,4561.0,0.89455013,0.0
5535,1.5156459e+12,0.00019946,0.00019999,0.00019724,0.00019726,5362.0,1.5156462e+12,1.0680974,35.0,4312.0,0.86096981,0.0
5536,1.5156462e+12,0.00019725,0.000205,0.00019725,0.000205,8869.0,1.5156465e+12,1.77597922,21.0,8205.0,1.64498566,0.0
5537,1.5156465e+12,0.000205,0.000205,0.0001973,0.00020466,8313.0,1.5156468e+12,1.67862879,57.0,2995.0,0.61110675,0.0
5538,1.5156468e+12,0.00020215,0.00020215,0.00019999,0.00020023,11632.0,1.5156471e+12,2.33444783,45.0,5386.0,1.08075486,0.0
5539,1.5156471e+12,0.00020388,0.00020616,0.00020209,0.0002048,4758.0,1.5156474e+12,0.97616067,27.0,4396.0,0.90272172,0.0
5540,1.5156474e+12,0.00020482,0.00020616,0.0002048,0.00020598,2782.0,1.5156477e+12,0.57055269,22.0,841.0,0.17301358,0.0
5541,1.5156477e+12,0.00020598,0.00020766,0.00020484,0.00020489,1729.0,1.515648e+12,0.35469092,21.0,217.0,0.04485924,0.0
5542,1.515648e+12,0.00020765,0.00020765,0.00020499,0.00020698,1940.0,1.5156483e+12,0.40166157,15.0,1422.0,0.29517618,0.0
5543,1.5156483e+12,0.00020694,0.0002082,0.00020531,0.00020531,6989.0,1.5156486e+12,1.4514044,26.0,5817.0,1.2106915,0.0
5544,1.5156486e+12,0.00020546,0.00020546,0.00020492,0.00020492,4828.0,1.5156489e+12,0.99059722,20.0,0.0,0.0,0.0
5545,1.5156489e+12,0.00020723,0.00020732,0.000205,0.00020505,3389.0,1.5156492e+12,0.6993681,35.0,2627.0,0.54313887,0.0
5546,1.5156492e+12,0.000205,0.00020678,0.000205,0.00020678,2110.0,1.5156495e+12,0.43430382,19.0,1868.0,0.38469382,0.0
5547,1.5156495e+12,0.00020818,0.0002082,0.00020608,0.00020819,1117.0,1.5156498e+12,0.23209167,14.0,901.0,0.18757543,0.0
5548,1.5156498e+12,0.00020701,0.00020818,0.00020506,0.0002065,2611.0,1.5156501e+12,0.53872583,27.0,1486.0,0.30692266,0.0
5549,1.5156501e+12,0.0002065,0.00020818,0.00020485,0.00020815,2544.0,1.5156504e+12,0.52380488,24.0,317.0,0.06553346,0.0
5550,1.5156504e+12,0.00020801,0.00020809,0.00020799,0.00020809,1595.0,1.5156507e+12,0.33179613,20.0,1576.0,0.32784394,0.0
5551,1.5156507e+12,0.00020809,0.000209,0.000208,0.00020897,13142.0,1.515651e+12,2.73915377,56.0,9963.0,2.07491809,0.0
5552,1.515651e+12,0.00020897,0.00021197,0.00020897,0.0002113,3097.0,1.5156513e+12,0.65008608,23.0,1325.0,0.2782196,0.0
5553,1.5156513e+12,0.00021197,0.00022881,0.00021197,0.0002288,8694.0,1.5156516e+12,1.95613622,115.0,7512.0,1.69460228,0.0
5554,1.5156516e+12,0.00022317,0.00022318,0.00021213,0.0002132,8431.0,1.5156519e+12,1.80691339,80.0,3711.0,0.80093964,0.0
5555,1.5156519e+12,0.000216,0.000216,0.00021323,0.0002143,1414.0,1.5156522e+12,0.30278568,24.0,483.0,0.10325974,0.0
5556,1.5156522e+12,0.00021825,0.00021825,0.00021438,0.00021464,856.0,1.5156525e+12,0.1854521,6.0,552.0,0.12020466,0.0
5557,1.5156525e+12,0.00021614,0.00021948,0.00021614,0.00021948,7222.0,1.5156528e+12,1.56942437,28.0,2900.0,0.63395658,0.0
5558,1.5156528e+12,0.00021942,0.00021942,0.00021691,0.00021788,1860.0,1.5156531e+12,0.40709993,17.0,1602.0,0.35086279,0.0
5559,1.5156531e+12,0.00021777,0.00021805,0.0002144,0.00021777,12540.0,1.5156534e+12,2.72088304,53.0,4182.0,0.91084588,0.0
5560,1.5156534e+12,0.00021526,0.00021769,0.00021443,0.00021495,291.0,1.5156537e+12,0.06266571,6.0,37.0,0.00805453,0.0
5561,1.5156537e+12,0.00021645,0.0002165,0.00021645,0.00021649,937.0,1.515654e+12,0.20285245,10.0,937.0,0.20285245,0.0
5562,1.515654e+12,0.00021501,0.0002165,0.00021441,0.00021441,1638.0,1.5156543e+12,0.35189723,11.0,480.0,0.10341629,0.0
5563,1.5156543e+12,0.000215,0.0002165,0.0002144,0.0002165,2691.0,1.5156546e+12,0.5786329,14.0,2439.0,0.5246041,0.0
5564,1.5156546e+12,0.0002165,0.00021948,0.00021525,0.00021948,1725.0,1.5156549e+12,0.37263377,11.0,353.0,0.07727507,0.0
5565,1.5156549e+12,0.00021553,0.00021937,0.000205,0.00021903,10730.0,1.5156552e+12,2.27772386,35.0,730.0,0.15997513,0.0
5566,1.5156552e+12,0.00021601,0.00021897,0.00021598,0.00021889,618.0,1.5156555e+12,0.1347983,16.0,481.0,0.10519201,0.0
5567,1.5156555e+12,0.0002184,0.00021936,0.00021619,0.00021635,1301.0,1.5156558e+12,0.28421863,18.0,966.0,0.21138323,0.0
5568,1.5156558e+12,0.00021703,0.00021877,0.00021598,0.00021598,6271.0,1.5156561e+12,1.35856696,40.0,4572.0,0.99007806,0.0
5569,1.5156561e+12,0.00021339,0.0002158,0.00020914,0.0002158,9094.0,1.5156564e+12,1.91331586,183.0,6049.0,1.27243237,0.0
5570,1.5156564e+12,0.00021469,0.00021485,0.00021469,0.0002148,2381.0,1.5156567e+12,0.51130856,12.0,1680.0,0.36073376,0.0
5571,1.5156567e+12,0.00021475,0.0002165,0.00021219,0.00021318,4410.0,1.515657e+12,0.95128587,15.0,4050.0,0.87469225,0.0
5572,1.515657e+12,0.00021319,0.0002172,0.00021319,0.00021682,878.0,1.5156573e+12,0.1885253,31.0,118.0,0.02560455,0.0
5573,1.5156573e+12,0.00021501,0.000218,0.00021501,0.00021506,3146.0,1.5156576e+12,0.67811396,17.0,788.0,0.17099552,0.0
5574,1.5156576e+12,0.00021514,0.00021723,0.00021514,0.00021612,688.0,1.5156579e+12,0.14852931,12.0,125.0,0.02712831,0.0
5575,1.5156579e+12,0.00021615,0.00021758,0.0002161,0.00021758,2524.0,1.5156582e+12,0.54687486,58.0,779.0,0.16925437,0.0
5576,1.5156582e+12,0.00021784,0.0002249,0.00021616,0.00021873,7123.0,1.5156585e+12,1.58659876,69.0,4306.0,0.96534192,0.0
5577,1.5156585e+12,0.00021875,0.00022504,0.00021875,0.00022504,3857.0,1.5156588e+12,0.86456008,40.0,3197.0,0.71791319,0.0
5578,1.5156588e+12,0.00022697,0.00023065,0.00022374,0.00023036,8065.0,1.5156591e+12,1.84332331,102.0,5194.0,1.19387183,0.0
5579,1.5156591e+12,0.00022488,0.00023032,0.00022488,0.00022597,5368.0,1.5156594e+12,1.2249242,21.0,5039.0,1.15073176,0.0
5580,1.5156594e+12,0.00022621,0.00023,0.0002262,0.00023,6698.0,1.5156597e+12,1.53744969,51.0,1355.0,0.31059484,0.0
5581,1.5156597e+12,0.00023002,0.00023042,0.00023,0.00023,3194.0,1.51566e+12,0.73462664,50.0,9.0,0.00207378,0.0
5582,1.51566e+12,0.00023,0.00023058,0.00021505,0.00022029,9639.0,1.5156603e+12,2.15659567,58.0,1706.0,0.37680715,0.0
5583,1.5156603e+12,0.00022029,0.00022029,0.00021594,0.00021626,5603.0,1.5156606e+12,1.22627703,135.0,4348.0,0.95414411,0.0
5584,1.5156606e+12,0.00021634,0.0002232,0.00021634,0.0002232,1968.0,1.5156609e+12,0.43235742,44.0,1073.0,0.23666922,0.0
5585,1.5156609e+12,0.0002232,0.0002232,0.00022,0.0002229,5585.0,1.5156612e+12,1.23926411,43.0,1438.0,0.3198022,0.0
5586,1.5156612e+12,0.00022287,0.00022335,0.00022287,0.00022327,849.0,1.5156615e+12,0.18940985,26.0,540.0,0.1204076,0.0
5587,1.5156615e+12,0.00022327,0.00022385,0.00022327,0.00022385,144.0,1.5156618e+12,0.03217165,6.0,36.0,0.00805849,0.0
5588,1.5156618e+12,0.0002236,0.0002306,0.0002236,0.00022382,2540.0,1.5156621e+12,0.56975458,18.0,2472.0,0.55453482,0.0
5589,1.5156621e+12,0.00022416,0.0002294,0.00022416,0.00022491,1789.0,1.5156624e+12,0.40163508,45.0,1.0,0.0002294,0.0
5590,1.5156624e+12,0.00022852,0.00022853,0.00022363,0.0002255,1612.0,1.5156627e+12,0.3652897,19.0,803.0,0.18336559,0.0
5591,1.5156627e+12,0.00022369,0.00022894,0.00022369,0.00022442,524.0,1.515663e+12,0.11786408,20.0,111.0,0.02520029,0.0
5592,1.515663e+12,0.00022449,0.00022687,0.00022444,0.00022687,481.0,1.5156633e+12,0.10801081,26.0,13.0,0.00294931,0.0
5593,1.5156633e+12,0.00022593,0.00022594,0.00022569,0.00022594,934.0,1.5156636e+12,0.21086166,14.0,844.0,0.19052706,0.0
5594,1.5156636e+12,0.00022594,0.000226,0.00022101,0.00022226,562.0,1.5156639e+12,0.12571735,19.0,47.0,0.010622,0.0
5595,1.5156639e+12,0.00022229,0.00022426,0.00022101,0.00022101,1639.0,1.5156642e+12,0.36424035,45.0,474.0,0.10600218,0.0
5596,1.5156642e+12,0.00021939,0.00022001,0.00021935,0.00021987,2451.0,1.5156645e+12,0.53856973,47.0,622.0,0.13664802,0.0
5597,1.5156645e+12,0.00021935,0.00021989,0.000216,0.00021988,1882.0,1.5156648e+12,0.41085718,30.0,931.0,0.20428305,0.0
5598,1.5156648e+12,0.00021988,0.00021988,0.0002179,0.00021912,120.0,1.5156651e+12,0.02630924,6.0,100.0,0.02195124,0.0
5599,1.5156651e+12,0.00021909,0.00022193,0.00021909,0.00021999,4259.0,1.5156654e+12,0.94355142,21.0,2118.0,0.46957488,0.0
5600,1.5156654e+12,0.00021935,0.00022572,0.00021935,0.00022161,2453.0,1.5156657e+12,0.54657787,19.0,1970.0,0.4402446,0.0
5601,1.5156657e+12,0.0002233,0.00022355,0.00022323,0.00022355,447.0,1.515666e+12,0.09981963,11.0,62.0,0.0138601,0.0
5602,1.515666e+12,0.00022355,0.00023198,0.00022253,0.00022326,4656.0,1.5156663e+12,1.06386045,54.0,3990.0,0.91415309,0.0
5603,1.5156663e+12,0.00022582,0.00022826,0.00022582,0.00022725,55.0,1.5156666e+12,0.01252081,6.0,30.0,0.00683871,0.0
5604,1.5156666e+12,0.00022582,0.00022725,0.0002253,0.00022725,445.0,1.5156669e+12,0.10051767,12.0,142.0,0.03217644,0.0
5605,1.5156669e+12,0.00022724,0.00022724,0.00022161,0.00022242,282.0,1.5156672e+12,0.06319231,8.0,20.0,0.00453748,0.0
5606,1.5156672e+12,0.00022264,0.00022295,0.00022,0.00022295,1748.0,1.5156675e+12,0.38633596,17.0,52.0,0.0115934,0.0
5607,1.5156675e+12,0.00022272,0.00022272,0.00021648,0.00021999,3014.0,1.5156678e+12,0.66197432,39.0,2276.0,0.49938562,0.0
5608,1.5156678e+12,0.00021998,0.00021998,0.00021998,0.00021998,21.0,1.5156681e+12,0.00461958,1.0,21.0,0.00461958,0.0
5609,1.5156681e+12,0.00021998,0.00021998,0.0002175,0.0002175,229.0,1.5156684e+12,0.04989774,4.0,226.0,0.04924428,0.0
5610,1.5156684e+12,0.00021672,0.00021744,0.0002145,0.00021499,4726.0,1.5156687e+12,1.01910838,31.0,386.0,0.08347688,0.0
5611,1.5156687e+12,0.00021499,0.00021907,0.0002145,0.00021604,2424.0,1.515669e+12,0.52320161,30.0,1003.0,0.21650871,0.0
5612,1.515669e+12,0.00021632,0.00021632,0.0002145,0.00021616,1379.0,1.5156693e+12,0.29727201,12.0,1174.0,0.25301067,0.0
5613,1.5156693e+12,0.000216,0.00021603,0.000213,0.00021334,2388.0,1.5156696e+12,0.51055575,32.0,489.0,0.105537,0.0
5614,1.5156696e+12,0.000213,0.00021514,0.0002128,0.00021334,1543.0,1.5156699e+12,0.32963069,17.0,396.0,0.08505901,0.0
5615,1.5156699e+12,0.00021399,0.00021399,0.00021102,0.00021333,1016.0,1.5156702e+12,0.21466557,10.0,87.0,0.01858952,0.0
5616,1.5156702e+12,0.00021307,0.00021334,0.00021101,0.00021331,965.0,1.5156705e+12,0.2052867,20.0,737.0,0.15688237,0.0
5617,1.5156705e+12,0.00021325,0.00021334,0.00021103,0.00021312,2903.0,1.5156708e+12,0.61503214,23.0,1701.0,0.36122058,0.0
5618,1.5156708e+12,0.00021301,0.00021362,0.00020536,0.00021361,5621.0,1.5156711e+12,1.18184303,31.0,2162.0,0.46118848,0.0
5619,1.5156711e+12,0.00021361,0.00021361,0.00020703,0.00021007,3089.0,1.5156714e+12,0.65138327,20.0,1519.0,0.3205933,0.0
5620,1.5156714e+12,0.00020839,0.00021122,0.00020826,0.00021119,1760.0,1.5156717e+12,0.36988021,21.0,1483.0,0.31215275,0.0
5621,1.5156717e+12,0.00020891,0.00021108,0.00020891,0.00021092,1608.0,1.515672e+12,0.33736714,14.0,580.0,0.12234561,0.0
5622,1.515672e+12,0.00021091,0.00021121,0.00021049,0.00021121,981.0,1.5156723e+12,0.20695742,10.0,504.0,0.10639926,0.0
5623,1.5156723e+12,0.00021123,0.00021142,0.00021121,0.00021121,1576.0,1.5156726e+12,0.33290093,13.0,485.0,0.1024655,0.0
5624,1.5156726e+12,0.00021293,0.00021293,0.00021293,0.00021293,14.0,1.5156729e+12,0.00298102,1.0,14.0,0.00298102,0.0
5625,1.5156729e+12,0.00021293,0.00021333,0.00021293,0.00021333,586.0,1.5156732e+12,0.12478285,10.0,369.0,0.07857704,0.0
5626,1.5156732e+12,0.00021647,0.00022063,0.00021345,0.00021705,2561.0,1.5156735e+12,0.55274846,28.0,957.0,0.20762866,0.0
5627,1.5156735e+12,0.00021703,0.000218,0.00021461,0.00021472,310.0,1.5156738e+12,0.0671351,5.0,73.0,0.01584319,0.0
5628,1.5156738e+12,0.00021484,0.0002156,0.00021472,0.00021474,955.0,1.5156741e+12,0.2054541,8.0,448.0,0.09656024,0.0
5629,1.5156741e+12,0.00021559,0.00021613,0.00021559,0.00021613,302.0,1.5156744e+12,0.06524858,3.0,42.0,0.00905478,0.0
5630,1.5156744e+12,0.00021613,0.00021613,0.00021524,0.00021613,459.0,1.5156747e+12,0.09900876,8.0,240.0,0.05187004,0.0
5631,1.5156747e+12,0.00021613,0.00021792,0.00021524,0.00021791,722.0,1.515675e+12,0.1560769,14.0,354.0,0.0768672,0.0
5632,1.515675e+12,0.00021601,0.00021601,0.00021525,0.00021598,340.0,1.5156753e+12,0.07340195,9.0,175.0,0.0377983,0.0
5633,1.5156753e+12,0.00021599,0.00021884,0.00021524,0.00021555,1754.0,1.5156756e+12,0.3807068,22.0,718.0,0.15644105,0.0
5634,1.5156756e+12,0.00021707,0.00021878,0.00021602,0.0002185,393.0,1.5156759e+12,0.08541146,11.0,35.0,0.00764884,0.0
5635,1.5156759e+12,0.00021704,0.00021826,0.00020569,0.00020823,21750.0,1.5156762e+12,4.58517536,109.0,8957.0,1.88612394,0.0
5636,1.5156762e+12,0.0002059,0.00021266,0.00020581,0.0002119,3866.0,1.5156765e+12,0.80905494,58.0,1658.0,0.34834624,0.0
5637,1.5156765e+12,0.00021188,0.00021236,0.00020901,0.00021168,2397.0,1.5156768e+12,0.50493373,41.0,1436.0,0.30325709,0.0
5638,1.5156768e+12,0.00021163,0.00021261,0.00021051,0.00021051,4031.0,1.5156771e+12,0.85073815,29.0,1247.0,0.26448629,0.0
5639,1.5156771e+12,0.00021061,0.00021061,0.00020919,0.00021038,4266.0,1.5156774e+12,0.89559175,45.0,965.0,0.20312256,0.0
5640,1.5156774e+12,0.0002106,0.0002106,0.00021,0.00021043,1083.0,1.5156777e+12,0.22786487,10.0,1010.0,0.21250967,0.0
5641,1.5156777e+12,0.0002105,0.00021254,0.00021041,0.00021247,819.0,1.515678e+12,0.1730207,11.0,330.0,0.07011839,0.0
5642,1.515678e+12,0.00021041,0.00021231,0.00020924,0.00020945,1009.0,1.5156783e+12,0.21159932,26.0,72.0,0.01524048,0.0
5643,1.5156783e+12,0.00020945,0.0002117,0.00020889,0.0002115,2376.0,1.5156786e+12,0.49761322,30.0,534.0,0.11253316,0.0
5644,1.5156786e+12,0.00020921,0.00021053,0.0002092,0.00020922,2273.0,1.5156789e+12,0.4755857,18.0,1440.0,0.30131141,0.0
5645,1.5156789e+12,0.00020923,0.00020983,0.0002092,0.00020926,1414.0,1.5156792e+12,0.29612249,16.0,525.0,0.11013272,0.0
5646,1.5156792e+12,0.00020926,0.00021119,0.00020923,0.00021107,7382.0,1.5156795e+12,1.54523966,19.0,4285.0,0.89703689,0.0
5647,1.5156795e+12,0.00021104,0.00021121,0.00020923,0.00021121,4873.0,1.5156798e+12,1.0280362,33.0,4381.0,0.92506685,0.0
5648,1.5156798e+12,0.00021121,0.00021121,0.00021103,0.00021103,2073.0,1.5156801e+12,0.43763347,23.0,929.0,0.19621409,0.0
5649,1.5156801e+12,0.00021121,0.00021169,0.00021103,0.00021113,876.0,1.5156804e+12,0.18499542,16.0,587.0,0.12398547,0.0
5650,1.5156804e+12,0.00021123,0.00021268,0.00021123,0.00021267,2160.0,1.5156807e+12,0.45818047,12.0,1964.0,0.41675714,0.0
5651,1.5156807e+12,0.00021268,0.00021268,0.00021152,0.00021159,3543.0,1.515681e+12,0.7507733,28.0,909.0,0.19301767,0.0
5652,1.515681e+12,0.00021159,0.00021159,0.00021106,0.00021159,1724.0,1.5156813e+12,0.36455561,15.0,654.0,0.13837347,0.0
5653,1.5156813e+12,0.00021158,0.00021268,0.00021158,0.00021251,1451.0,1.5156816e+12,0.30815723,6.0,1198.0,0.25462749,0.0
5654,1.5156816e+12,0.00021251,0.00021251,0.00021153,0.00021158,2198.0,1.5156819e+12,0.46575008,14.0,2135.0,0.45241649,0.0
5655,1.5156819e+12,0.00021158,0.00021158,0.0002114,0.0002114,1131.0,1.5156822e+12,0.2392848,11.0,1035.0,0.2189813,0.0
5656,1.5156822e+12,0.00021153,0.00021158,0.00021103,0.00021103,8893.0,1.5156825e+12,1.87746673,17.0,1039.0,0.21983162,0.0
5657,1.5156825e+12,0.00021103,0.00021103,0.0002092,0.0002092,1248.0,1.5156828e+12,0.26129864,14.0,187.0,0.03929857,0.0
5658,1.5156828e+12,0.000209,0.000209,0.00020799,0.000208,1359.0,1.5156831e+12,0.28279845,16.0,1219.0,0.25359725,0.0
5659,1.5156831e+12,0.000208,0.00020903,0.000205,0.000205,2792.0,1.5156834e+12,0.57683161,23.0,1869.0,0.3866173,0.0
5660,1.5156834e+12,0.00020501,0.00020736,0.00020501,0.00020736,9407.0,1.5156837e+12,1.94322994,41.0,8358.0,1.72673298,0.0
5661,1.5156837e+12,0.00020568,0.00020795,0.000205,0.00020695,12752.0,1.515684e+12,2.62242341,43.0,3567.0,0.73680016,0.0
5662,1.515684e+12,0.00020697,0.0002089,0.00020603,0.00020603,287.0,1.5156843e+12,0.05958945,9.0,208.0,0.04327072,0.0
5663,1.5156843e+12,0.00020552,0.00020768,0.00020552,0.00020768,1160.0,1.5156846e+12,0.2391689,16.0,343.0,0.07117678,0.0
5664,1.5156846e+12,0.00020726,0.00020775,0.00020726,0.00020775,7627.0,1.5156849e+12,1.58416312,16.0,6463.0,1.34244688,0.0
5665,1.5156849e+12,0.00020775,0.00020792,0.00020775,0.00020792,914.0,1.5156852e+12,0.18989435,9.0,33.0,0.00685779,0.0
5666,1.5156852e+12,0.00020793,0.00020933,0.00020775,0.0002079,1036.0,1.5156855e+12,0.21589499,20.0,315.0,0.06590357,0.0
5667,1.5156855e+12,0.0002079,0.0002079,0.00020766,0.00020766,4815.0,1.5156858e+12,0.99995514,19.0,260.0,0.054054,0.0
5668,1.5156858e+12,0.00020766,0.00020791,0.00020766,0.00020791,1630.0,1.5156861e+12,0.3387524,12.0,756.0,0.15717756,0.0
5669,1.5156861e+12,0.00020791,0.00020894,0.00020791,0.00020894,84.0,1.5156864e+12,0.01747731,5.0,12.0,0.00250728,0.0
5670,1.5156864e+12,0.00020792,0.00020933,0.00020789,0.00020895,3714.0,1.5156867e+12,0.77294714,20.0,2634.0,0.54805106,0.0
5671,1.5156867e+12,0.0002093,0.0002104,0.00020861,0.00021038,2065.0,1.515687e+12,0.43320394,16.0,1856.0,0.38954235,0.0
5672,1.515687e+12,0.00020999,0.00020999,0.00020895,0.00020963,59.0,1.5156873e+12,0.01235309,4.0,49.0,0.01026359,0.0
5673,1.5156873e+12,0.00021,0.00021,0.0002,0.00020341,44875.0,1.5156876e+12,9.22693468,60.0,37189.0,7.6523083,0.0
5674,1.5156876e+12,0.00020515,0.00020601,0.00020411,0.0002046,1185.0,1.5156879e+12,0.24314465,21.0,851.0,0.17487365,0.0
5675,1.5156879e+12,0.00020497,0.00020682,0.00020497,0.00020681,432.0,1.5156882e+12,0.08870909,12.0,156.0,0.03213737,0.0
5676,1.5156882e+12,0.00020701,0.00020701,0.00020512,0.00020689,693.0,1.5156885e+12,0.14269374,9.0,257.0,0.0531329,0.0
5677,1.5156885e+12,0.00020689,0.00022208,0.00020688,0.00020925,14570.0,1.5156888e+12,3.11202685,52.0,11042.0,2.34181731,0.0
5678,1.5156888e+12,0.00020978,0.00021063,0.00020676,0.00020959,7001.0,1.5156891e+12,1.45487025,37.0,3118.0,0.64998575,0.0
5679,1.5156891e+12,0.00020921,0.00020921,0.00020577,0.00020896,2110.0,1.5156894e+12,0.43664408,16.0,148.0,0.03089769,0.0
5680,1.5156894e+12,0.00020889,0.00020889,0.0002075,0.00020799,691.0,1.5156897e+12,0.14343976,15.0,95.0,0.01976976,0.0
5681,1.5156897e+12,0.00020798,0.000208,0.00020695,0.00020787,1947.0,1.51569e+12,0.40414474,24.0,1773.0,0.36813251,0.0
5682,1.51569e+12,0.00020778,0.00020778,0.00020778,0.00020778,25.0,1.5156903e+12,0.0051945,1.0,25.0,0.0051945,0.0
5683,1.5156903e+12,0.00020789,0.00020789,0.00020697,0.00020778,1770.0,1.5156906e+12,0.36649633,9.0,423.0,0.08766243,0.0
5684,1.5156906e+12,0.00020786,0.00020786,0.00020785,0.00020786,1127.0,1.5156909e+12,0.23425691,10.0,1127.0,0.23425691,0.0
5685,1.5156909e+12,0.00020786,0.00020917,0.00020786,0.0002079,1907.0,1.5156912e+12,0.39669194,12.0,1879.0,0.39085212,0.0
5686,1.5156912e+12,0.00020807,0.00020807,0.00020807,0.00020807,63.0,1.5156915e+12,0.01310841,2.0,0.0,0.0,0.0
5687,1.5156915e+12,0.00020799,0.0002089,0.00020695,0.0002089,1812.0,1.5156918e+12,0.37833811,11.0,1737.0,0.36277517,0.0
5688,1.5156918e+12,0.0002089,0.0002089,0.00020874,0.00020874,58.0,1.5156921e+12,0.01211112,5.0,48.0,0.01002212,0.0
5689,1.5156921e+12,0.00020866,0.00020866,0.00020766,0.00020865,218.0,1.5156924e+12,0.04545766,5.0,188.0,0.03922786,0.0
5690,1.5156924e+12,0.00020866,0.00020866,0.00020243,0.00020842,2605.0,1.5156927e+12,0.53777112,25.0,287.0,0.05977597,0.0
5691,1.5156927e+12,0.0002084,0.0002084,0.00020704,0.00020833,261.0,1.515693e+12,0.05425127,6.0,158.0,0.03292513,0.0
5692,1.515693e+12,0.00020833,0.00020834,0.00020263,0.00020792,1784.0,1.5156933e+12,0.36971398,21.0,672.0,0.13991091,0.0
5693,1.5156933e+12,0.00020648,0.00020795,0.00020648,0.00020794,469.0,1.5156936e+12,0.09746769,9.0,452.0,0.09395753,0.0
5694,1.5156936e+12,0.00020794,0.00020794,0.00020315,0.00020688,939.0,1.5156939e+12,0.19444202,12.0,121.0,0.02515014,0.0
5695,1.5156939e+12,0.000206,0.00020687,0.000206,0.00020687,288.0,1.5156942e+12,0.05948062,12.0,288.0,0.05948062,0.0
5696,1.5156942e+12,0.00020687,0.00020687,0.00020536,0.00020563,173.0,1.5156945e+12,0.03562751,7.0,49.0,0.01013626,0.0
5697,1.5156945e+12,0.00020686,0.00020688,0.00020679,0.00020687,441.0,1.5156948e+12,0.09122009,10.0,441.0,0.09122009,0.0
5698,1.5156948e+12,0.00020545,0.00020824,0.00020545,0.00020824,841.0,1.5156951e+12,0.17428217,10.0,820.0,0.16996772,0.0
5699,1.5156951e+12,0.00020719,0.00020719,0.00020695,0.00020705,283.0,1.5156954e+12,0.05860165,4.0,0.0,0.0,0.0
5700,1.5156954e+12,0.00020712,0.00020752,0.00020688,0.0002075,924.0,1.5156957e+12,0.19139221,9.0,110.0,0.02282611,0.0
5701,1.5156957e+12,0.00020729,0.0002075,0.00020714,0.00020714,661.0,1.515696e+12,0.13693986,10.0,227.0,0.0470411,0.0
5702,1.515696e+12,0.00020689,0.00020787,0.00020689,0.00020777,204.0,1.5156963e+12,0.04228048,3.0,84.0,0.01745368,0.0
5703,1.5156963e+12,0.00020777,0.00020795,0.00020688,0.00020795,46.0,1.5156966e+12,0.00954781,4.0,1.0,0.00020795,0.0
5704,1.5156966e+12,0.00020689,0.00020787,0.00020689,0.00020787,389.0,1.5156969e+12,0.08049687,3.0,17.0,0.00353379,0.0
5705,1.5156969e+12,0.00020785,0.00020785,0.00020785,0.00020785,50.0,1.5156972e+12,0.0103925,2.0,50.0,0.0103925,0.0
5706,1.5156972e+12,0.00020785,0.00020785,0.0002069,0.0002069,57.0,1.5156975e+12,0.01181515,4.0,23.0,0.00478055,0.0
5707,1.5156975e+12,0.00020689,0.00020783,0.00020688,0.00020688,667.0,1.5156978e+12,0.13823806,11.0,46.0,0.00954867,0.0
5708,1.5156978e+12,0.00020687,0.00020792,0.00020687,0.00020792,2247.0,1.5156981e+12,0.46677891,14.0,1402.0,0.29133564,0.0
5709,1.5156981e+12,0.00020792,0.00020837,0.00020774,0.00020837,1844.0,1.5156984e+12,0.38352469,11.0,1402.0,0.29163911,0.0
5710,1.5156984e+12,0.00020857,0.00021001,0.00020857,0.00021001,341.0,1.5156987e+12,0.07132662,7.0,31.0,0.00651031,0.0
5711,1.5156987e+12,0.0002108,0.00021562,0.00021014,0.00021247,822.0,1.515699e+12,0.17442606,18.0,570.0,0.12086923,0.0
5712,1.515699e+12,0.00021437,0.00022914,0.00021437,0.00022914,5928.0,1.5156993e+12,1.30439406,63.0,5365.0,1.18307481,0.0
5713,1.5156993e+12,0.00021987,0.00022587,0.00020001,0.00021123,12448.0,1.5156996e+12,2.65429645,163.0,3227.0,0.70147442,0.0
5714,1.5156996e+12,0.000212,0.000212,0.00020001,0.00020899,16608.0,1.5156999e+12,3.42031725,42.0,2119.0,0.44396263,0.0
5715,1.5156999e+12,0.0002084,0.0002089,0.0002065,0.00020825,5621.0,1.5157002e+12,1.16480415,29.0,1897.0,0.39390235,0.0
5716,1.5157002e+12,0.00020825,0.00020841,0.00020651,0.00020805,599.0,1.5157005e+12,0.12399694,11.0,136.0,0.02830321,0.0
5717,1.5157005e+12,0.00020793,0.00020902,0.00020651,0.00020651,1200.0,1.5157008e+12,0.25012043,11.0,1163.0,0.24247946,0.0
5718,1.5157008e+12,0.00020901,0.00023318,0.00020901,0.00021761,41109.0,1.5157011e+12,9.13146214,410.0,27643.0,6.13501209,0.0
5719,1.5157011e+12,0.00021933,0.00022118,0.000212,0.00021543,4605.0,1.5157014e+12,1.00213183,47.0,1112.0,0.24528234,0.0
5720,1.5157014e+12,0.00021613,0.00022119,0.00021552,0.000221,944.0,1.5157017e+12,0.20629284,18.0,669.0,0.14665347,0.0
5721,1.5157017e+12,0.00022014,0.00022712,0.00021787,0.00022345,8028.0,1.515702e+12,1.78541138,54.0,3273.0,0.72633288,0.0
5722,1.515702e+12,0.00022345,0.00022345,0.00021621,0.00021794,5864.0,1.5157023e+12,1.28105727,38.0,1848.0,0.40122512,0.0
5723,1.5157023e+12,0.00021664,0.00021664,0.000212,0.00021479,1500.0,1.5157026e+12,0.32126346,26.0,527.0,0.1140138,0.0
5724,1.5157026e+12,0.00021461,0.00021461,0.00021,0.00021,5045.0,1.5157029e+12,1.06591205,36.0,507.0,0.10824506,0.0
5725,1.5157029e+12,0.00021001,0.00021061,0.00021,0.00021,4460.0,1.5157032e+12,0.93671277,45.0,125.0,0.02625196,0.0
5726,1.5157032e+12,0.00021,0.000214,0.00021,0.0002129,3039.0,1.5157035e+12,0.6456248,33.0,1648.0,0.3502667,0.0
5727,1.5157035e+12,0.00021222,0.00021276,0.0002102,0.00021276,1523.0,1.5157038e+12,0.32225002,14.0,151.0,0.03205075,0.0
5728,1.5157038e+12,0.0002109,0.00021228,0.00021089,0.00021221,62.0,1.5157041e+12,0.01313418,6.0,43.0,0.00912711,0.0
5729,1.5157041e+12,0.0002122,0.00021394,0.00021217,0.00021394,526.0,1.5157044e+12,0.11209965,14.0,422.0,0.09000975,0.0
5730,1.5157044e+12,0.00021281,0.00021281,0.00021221,0.00021221,225.0,1.5157047e+12,0.04782571,7.0,0.0,0.0,0.0
5731,1.5157047e+12,0.00021221,0.00021265,0.00020988,0.00021046,749.0,1.515705e+12,0.15836917,13.0,252.0,0.05329962,0.0
5732,1.515705e+12,0.00021049,0.00021151,0.00020988,0.00021046,859.0,1.5157053e+12,0.18082975,11.0,545.0,0.11481855,0.0
5733,1.5157053e+12,0.00021144,0.00021144,0.00021046,0.00021046,80.0,1.5157056e+12,0.0168557,4.0,29.0,0.00612224,0.0
5734,1.5157056e+12,0.00020988,0.00020988,0.00020987,0.00020987,72.0,1.5157059e+12,0.01511102,3.0,34.0,0.00713558,0.0
5735,1.5157059e+12,0.00020903,0.0002093,0.00020654,0.00020706,1349.0,1.5157062e+12,0.27945832,20.0,149.0,0.03108963,0.0
5736,1.5157062e+12,0.00020706,0.00021046,0.00020706,0.00020772,2898.0,1.5157065e+12,0.60495775,33.0,2685.0,0.56076966,0.0
5737,1.5157065e+12,0.0002078,0.00020939,0.0002078,0.00020939,62.0,1.5157068e+12,0.0129634,3.0,50.0,0.0104695,0.0
5738,1.5157068e+12,0.00020935,0.00022089,0.00020935,0.00021004,13046.0,1.5157071e+12,2.81504868,64.0,6801.0,1.44445283,0.0
5739,1.5157071e+12,0.00020992,0.00020992,0.00020806,0.0002097,814.0,1.5157074e+12,0.16995859,14.0,233.0,0.04887215,0.0
5740,1.5157074e+12,0.00020969,0.00020969,0.00020784,0.00020822,1636.0,1.5157077e+12,0.34037919,23.0,563.0,0.11724982,0.0
5741,1.5157077e+12,0.00020822,0.00020967,0.00020822,0.00020967,129.0,1.515708e+12,0.02704308,4.0,110.0,0.02305935,0.0
5742,1.515708e+12,0.00020954,0.0002185,0.00020951,0.0002185,5326.0,1.5157083e+12,1.12318391,28.0,4700.0,0.98965811,0.0
5743,1.5157083e+12,0.00021102,0.00021392,0.00021102,0.0002113,3277.0,1.5157086e+12,0.69815201,23.0,0.0,0.0,0.0
5744,1.5157086e+12,0.00021132,0.00021135,0.0002113,0.00021131,1044.0,1.5157089e+12,0.2206147,13.0,587.0,0.12404363,0.0
5745,1.5157089e+12,0.00021103,0.00021148,0.00021103,0.00021148,1853.0,1.5157092e+12,0.39152018,16.0,1545.0,0.32648316,0.0
5746,1.5157092e+12,0.00021251,0.00021251,0.00021199,0.00021251,750.0,1.5157095e+12,0.15929502,15.0,438.0,0.0929921,0.0
5747,1.5157095e+12,0.00021251,0.00021255,0.00021212,0.00021255,776.0,1.5157098e+12,0.16490044,5.0,585.0,0.12431055,0.0
5748,1.5157098e+12,0.0002119,0.0002119,0.0002119,0.0002119,16.0,1.5157101e+12,0.0033904,1.0,0.0,0.0,0.0
5749,1.5157101e+12,0.00021315,0.00021315,0.00021299,0.00021299,171.0,1.5157104e+12,0.03642561,3.0,171.0,0.03642561,0.0
5750,1.5157104e+12,0.00021192,0.00021298,0.00021192,0.00021298,1008.0,1.5157107e+12,0.21464993,8.0,988.0,0.21041153,0.0
5751,1.5157107e+12,0.00021298,0.00021298,0.00021099,0.00021099,155.0,1.515711e+12,0.03277214,6.0,10.0,0.0021298,0.0
5752,1.515711e+12,0.00021255,0.00021295,0.00021144,0.00021289,979.0,1.5157113e+12,0.20840692,7.0,752.0,0.16011153,0.0
5753,1.5157113e+12,0.00021289,0.00021334,0.00021149,0.00021302,1981.0,1.5157116e+12,0.4221289,12.0,1441.0,0.30715582,0.0
5754,1.5157116e+12,0.00021313,0.00021313,0.0002119,0.0002119,3611.0,1.5157119e+12,0.76935283,11.0,2060.0,0.4390272,0.0
5755,1.5157119e+12,0.0002119,0.0002119,0.00021189,0.0002119,1904.0,1.5157122e+12,0.40345643,10.0,1758.0,0.37251903,0.0
5756,1.5157122e+12,0.00021279,0.00021279,0.0002114,0.0002114,84.0,1.5157125e+12,0.01779096,2.0,24.0,0.00510696,0.0
5757,1.5157125e+12,0.00021143,0.00021143,0.00021139,0.00021142,233.0,1.5157128e+12,0.04926011,9.0,208.0,0.04397475,0.0
5758,1.5157128e+12,0.00021143,0.00021312,0.00021143,0.00021155,1335.0,1.5157131e+12,0.28341439,7.0,750.0,0.15966202,0.0
5759,1.5157131e+12,0.00021308,0.00021308,0.00021099,0.00021099,2479.0,1.5157134e+12,0.52386487,14.0,305.0,0.06443348,0.0
5760,1.5157134e+12,0.00021065,0.00021065,0.00021048,0.00021049,305.0,1.5157137e+12,0.06421085,6.0,218.0,0.04589682,0.0
5761,1.5157137e+12,0.000211,0.00021143,0.00020871,0.00020924,470.0,1.515714e+12,0.09891023,9.0,65.0,0.01369682,0.0
5762,1.515714e+12,0.00021137,0.00021206,0.0002103,0.00021206,303.0,1.5157143e+12,0.0640486,12.0,211.0,0.044701,0.0
5763,1.5157143e+12,0.00021161,0.00021161,0.00020897,0.00020897,223.0,1.5157146e+12,0.04699039,7.0,52.0,0.01099724,0.0
5764,1.5157146e+12,0.00021017,0.00021017,0.00021006,0.00021006,176.0,1.5157149e+12,0.03698816,2.0,176.0,0.03698816,0.0
5765,1.5157149e+12,0.00020937,0.00020938,0.00020937,0.00020938,249.0,1.5157152e+12,0.05213333,2.0,249.0,0.05213333,0.0
5766,1.5157152e+12,0.0002092,0.00021293,0.0002092,0.00021072,1676.0,1.5157155e+12,0.35345371,21.0,769.0,0.16310323,0.0
5767,1.5157155e+12,0.00021099,0.00021112,0.0002097,0.00020982,796.0,1.5157158e+12,0.16758578,11.0,45.0,0.0094566,0.0
5768,1.5157158e+12,0.0002097,0.0002097,0.00020942,0.00020942,1380.0,1.5157161e+12,0.2891759,6.0,286.0,0.05993702,0.0
5769,1.5157161e+12,0.00020935,0.00021171,0.00020778,0.00021085,661.0,1.5157164e+12,0.13874368,6.0,211.0,0.04458395,0.0
5770,1.5157164e+12,0.0002094,0.0002094,0.00020935,0.00020935,54.0,1.5157167e+12,0.01130655,4.0,10.0,0.0020939,0.0
5771,1.5157167e+12,0.00020935,0.00021046,0.00020934,0.00020934,230.0,1.515717e+12,0.04821298,8.0,52.0,0.01090048,0.0
5772,1.515717e+12,0.00020936,0.00020936,0.00020715,0.00020715,3229.0,1.5157173e+12,0.66965447,22.0,39.0,0.00809235,0.0
5773,1.5157173e+12,0.00020715,0.00020816,0.00020715,0.00020816,881.0,1.5157176e+12,0.18281827,12.0,198.0,0.04101768,0.0
5774,1.5157176e+12,0.00020716,0.00020816,0.00020716,0.00020716,306.0,1.5157179e+12,0.06365774,6.0,67.0,0.01394652,0.0
5775,1.5157179e+12,0.00020717,0.00021154,0.00020717,0.00021154,334.0,1.5157182e+12,0.06986379,8.0,251.0,0.05266868,0.0
5776,1.5157182e+12,0.00020939,0.00021401,0.00020939,0.00021401,12781.0,1.5157185e+12,2.71796476,33.0,11907.0,2.5325958,0.0
5777,1.5157185e+12,0.00021402,0.00021463,0.00021075,0.00021078,1412.0,1.5157188e+12,0.30210684,6.0,55.0,0.01180465,0.0
5778,1.5157188e+12,0.00021212,0.00021481,0.00021156,0.00021481,602.0,1.5157191e+12,0.12795333,10.0,602.0,0.12795333,0.0
5779,1.5157191e+12,0.0002139,0.0002139,0.00021242,0.00021389,364.0,1.5157194e+12,0.07767218,6.0,235.0,0.05026647,0.0
5780,1.5157194e+12,0.00021389,0.00021389,0.00021389,0.00021389,0.0,1.5157197e+12,0.0,0.0,0.0,0.0,0.0
5781,1.5157197e+12,0.00021242,0.0002139,0.00021207,0.00021262,654.0,1.51572e+12,0.13932997,9.0,353.0,0.0754928,0.0
5782,1.51572e+12,0.00021262,0.00021262,0.000212,0.00021246,735.0,1.5157203e+12,0.15618786,10.0,587.0,0.12480634,0.0
5783,1.5157203e+12,0.000212,0.000212,0.00021127,0.00021127,534.0,1.5157206e+12,0.11308654,5.0,132.0,0.0279621,0.0
5784,1.5157206e+12,0.00021075,0.00021209,0.0002093,0.00021207,1601.0,1.5157209e+12,0.33619638,9.0,187.0,0.03950626,0.0
5785,1.5157209e+12,0.00021176,0.00021206,0.00021175,0.00021175,1581.0,1.5157212e+12,0.33479194,6.0,47.0,0.00996682,0.0
5786,1.5157212e+12,0.00021176,0.000217,0.00021176,0.000217,1738.0,1.5157215e+12,0.37436021,11.0,1694.0,0.36504215,0.0
5787,1.5157215e+12,0.00021413,0.00021413,0.00021175,0.00021175,21139.0,1.5157218e+12,4.47644575,12.0,0.0,0.0,0.0
5788,1.5157218e+12,0.00021373,0.00021399,0.00021373,0.00021399,40.0,1.5157221e+12,0.0085544,2.0,40.0,0.0085544,0.0
5789,1.5157221e+12,0.0002128,0.00021339,0.00021176,0.00021176,375.0,1.5157224e+12,0.0795082,8.0,20.0,0.0042678,0.0
5790,1.5157224e+12,0.00021339,0.00021542,0.00021339,0.00021542,290.0,1.5157227e+12,0.06208127,13.0,171.0,0.03668786,0.0
5791,1.5157227e+12,0.00021542,0.00022074,0.00021542,0.00022074,1874.0,1.515723e+12,0.41193052,14.0,1827.0,0.40180437,0.0
5792,1.515723e+12,0.00021983,0.00021983,0.00021555,0.00021757,1304.0,1.5157233e+12,0.28191807,30.0,110.0,0.02383667,0.0
5793,1.5157233e+12,0.00021717,0.0002208,0.00021717,0.0002208,2809.0,1.5157236e+12,0.61850744,21.0,2218.0,0.48801464,0.0
5794,1.5157236e+12,0.0002208,0.0002209,0.00021781,0.00021781,1068.0,1.5157239e+12,0.23578844,11.0,159.0,0.0351231,0.0
5795,1.5157239e+12,0.00021822,0.00021822,0.00021722,0.00021764,120.0,1.5157242e+12,0.02613565,6.0,0.0,0.0,0.0
5796,1.5157242e+12,0.00021882,0.00021886,0.00021615,0.00021615,334.0,1.5157245e+12,0.07258798,6.0,133.0,0.02910782,0.0
5797,1.5157245e+12,0.00021615,0.00021615,0.00021615,0.00021615,0.0,1.5157248e+12,0.0,0.0,0.0,0.0,0.0
5798,1.5157248e+12,0.00021812,0.00021812,0.00021812,0.00021812,11.0,1.5157251e+12,0.00239932,1.0,11.0,0.00239932,0.0
5799,1.5157251e+12,0.00021681,0.00021812,0.00021681,0.00021812,150.0,1.5157254e+12,0.032684,4.0,130.0,0.0283478,0.0
5800,1.5157254e+12,0.00021773,0.00022001,0.00021773,0.00022001,2266.0,1.5157257e+12,0.49808551,12.0,241.0,0.05258482,0.0
5801,1.5157257e+12,0.00022001,0.0002205,0.00022001,0.0002205,1187.0,1.515726e+12,0.2616551,4.0,0.0,0.0,0.0
5802,1.515726e+12,0.0002205,0.0002205,0.00022,0.00022,2999.0,1.5157263e+12,0.6601572,8.0,0.0,0.0,0.0
5803,1.5157263e+12,0.0002209,0.0002209,0.00022,0.00022,2044.0,1.5157266e+12,0.4503368,8.0,736.0,0.1625768,0.0
5804,1.5157266e+12,0.0002208,0.0002208,0.00021913,0.00021913,453.0,1.5157269e+12,0.09965645,5.0,408.0,0.08975645,0.0
5805,1.5157269e+12,0.00021745,0.00021745,0.000217,0.00021745,185.0,1.5157272e+12,0.04021935,6.0,145.0,0.03152575,0.0
5806,1.5157272e+12,0.00021702,0.00021745,0.00021701,0.00021745,723.0,1.5157275e+12,0.15693426,4.0,74.0,0.0160913,0.0
5807,1.5157275e+12,0.00021745,0.00021745,0.00021745,0.00021745,0.0,1.5157278e+12,0.0,0.0,0.0,0.0,0.0
5808,1.5157278e+12,0.000217,0.000217,0.000216,0.000216,3500.0,1.5157281e+12,0.75832209,9.0,0.0,0.0,0.0
5809,1.5157281e+12,0.00021601,0.00021601,0.000216,0.00021601,1424.0,1.5157284e+12,0.30759773,8.0,1361.0,0.29398961,0.0
5810,1.5157284e+12,0.00021667,0.00021667,0.00021575,0.00021663,6603.0,1.5157287e+12,1.42637478,11.0,142.0,0.03074286,0.0
5811,1.5157287e+12,0.00021565,0.000216,0.00021499,0.00021589,1845.0,1.515729e+12,0.39711615,16.0,960.0,0.2065957,0.0
5812,1.515729e+12,0.00021393,0.00021393,0.00021175,0.00021175,844.0,1.5157293e+12,0.17988886,7.0,0.0,0.0,0.0
5813,1.5157293e+12,0.00021288,0.00021415,0.00021286,0.00021286,1425.0,1.5157296e+12,0.30343031,9.0,1413.0,0.30087575,0.0
5814,1.5157296e+12,0.00021333,0.0002134,0.00021288,0.00021325,534.0,1.5157299e+12,0.11392707,14.0,144.0,0.03071629,0.0
5815,1.5157299e+12,0.00021296,0.00021338,0.00021175,0.00021336,5803.0,1.5157302e+12,1.23012609,15.0,544.0,0.11597936,0.0
5816,1.5157302e+12,0.00021336,0.00021336,0.00021336,0.00021336,0.0,1.5157305e+12,0.0,0.0,0.0,0.0,0.0
5817,1.5157305e+12,0.00021446,0.00021447,0.00021445,0.00021446,375.0,1.5157308e+12,0.08042325,10.0,191.0,0.04096145,0.0
5818,1.5157308e+12,0.00021333,0.00021334,0.00021177,0.00021177,4228.0,1.5157311e+12,0.89959723,16.0,1666.0,0.35538621,0.0
5819,1.5157311e+12,0.00021197,0.00021197,0.00021175,0.00021175,2216.0,1.5157314e+12,0.46949774,5.0,199.0,0.04218203,0.0
5820,1.5157314e+12,0.00021176,0.00021317,0.00021175,0.00021175,3720.0,1.5157317e+12,0.7884235,21.0,481.0,0.10253159,0.0
5821,1.5157317e+12,0.00021176,0.00021298,0.00021175,0.00021298,1926.0,1.515732e+12,0.40788991,15.0,46.0,0.00979708,0.0
5822,1.515732e+12,0.00021176,0.00021176,0.00021175,0.00021175,4484.0,1.5157323e+12,0.94949165,2.0,0.0,0.0,0.0
5823,1.5157323e+12,0.00021314,0.00021314,0.00021176,0.00021176,123.0,1.5157326e+12,0.02610412,3.0,42.0,0.00895156,0.0
5824,1.5157326e+12,0.00021312,0.00021312,0.00021187,0.00021187,127.0,1.5157329e+12,0.02703614,6.0,103.0,0.02195126,0.0
5825,1.5157329e+12,0.00021187,0.00021309,0.00021187,0.00021309,172.0,1.5157332e+12,0.03662342,4.0,149.0,0.03175041,0.0
5826,1.5157332e+12,0.00021309,0.00021309,0.00021309,0.00021309,630.0,1.5157335e+12,0.1342467,6.0,630.0,0.1342467,0.0
5827,1.5157335e+12,0.00021309,0.00021309,0.00021177,0.00021298,1652.0,1.5157338e+12,0.35020583,10.0,103.0,0.02194563,0.0
5828,1.5157338e+12,0.00021298,0.00021299,0.00021298,0.00021299,637.0,1.5157341e+12,0.1356737,13.0,637.0,0.1356737,0.0
5829,1.5157341e+12,0.00021299,0.00021313,0.00021299,0.000213,1259.0,1.5157344e+12,0.26816663,5.0,177.0,0.03770063,0.0
5830,1.5157344e+12,0.00021313,0.00021317,0.000213,0.00021317,593.0,1.5157347e+12,0.12640459,6.0,563.0,0.12001459,0.0
5831,1.5157347e+12,0.00021317,0.00021317,0.00021317,0.00021317,39.0,1.515735e+12,0.00831363,1.0,39.0,0.00831363,0.0
5832,1.515735e+12,0.00021334,0.00021334,0.00021333,0.00021334,417.0,1.5157353e+12,0.08896243,6.0,417.0,0.08896243,0.0
5833,1.5157353e+12,0.00021334,0.00021336,0.00021333,0.00021333,281.0,1.5157356e+12,0.05995056,5.0,257.0,0.05483064,0.0
5834,1.5157356e+12,0.00021531,0.00021584,0.00021531,0.00021584,35.0,1.5157359e+12,0.00753764,3.0,35.0,0.00753764,0.0
5835,1.5157359e+12,0.00021399,0.00021399,0.00021299,0.00021365,3001.0,1.5157362e+12,0.64008637,13.0,0.0,0.0,0.0
5836,1.5157362e+12,0.000213,0.000213,0.00021299,0.00021299,841.0,1.5157365e+12,0.17912505,7.0,0.0,0.0,0.0
5837,1.5157365e+12,0.000213,0.000213,0.00021299,0.00021299,95.0,1.5157368e+12,0.02023461,4.0,56.0,0.011928,0.0
5838,1.5157368e+12,0.00021299,0.00021299,0.00021175,0.00021175,3396.0,1.5157371e+12,0.7198701,8.0,309.0,0.06581345,0.0
5839,1.5157371e+12,0.000213,0.000213,0.00021175,0.00021175,1613.0,1.5157374e+12,0.34283447,16.0,1087.0,0.23140248,0.0
5840,1.5157374e+12,0.00021212,0.00021212,0.00021176,0.00021177,34.0,1.5157377e+12,0.00720682,4.0,0.0,0.0,0.0
5841,1.5157377e+12,0.00021249,0.00021249,0.000211,0.00021101,13916.0,1.515738e+12,2.94666556,20.0,539.0,0.11409961,0.0
5842,1.515738e+12,0.00021166,0.00021207,0.00020009,0.00021062,2913.0,1.5157383e+12,0.59965447,28.0,253.0,0.05346424,0.0
5843,1.5157383e+12,0.00021062,0.0002115,0.00021053,0.00021053,322.0,1.5157386e+12,0.06800229,9.0,239.0,0.0505229,0.0
5844,1.5157386e+12,0.00021053,0.00021053,0.000204,0.00020811,3171.0,1.5157389e+12,0.65327197,31.0,1148.0,0.23884231,0.0
5845,1.5157389e+12,0.00020742,0.00020811,0.0002074,0.00020793,943.0,1.5157392e+12,0.19602203,17.0,387.0,0.08051493,0.0
5846,1.5157392e+12,0.0002079,0.0002079,0.0002079,0.0002079,48.0,1.5157395e+12,0.0099792,1.0,48.0,0.0099792,0.0
5847,1.5157395e+12,0.0002079,0.0002079,0.00020607,0.00020607,1743.0,1.5157398e+12,0.35932866,12.0,68.0,0.01405968,0.0
5848,1.5157398e+12,0.00020605,0.00020634,0.00020497,0.00020634,1511.0,1.5157401e+12,0.31039335,12.0,315.0,0.06490137,0.0
5849,1.5157401e+12,0.00020624,0.00020624,0.0002062,0.0002062,70.0,1.5157404e+12,0.01443496,3.0,70.0,0.01443496,0.0
5850,1.5157404e+12,0.00020618,0.00020619,0.00020514,0.00020514,1309.0,1.5157407e+12,0.26987199,11.0,841.0,0.17339743,0.0
5851,1.5157407e+12,0.00020514,0.00020842,0.00020513,0.00020842,3845.0,1.515741e+12,0.79213254,17.0,3707.0,0.7637543,0.0
5852,1.515741e+12,0.00020646,0.00020646,0.00020617,0.00020617,338.0,1.5157413e+12,0.06976782,6.0,288.0,0.05945062,0.0
5853,1.5157413e+12,0.00020617,0.00020788,0.00020617,0.00020788,114.0,1.5157416e+12,0.02357838,5.0,114.0,0.02357838,0.0
5854,1.5157416e+12,0.00020842,0.00020842,0.00020497,0.00020584,3064.0,1.5157419e+12,0.63501746,20.0,74.0,0.01537968,0.0
5855,1.5157419e+12,0.00020842,0.00020991,0.00020609,0.00020701,859.0,1.5157422e+12,0.17805776,15.0,275.0,0.05746308,0.0
5856,1.5157422e+12,0.0002059,0.0002059,0.00020497,0.00020583,2275.0,1.5157425e+12,0.46728729,16.0,156.0,0.03211077,0.0
5857,1.5157425e+12,0.00020583,0.00020762,0.00020497,0.00020695,687.0,1.5157428e+12,0.14132683,9.0,320.0,0.06600293,0.0
5858,1.5157428e+12,0.00020693,0.00020694,0.000205,0.000205,161.0,1.5157431e+12,0.03317159,5.0,86.0,0.01779659,0.0
5859,1.5157431e+12,0.00020693,0.00020694,0.00020693,0.00020694,374.0,1.5157434e+12,0.07739204,5.0,274.0,0.05669904,0.0
5860,1.5157434e+12,0.00020694,0.00020696,0.00020693,0.00020693,759.0,1.5157437e+12,0.15706438,8.0,67.0,0.01386518,0.0
5861,1.5157437e+12,0.00020694,0.00020696,0.000205,0.00020696,824.0,1.515744e+12,0.17007295,8.0,155.0,0.0320759,0.0
5862,1.515744e+12,0.00020698,0.00020698,0.00020607,0.00020607,399.0,1.5157443e+12,0.08227291,7.0,223.0,0.04597874,0.0
5863,1.5157443e+12,0.00020606,0.00020606,0.000205,0.00020586,2186.0,1.5157446e+12,0.44997785,15.0,412.0,0.08483374,0.0
5864,1.5157446e+12,0.00020599,0.00020599,0.00020594,0.00020594,238.0,1.5157449e+12,0.04901492,3.0,24.0,0.00494376,0.0
5865,1.5157449e+12,0.0002058,0.0002058,0.0002058,0.0002058,624.0,1.5157452e+12,0.1284192,6.0,0.0,0.0,0.0
5866,1.5157452e+12,0.0002058,0.00020763,0.0002058,0.00020763,209.0,1.5157455e+12,0.04312981,9.0,164.0,0.03386869,0.0
5867,1.5157455e+12,0.00020763,0.00020763,0.00020624,0.00020697,150.0,1.5157458e+12,0.03105334,8.0,16.0,0.00332208,0.0
5868,1.5157458e+12,0.00020697,0.00020744,0.0002058,0.00020744,301.0,1.5157461e+12,0.06209064,6.0,72.0,0.01493568,0.0
5869,1.5157461e+12,0.00020744,0.00020744,0.0002058,0.0002058,826.0,1.5157464e+12,0.17073722,14.0,226.0,0.04687712,0.0
5870,1.5157464e+12,0.0002072,0.0002072,0.00020501,0.00020703,754.0,1.5157467e+12,0.15530918,13.0,143.0,0.02962168,0.0
5871,1.5157467e+12,0.00020661,0.00020663,0.0002,0.00020251,16708.0,1.515747e+12,3.39115357,32.0,732.0,0.14693295,0.0
5872,1.515747e+12,0.00020251,0.0002035,0.00020018,0.00020023,3046.0,1.5157473e+12,0.6119368,20.0,74.0,0.015059,0.0
5873,1.5157473e+12,0.00020075,0.00020336,0.00020018,0.00020018,1688.0,1.5157476e+12,0.33975747,38.0,911.0,0.18385182,0.0
5874,1.5157476e+12,0.00020153,0.00020154,0.00019989,0.00019993,1101.0,1.5157479e+12,0.22040224,15.0,509.0,0.10202259,0.0
5875,1.5157479e+12,0.00019993,0.00019995,0.00019993,0.00019995,4969.0,1.5157482e+12,0.99353494,18.0,4862.0,0.97214136,0.0
5876,1.5157482e+12,0.00019994,0.00019995,0.0001999,0.00019995,6740.0,1.5157485e+12,1.3474326,31.0,1023.0,0.20453148,0.0
5877,1.5157485e+12,0.00019995,0.00020345,0.0001999,0.00019991,4928.0,1.5157488e+12,0.98676974,33.0,1497.0,0.29998147,0.0
5878,1.5157488e+12,0.00020185,0.00020263,0.000201,0.00020262,1863.0,1.5157491e+12,0.37582849,15.0,1835.0,0.37020049,0.0
5879,1.5157491e+12,0.0002025,0.00020258,0.00020058,0.00020058,848.0,1.5157494e+12,0.17095124,7.0,690.0,0.13913128,0.0
5880,1.5157494e+12,0.00020056,0.00020056,0.00020056,0.00020056,15.0,1.5157497e+12,0.0030084,1.0,0.0,0.0,0.0
5881,1.5157497e+12,0.00020185,0.00020185,0.00020184,0.00020185,1529.0,1.51575e+12,0.30862741,4.0,148.0,0.02987256,0.0
5882,1.51575e+12,0.0002024,0.0002024,0.000199,0.00020236,1084.0,1.5157503e+12,0.21723154,14.0,422.0,0.08519173,0.0
5883,1.5157503e+12,0.00020153,0.00020221,0.00020113,0.00020113,490.0,1.5157506e+12,0.09885844,8.0,366.0,0.07391832,0.0
5884,1.5157506e+12,0.00020219,0.00020219,0.00020201,0.00020209,166.0,1.5157509e+12,0.03354488,7.0,136.0,0.02748218,0.0
5885,1.5157509e+12,0.00020211,0.00020261,0.00020209,0.00020228,2080.0,1.5157512e+12,0.42049405,18.0,2026.0,0.40957901,0.0
5886,1.5157512e+12,0.00020261,0.00020265,0.00020209,0.00020265,1350.0,1.5157515e+12,0.27350264,13.0,1283.0,0.25996261,0.0
5887,1.5157515e+12,0.00020265,0.00020265,0.00020209,0.00020265,124.0,1.5157518e+12,0.02512076,4.0,110.0,0.0222915,0.0
5888,1.5157518e+12,0.00020265,0.00020346,0.00020265,0.00020346,2052.0,1.5157521e+12,0.41732829,19.0,2024.0,0.41165381,0.0
5889,1.5157521e+12,0.00020346,0.00020346,0.00020267,0.00020269,1542.0,1.5157524e+12,0.31367191,7.0,1463.0,0.29765956,0.0
5890,1.5157524e+12,0.00020272,0.00020346,0.00020272,0.00020339,619.0,1.5157527e+12,0.12591859,4.0,588.0,0.11963427,0.0
5891,1.5157527e+12,0.00020339,0.00020339,0.00020339,0.00020339,0.0,1.515753e+12,0.0,0.0,0.0,0.0,0.0
5892,1.515753e+12,0.00020335,0.00020335,0.00020335,0.00020335,30.0,1.5157533e+12,0.0061005,1.0,30.0,0.0061005,0.0
5893,1.5157533e+12,0.00020282,0.00020335,0.00020203,0.00020335,4238.0,1.5157536e+12,0.85878795,17.0,2010.0,0.40840983,0.0
5894,1.5157536e+12,0.00020335,0.00020346,0.00020335,0.00020346,1329.0,1.5157539e+12,0.27030068,7.0,1329.0,0.27030068,0.0
5895,1.5157539e+12,0.00020338,0.00020339,0.00020338,0.00020338,524.0,1.5157542e+12,0.10657141,10.0,0.0,0.0,0.0
5896,1.5157542e+12,0.00020338,0.00020338,0.0002022,0.00020337,1015.0,1.5157545e+12,0.20628983,13.0,46.0,0.00935502,0.0
5897,1.5157545e+12,0.00020204,0.00020221,0.00020203,0.00020203,1079.0,1.5157548e+12,0.21802255,6.0,0.0,0.0,0.0
5898,1.5157548e+12,0.00020203,0.00020203,0.0002006,0.00020061,781.0,1.5157551e+12,0.1574491,4.0,0.0,0.0,0.0
5899,1.5157551e+12,0.00020062,0.00020062,0.000199,0.000199,2497.0,1.5157554e+12,0.49918311,16.0,1291.0,0.25823873,0.0
5900,1.5157554e+12,0.000198,0.0001991,0.00019719,0.00019909,2158.0,1.5157557e+12,0.42748459,35.0,1592.0,0.31556419,0.0
5901,1.5157557e+12,0.00019909,0.00019909,0.00019821,0.00019909,3306.0,1.515756e+12,0.65776583,20.0,291.0,0.05791287,0.0
5902,1.515756e+12,0.00019909,0.0001991,0.00019909,0.0001991,99.0,1.5157563e+12,0.01971087,6.0,99.0,0.01971087,0.0
5903,1.5157563e+12,0.00019902,0.00020284,0.00019824,0.00020001,3149.0,1.5157566e+12,0.63171882,27.0,1520.0,0.30643095,0.0
5904,1.5157566e+12,0.00019982,0.00020027,0.00019982,0.00020027,2768.0,1.5157569e+12,0.55358346,29.0,845.0,0.16910189,0.0
5905,1.5157569e+12,0.00020027,0.00020801,0.00019982,0.00020801,3219.0,1.5157572e+12,0.64981151,24.0,2750.0,0.55604484,0.0
5906,1.5157572e+12,0.00020855,0.00020999,0.00020317,0.00020872,6352.0,1.5157575e+12,1.31751761,60.0,3539.0,0.74015305,0.0
5907,1.5157575e+12,0.00020999,0.000218,0.00020999,0.00021576,10769.0,1.5157578e+12,2.31912926,90.0,2558.0,0.54733181,0.0
5908,1.5157578e+12,0.00021594,0.00021594,0.00021575,0.00021575,3739.0,1.5157581e+12,0.80673588,11.0,227.0,0.04901204,0.0
5909,1.5157581e+12,0.00021577,0.00021712,0.00021575,0.00021712,1811.0,1.5157584e+12,0.39088621,18.0,254.0,0.05484531,0.0
5910,1.5157584e+12,0.00021592,0.00021688,0.00021575,0.00021688,8676.0,1.5157587e+12,1.87456625,30.0,2738.0,0.59333298,0.0
5911,1.5157587e+12,0.0002158,0.00021695,0.0002158,0.00021695,449.0,1.515759e+12,0.09714128,6.0,217.0,0.04706315,0.0
5912,1.515759e+12,0.00021594,0.000218,0.00021575,0.00021587,5708.0,1.5157593e+12,1.234924,92.0,901.0,0.19560729,0.0
5913,1.5157593e+12,0.00021575,0.00021588,0.00021575,0.00021575,647.0,1.5157596e+12,0.13963926,5.0,377.0,0.08138676,0.0
5914,1.5157596e+12,0.00021575,0.00021797,0.00021575,0.00021797,407.0,1.5157599e+12,0.08803302,4.0,100.0,0.021797,0.0
5915,1.5157599e+12,0.00021745,0.000218,0.00021595,0.00021782,301.0,1.5157602e+12,0.06549265,12.0,229.0,0.04984027,0.0
5916,1.5157602e+12,0.00021778,0.00021782,0.00021778,0.00021782,357.0,1.5157605e+12,0.07775619,5.0,357.0,0.07775619,0.0
5917,1.5157605e+12,0.000218,0.0002196,0.000218,0.00021815,1062.0,1.5157608e+12,0.23266389,13.0,974.0,0.21346737,0.0
5918,1.5157608e+12,0.00021815,0.00021948,0.00021815,0.00021921,528.0,1.5157611e+12,0.11567319,6.0,386.0,0.08469589,0.0
5919,1.5157611e+12,0.00021913,0.00021922,0.0002158,0.00021922,1944.0,1.5157614e+12,0.42163624,46.0,468.0,0.10230146,0.0
5920,1.5157614e+12,0.00021922,0.0002195,0.00021922,0.0002194,1903.0,1.5157617e+12,0.41758846,7.0,1903.0,0.41758846,0.0
5921,1.5157617e+12,0.00021946,0.0002195,0.00021714,0.00021751,148.0,1.515762e+12,0.0323355,5.0,76.0,0.01668112,0.0
5922,1.515762e+12,0.00021787,0.00021793,0.00021767,0.00021767,310.0,1.5157623e+12,0.0675374,10.0,45.0,0.0098064,0.0
5923,1.5157623e+12,0.00021767,0.00021767,0.00021767,0.00021767,0.0,1.5157626e+12,0.0,0.0,0.0,0.0,0.0
5924,1.5157626e+12,0.00021831,0.00021831,0.00021673,0.00021673,321.0,1.5157629e+12,0.06983849,6.0,137.0,0.02983421,0.0
5925,1.5157629e+12,0.00021756,0.00021935,0.00021731,0.00021927,3152.0,1.5157632e+12,0.68777973,24.0,1209.0,0.26454175,0.0
5926,1.5157632e+12,0.00021927,0.00021927,0.00021672,0.00021748,484.0,1.5157635e+12,0.10572443,7.0,0.0,0.0,0.0
5927,1.5157635e+12,0.00021785,0.00021785,0.00021701,0.00021702,584.0,1.5157638e+12,0.12686044,12.0,80.0,0.0174272,0.0
5928,1.5157638e+12,0.00021702,0.000218,0.00021663,0.000218,1186.0,1.5157641e+12,0.2571693,23.0,0.0,0.0,0.0
5929,1.5157641e+12,0.000218,0.0002199,0.000218,0.0002199,1807.0,1.5157644e+12,0.39664932,17.0,1204.0,0.26437182,0.0
5930,1.5157644e+12,0.0002199,0.00021995,0.00021831,0.00021995,1310.0,1.5157647e+12,0.28682146,12.0,438.0,0.09631785,0.0
5931,1.5157647e+12,0.00021846,0.00021957,0.00021801,0.00021957,1480.0,1.515765e+12,0.32297281,15.0,22.0,0.00483054,0.0
5932,1.515765e+12,0.00021917,0.0002199,0.00021801,0.00021803,580.0,1.5157653e+12,0.12708867,16.0,165.0,0.03617304,0.0
5933,1.5157653e+12,0.00021809,0.00021898,0.00021808,0.00021897,1292.0,1.5157656e+12,0.2826524,25.0,1224.0,0.26782239,0.0
5934,1.5157656e+12,0.00021806,0.00021996,0.000218,0.000218,1028.0,1.5157659e+12,0.22431832,17.0,125.0,0.02744548,0.0
5935,1.5157659e+12,0.00021953,0.00021953,0.00021823,0.00021824,1210.0,1.5157662e+12,0.26418325,13.0,45.0,0.00987885,0.0
5936,1.5157662e+12,0.00021824,0.00021824,0.000218,0.000218,2612.0,1.5157665e+12,0.56945574,19.0,0.0,0.0,0.0
5937,1.5157665e+12,0.00021732,0.000218,0.00021575,0.000218,744.0,1.5157668e+12,0.16099232,10.0,75.0,0.01628389,0.0
5938,1.5157668e+12,0.00021634,0.00021742,0.00021634,0.00021742,91.0,1.5157671e+12,0.01971394,3.0,25.0,0.0054355,0.0
5939,1.5157671e+12,0.00021634,0.00021634,0.00021256,0.0002146,13911.0,1.5157674e+12,3.00049557,34.0,287.0,0.06142438,0.0
5940,1.5157674e+12,0.00021333,0.00021372,0.000213,0.00021337,405.0,1.5157677e+12,0.08642493,15.0,168.0,0.03585699,0.0
5941,1.5157677e+12,0.00021372,0.00021372,0.00020602,0.00021372,528.0,1.515768e+12,0.11153171,19.0,71.0,0.01510145,0.0
5942,1.515768e+12,0.00020634,0.00021548,0.00020634,0.00021371,737.0,1.5157683e+12,0.15618169,23.0,422.0,0.09004189,0.0
5943,1.5157683e+12,0.00021487,0.00021633,0.00021189,0.00021333,1330.0,1.5157686e+12,0.28386851,32.0,423.0,0.09080109,0.0
5944,1.5157686e+12,0.00021403,0.00021575,0.00021403,0.00021575,872.0,1.5157689e+12,0.18696319,18.0,352.0,0.07542039,0.0
5945,1.5157689e+12,0.00021633,0.00021633,0.00021405,0.00021457,2467.0,1.5157692e+12,0.5293396,36.0,299.0,0.06423202,0.0
5946,1.5157692e+12,0.00021455,0.00021571,0.00021405,0.00021571,657.0,1.5157695e+12,0.14077099,17.0,249.0,0.05343859,0.0
5947,1.5157695e+12,0.00021571,0.00021696,0.00021,0.0002107,14160.0,1.5157698e+12,2.99088345,32.0,9556.0,2.01478175,0.0
5948,1.5157698e+12,0.00021415,0.00021417,0.00021204,0.00021206,989.0,1.5157701e+12,0.21171851,11.0,231.0,0.04946565,0.0
5949,1.5157701e+12,0.00021214,0.00021214,0.00021213,0.00021213,1037.0,1.5157704e+12,0.21998503,14.0,426.0,0.09037164,0.0
5950,1.5157704e+12,0.00021213,0.00021214,0.00021204,0.00021205,4162.0,1.5157707e+12,0.88266285,28.0,2846.0,0.60357677,0.0
5951,1.5157707e+12,0.00021204,0.00021384,0.00021204,0.0002135,2318.0,1.515771e+12,0.49272653,25.0,1087.0,0.23155929,0.0
5952,1.515771e+12,0.00021228,0.00021613,0.00020926,0.00021613,7860.0,1.5157713e+12,1.69055663,112.0,6563.0,1.41485612,0.0
5953,1.5157713e+12,0.00021613,0.00022557,0.00021613,0.00022557,30397.0,1.5157716e+12,6.71444737,288.0,25503.0,5.63051579,0.0
5954,1.5157716e+12,0.000225,0.000245,0.000225,0.00024358,37665.0,1.5157719e+12,9.01490935,358.0,26312.0,6.27252492,0.0
5955,1.5157719e+12,0.00024358,0.000245,0.00024023,0.00024443,38313.0,1.5157722e+12,9.30678936,363.0,11544.0,2.81046059,0.0
5956,1.5157722e+12,0.00024444,0.000255,0.00024059,0.00024596,66023.0,1.5157725e+12,16.34457268,419.0,35477.0,8.82114167,0.0
5957,1.5157725e+12,0.00024591,0.00024591,0.000225,0.000229,59426.0,1.5157728e+12,14.04225974,273.0,22979.0,5.45124054,0.0
5958,1.5157728e+12,0.000229,0.000229,0.00022247,0.000226,39777.0,1.5157731e+12,8.91918799,154.0,8319.0,1.88902028,0.0
5959,1.5157731e+12,0.000226,0.000228,0.00022454,0.00022795,4513.0,1.5157734e+12,1.02256101,81.0,3923.0,0.88883315,0.0
5960,1.5157734e+12,0.00022794,0.000228,0.000225,0.00022703,10590.0,1.5157737e+12,2.40622903,84.0,5650.0,1.28561181,0.0
5961,1.5157737e+12,0.000227,0.000227,0.00021901,0.0002201,15522.0,1.515774e+12,3.44406629,106.0,1928.0,0.4291478,0.0
5962,1.515774e+12,0.00022012,0.0002287,0.00021906,0.00022092,10450.0,1.5157743e+12,2.32133315,89.0,6104.0,1.36495599,0.0
5963,1.5157743e+12,0.00022095,0.00022498,0.00022064,0.00022378,10067.0,1.5157746e+12,2.23973065,67.0,4805.0,1.07350645,0.0
5964,1.5157746e+12,0.0002236,0.00022378,0.000223,0.0002233,3896.0,1.5157749e+12,0.87155099,38.0,2810.0,0.62870842,0.0
5965,1.5157749e+12,0.00022331,0.00022378,0.00022301,0.00022378,7338.0,1.5157752e+12,1.64158951,31.0,5936.0,1.32823716,0.0
5966,1.5157752e+12,0.00022378,0.0002287,0.00022377,0.00022856,6271.0,1.5157755e+12,1.42123487,52.0,4446.0,1.00719542,0.0
5967,1.5157755e+12,0.00022855,0.0002287,0.00022686,0.00022695,2977.0,1.5157758e+12,0.68018705,43.0,2366.0,0.54075872,0.0
5968,1.5157758e+12,0.00022851,0.0002287,0.00022751,0.0002286,3270.0,1.5157761e+12,0.74761813,27.0,3089.0,0.70635262,0.0
5969,1.5157761e+12,0.0002286,0.0002287,0.00022636,0.00022636,3569.0,1.5157764e+12,0.81473585,45.0,751.0,0.17168216,0.0
5970,1.5157764e+12,0.00022636,0.0002275,0.000226,0.000226,4149.0,1.5157767e+12,0.94041699,35.0,1432.0,0.32561387,0.0
5971,1.5157767e+12,0.000226,0.00022622,0.00022,0.00022291,7206.0,1.515777e+12,1.60418921,81.0,1548.0,0.34600983,0.0
5972,1.515777e+12,0.00022262,0.00022619,0.00022262,0.00022619,656.0,1.5157773e+12,0.14656238,17.0,581.0,0.12975879,0.0
5973,1.5157773e+12,0.00022528,0.00022613,0.00022285,0.00022511,2838.0,1.5157776e+12,0.63842538,52.0,1480.0,0.33348256,0.0
5974,1.5157776e+12,0.000223,0.00022589,0.00022299,0.00022511,1520.0,1.5157779e+12,0.34130271,30.0,799.0,0.18005635,0.0
5975,1.5157779e+12,0.00022509,0.00022515,0.0002209,0.0002209,2864.0,1.5157782e+12,0.64104236,38.0,1023.0,0.22954467,0.0
5976,1.5157782e+12,0.00022188,0.00022231,0.000217,0.00021966,9941.0,1.5157785e+12,2.18806085,64.0,1827.0,0.40413088,0.0
5977,1.5157785e+12,0.0002175,0.00021891,0.00021738,0.00021801,2983.0,1.5157788e+12,0.64936218,29.0,248.0,0.05424942,0.0
5978,1.5157788e+12,0.00021801,0.00022158,0.00021801,0.00021965,983.0,1.5157791e+12,0.21524627,22.0,809.0,0.17726668,0.0
5979,1.5157791e+12,0.00022092,0.00022157,0.00021979,0.00022,2207.0,1.5157794e+12,0.48663099,35.0,687.0,0.15204112,0.0
5980,1.5157794e+12,0.00022,0.000221,0.00022,0.00022076,1842.0,1.5157797e+12,0.40583252,29.0,671.0,0.14817809,0.0
5981,1.5157797e+12,0.00022001,0.00022074,0.00022001,0.00022063,1018.0,1.51578e+12,0.22408408,12.0,141.0,0.03110675,0.0
5982,1.51578e+12,0.00022063,0.00022063,0.00022004,0.0002206,461.0,1.5157803e+12,0.10163071,19.0,326.0,0.07192421,0.0
5983,1.5157803e+12,0.0002206,0.0002206,0.00022005,0.00022045,1556.0,1.5157806e+12,0.3426842,27.0,639.0,0.14089425,0.0
5984,1.5157806e+12,0.00022045,0.00022048,0.00022004,0.00022044,1456.0,1.5157809e+12,0.32056057,20.0,226.0,0.04982432,0.0
5985,1.5157809e+12,0.00022044,0.00022044,0.00022004,0.00022004,292.0,1.5157812e+12,0.06429219,4.0,1.0,0.00022043,0.0
5986,1.5157812e+12,0.00022004,0.00022004,0.000219,0.00021901,2033.0,1.5157815e+12,0.44703325,21.0,27.0,0.00593892,0.0
5987,1.5157815e+12,0.00021995,0.00022,0.0002191,0.00021911,2662.0,1.5157818e+12,0.58494762,26.0,2247.0,0.49387666,0.0
5988,1.5157818e+12,0.00022,0.00022,0.00021912,0.00022,311.0,1.5157821e+12,0.06837047,6.0,254.0,0.05587943,0.0
5989,1.5157821e+12,0.00022,0.00022043,0.00022,0.00022043,2717.0,1.5157824e+12,0.59784201,12.0,2456.0,0.5403672,0.0
5990,1.5157824e+12,0.00022049,0.00022075,0.00022048,0.00022075,470.0,1.5157827e+12,0.1036889,11.0,444.0,0.0979507,0.0
5991,1.5157827e+12,0.00022076,0.00022088,0.00022075,0.00022075,1297.0,1.515783e+12,0.28635359,12.0,502.0,0.11085734,0.0
5992,1.515783e+12,0.00022074,0.00022075,0.00022074,0.00022075,1542.0,1.5157833e+12,0.3403875,7.0,1150.0,0.2538535,0.0
5993,1.5157833e+12,0.00022076,0.00022088,0.00022076,0.00022088,976.0,1.5157836e+12,0.21556808,6.0,886.0,0.19569968,0.0
5994,1.5157836e+12,0.00022088,0.00022088,0.00022078,0.00022078,681.0,1.5157839e+12,0.15041828,7.0,671.0,0.14821048,0.0
5995,1.5157839e+12,0.0002208,0.00022088,0.00022079,0.00022088,1091.0,1.5157842e+12,0.24097634,6.0,1085.0,0.2396516,0.0
5996,1.5157842e+12,0.00022088,0.00022088,0.0002173,0.00021986,2885.0,1.5157845e+12,0.63552494,36.0,708.0,0.15632344,0.0
5997,1.5157845e+12,0.00021984,0.00022012,0.00021982,0.00022009,933.0,1.5157848e+12,0.20522212,10.0,204.0,0.0448542,0.0
5998,1.5157848e+12,0.00022075,0.00022499,0.00022075,0.00022499,2708.0,1.5157851e+12,0.60726903,31.0,1977.0,0.44383321,0.0
5999,1.5157851e+12,0.000225,0.00022621,0.00022499,0.000225,1350.0,1.5157854e+12,0.30456133,37.0,429.0,0.09679367,0.0
6000,1.5157854e+12,0.00022495,0.00022495,0.0002214,0.00022332,1816.0,1.5157857e+12,0.40718981,41.0,298.0,0.06664718,0.0
6001,1.5157857e+12,0.00022305,0.00022305,0.00022148,0.00022285,327.0,1.515786e+12,0.07278636,11.0,262.0,0.05838964,0.0
6002,1.515786e+12,0.00022283,0.00022799,0.00022283,0.00022358,2595.0,1.5157863e+12,0.58065029,30.0,2200.0,0.49196562,0.0
6003,1.5157863e+12,0.00022465,0.00022465,0.00021954,0.00022324,1115.0,1.5157866e+12,0.24686519,17.0,340.0,0.07631981,0.0
6004,1.5157866e+12,0.00022323,0.00022539,0.00022323,0.00022519,591.0,1.5157869e+12,0.13273667,15.0,83.0,0.01862806,0.0
6005,1.5157869e+12,0.00022515,0.00022844,0.00022394,0.00022406,5091.0,1.5157872e+12,1.1591136,34.0,3649.0,0.830813,0.0
6006,1.5157872e+12,0.00022517,0.00022843,0.00021961,0.00022743,2510.0,1.5157875e+12,0.56456788,36.0,560.0,0.12729661,0.0
6007,1.5157875e+12,0.00022743,0.00022844,0.00022666,0.00022844,3287.0,1.5157878e+12,0.74910834,35.0,2332.0,0.53249686,0.0
6008,1.5157878e+12,0.00022844,0.00022844,0.00022843,0.00022843,1943.0,1.5157881e+12,0.44385383,16.0,1518.0,0.34677108,0.0
6009,1.5157881e+12,0.00022844,0.00022844,0.00022843,0.00022843,3202.0,1.5157884e+12,0.7314606,9.0,2339.0,0.53432116,0.0
6010,1.5157884e+12,0.00022843,0.00022868,0.00022012,0.00022556,1545.0,1.5157887e+12,0.3481627,26.0,142.0,0.03191288,0.0
6011,1.5157887e+12,0.00022559,0.00022739,0.00022557,0.00022557,500.0,1.515789e+12,0.11280228,4.0,1.0,0.00022739,0.0
6012,1.515789e+12,0.00022661,0.00022661,0.00021952,0.00022176,3358.0,1.5157893e+12,0.74238142,26.0,1432.0,0.31800374,0.0
6013,1.5157893e+12,0.00022003,0.00022532,0.00022003,0.00022136,2475.0,1.5157896e+12,0.54995258,53.0,985.0,0.21914771,0.0
6014,1.5157896e+12,0.00022135,0.00022135,0.00022051,0.00022051,472.0,1.5157899e+12,0.10435638,15.0,320.0,0.07077826,0.0
6015,1.5157899e+12,0.00022123,0.00022532,0.00022048,0.000225,3715.0,1.5157902e+12,0.8310964,27.0,1462.0,0.32611264,0.0
6016,1.5157902e+12,0.00022408,0.00022532,0.00022134,0.00022435,1147.0,1.5157905e+12,0.25700538,24.0,629.0,0.14147904,0.0
6017,1.5157905e+12,0.00022435,0.000225,0.00022435,0.00022436,1588.0,1.5157908e+12,0.35633282,12.0,147.0,0.03300815,0.0
6018,1.5157908e+12,0.00022436,0.00022436,0.00022436,0.00022436,147.0,1.5157911e+12,0.03298092,2.0,0.0,0.0,0.0
6019,1.5157911e+12,0.00022436,0.00022437,0.00022436,0.00022437,208.0,1.5157914e+12,0.04666757,3.0,69.0,0.01548153,0.0
6020,1.5157914e+12,0.00022532,0.00022669,0.00022453,0.00022668,481.0,1.5157917e+12,0.10887748,13.0,65.0,0.01468825,0.0
6021,1.5157917e+12,0.00022668,0.00022668,0.00022668,0.00022668,34.0,1.515792e+12,0.00770712,2.0,0.0,0.0,0.0
6022,1.515792e+12,0.00022668,0.00022668,0.00022508,0.00022511,614.0,1.5157923e+12,0.13837135,12.0,224.0,0.05042464,0.0
6023,1.5157923e+12,0.00022668,0.00022669,0.00022668,0.00022669,48.0,1.5157926e+12,0.01088081,2.0,48.0,0.01088081,0.0
6024,1.5157926e+12,0.00022671,0.00022671,0.00022435,0.00022436,2338.0,1.5157929e+12,0.52674866,23.0,42.0,0.00950494,0.0
6025,1.5157929e+12,0.00022503,0.00022503,0.00022435,0.00022445,358.0,1.5157932e+12,0.0803696,7.0,127.0,0.02852942,0.0
6026,1.5157932e+12,0.00022582,0.00022599,0.000225,0.00022599,1414.0,1.5157935e+12,0.31837837,11.0,875.0,0.19692281,0.0
6027,1.5157935e+12,0.00022545,0.00022769,0.00022501,0.00022517,1602.0,1.5157938e+12,0.3618227,17.0,1161.0,0.26240718,0.0
6028,1.5157938e+12,0.00022558,0.00022683,0.00022529,0.00022529,1329.0,1.5157941e+12,0.29976288,17.0,200.0,0.04530564,0.0
6029,1.5157941e+12,0.0002253,0.000226,0.00022529,0.00022531,647.0,1.5157944e+12,0.14611356,8.0,492.0,0.111192,0.0
6030,1.5157944e+12,0.00022596,0.00022596,0.00022592,0.00022592,273.0,1.5157947e+12,0.06168162,5.0,204.0,0.04609314,0.0
6031,1.5157947e+12,0.00022535,0.00022587,0.00022534,0.00022534,504.0,1.515795e+12,0.11369416,8.0,231.0,0.05217597,0.0
6032,1.515795e+12,0.00022533,0.00022534,0.00022533,0.00022534,215.0,1.5157953e+12,0.04844613,6.0,199.0,0.04484069,0.0
6033,1.5157953e+12,0.00022534,0.00022737,0.00022533,0.00022534,626.0,1.5157956e+12,0.14127188,17.0,117.0,0.02650919,0.0
6034,1.5157956e+12,0.00022536,0.00022714,0.00022536,0.00022714,26.0,1.5157959e+12,0.00587832,3.0,16.0,0.00362472,0.0
6035,1.5157959e+12,0.00022687,0.00022687,0.00022537,0.00022537,905.0,1.5157962e+12,0.2042568,16.0,553.0,0.12483486,0.0
6036,1.5157962e+12,0.00022547,0.00022737,0.00022537,0.00022737,782.0,1.5157965e+12,0.17741034,7.0,70.0,0.0159159,0.0
6037,1.5157965e+12,0.00022737,0.00022869,0.00022737,0.00022851,1375.0,1.5157968e+12,0.31397414,19.0,1351.0,0.3084899,0.0
6038,1.5157968e+12,0.00022859,0.00022872,0.00022562,0.00022643,1001.0,1.5157971e+12,0.22872564,17.0,920.0,0.21032028,0.0
6039,1.5157971e+12,0.00022666,0.00022668,0.00022666,0.00022668,111.0,1.5157974e+12,0.02516146,2.0,0.0,0.0,0.0
6040,1.5157974e+12,0.0002275,0.00022779,0.0002275,0.00022779,196.0,1.5157977e+12,0.04461118,6.0,196.0,0.04461118,0.0
6041,1.5157977e+12,0.0002277,0.00022779,0.0002277,0.00022779,451.0,1.515798e+12,0.10272168,3.0,451.0,0.10272168,0.0
6042,1.515798e+12,0.00022779,0.00022849,0.00022737,0.00022737,809.0,1.5157983e+12,0.18418215,10.0,33.0,0.00754017,0.0
6043,1.5157983e+12,0.00022848,0.00022849,0.00022848,0.00022849,103.0,1.5157986e+12,0.02353375,3.0,103.0,0.02353375,0.0
6044,1.5157986e+12,0.00022848,0.00022848,0.00022537,0.00022537,792.0,1.5157989e+12,0.17966749,11.0,53.0,0.01210944,0.0
6045,1.5157989e+12,0.00022549,0.0002262,0.00022547,0.00022565,190.0,1.5157992e+12,0.04285491,6.0,0.0,0.0,0.0
6046,1.5157992e+12,0.00022653,0.00022653,0.00022651,0.00022652,220.0,1.5157995e+12,0.04983373,3.0,220.0,0.04983373,0.0
6047,1.5157995e+12,0.00022649,0.00022734,0.00022649,0.00022734,310.0,1.5157998e+12,0.07026188,5.0,263.0,0.0595769,0.0
6048,1.5157998e+12,0.00022738,0.00022738,0.00022738,0.00022738,14.0,1.5158001e+12,0.00318332,1.0,14.0,0.00318332,0.0
6049,1.5158001e+12,0.00022738,0.00022738,0.00022738,0.00022738,0.0,1.5158004e+12,0.0,0.0,0.0,0.0,0.0
6050,1.5158004e+12,0.00022738,0.00022738,0.00022738,0.00022738,90.0,1.5158007e+12,0.0204642,5.0,90.0,0.0204642,0.0
6051,1.5158007e+12,0.0002273,0.0002273,0.00022666,0.0002273,104.0,1.515801e+12,0.02360304,4.0,64.0,0.01453664,0.0
6052,1.515801e+12,0.0002273,0.00022833,0.00022535,0.00022833,1035.0,1.5158013e+12,0.23451541,20.0,261.0,0.05918915,0.0
6053,1.5158013e+12,0.0002275,0.00022762,0.0002263,0.0002263,269.0,1.5158016e+12,0.0610494,13.0,140.0,0.03185207,0.0
6054,1.5158016e+12,0.00022554,0.00022727,0.00022554,0.000226,182.0,1.5158019e+12,0.04120042,5.0,25.0,0.00568175,0.0
6055,1.5158019e+12,0.00022605,0.00022605,0.00022601,0.00022601,554.0,1.5158022e+12,0.12522298,4.0,0.0,0.0,0.0
6056,1.5158022e+12,0.00022606,0.0002265,0.00022435,0.0002265,3178.0,1.5158025e+12,0.71611968,21.0,205.0,0.04635925,0.0
6057,1.5158025e+12,0.00022525,0.00022527,0.00022436,0.00022436,396.0,1.5158028e+12,0.08905324,7.0,9.0,0.00202734,0.0
6058,1.5158028e+12,0.00022633,0.00022749,0.00022435,0.00022749,1559.0,1.5158031e+12,0.35063063,16.0,478.0,0.10804711,0.0
6059,1.5158031e+12,0.00022543,0.00022543,0.00022543,0.00022543,110.0,1.5158034e+12,0.0247973,1.0,0.0,0.0,0.0
6060,1.5158034e+12,0.00022665,0.00022665,0.0002254,0.0002254,73.0,1.5158037e+12,0.01649964,5.0,40.0,0.00905874,0.0
6061,1.5158037e+12,0.00022625,0.00022625,0.00022625,0.00022625,21.0,1.515804e+12,0.00475125,1.0,21.0,0.00475125,0.0
6062,1.515804e+12,0.00022591,0.00022591,0.00022515,0.00022515,28.0,1.5158043e+12,0.0063166,3.0,15.0,0.00338865,0.0
6063,1.5158043e+12,0.00022579,0.00022591,0.00022516,0.0002252,697.0,1.5158046e+12,0.1570295,14.0,140.0,0.03160712,0.0
6064,1.5158046e+12,0.0002252,0.00022669,0.00022516,0.00022669,1926.0,1.5158049e+12,0.43383123,16.0,1186.0,0.26718139,0.0
6065,1.5158049e+12,0.00022667,0.00022667,0.00022599,0.00022599,225.0,1.5158052e+12,0.05088962,8.0,225.0,0.05088962,0.0
6066,1.5158052e+12,0.00022599,0.00022599,0.00022435,0.00022436,1605.0,1.5158055e+12,0.36074236,17.0,75.0,0.01694925,0.0
6067,1.5158055e+12,0.00022436,0.00022591,0.00022379,0.000224,638.0,1.5158058e+12,0.14318354,16.0,101.0,0.0227191,0.0
6068,1.5158058e+12,0.000224,0.000224,0.000223,0.000224,1988.0,1.5158061e+12,0.44432479,17.0,378.0,0.08466922,0.0
6069,1.5158061e+12,0.00022395,0.00022395,0.000218,0.0002209,5681.0,1.5158064e+12,1.25449997,73.0,1485.0,0.32817645,0.0
6070,1.5158064e+12,0.00022086,0.00022086,0.000216,0.000216,1301.0,1.5158067e+12,0.28524956,24.0,726.0,0.15995077,0.0
6071,1.5158067e+12,0.000216,0.000216,0.00021501,0.00021502,2039.0,1.515807e+12,0.43925059,27.0,806.0,0.17409346,0.0
6072,1.515807e+12,0.00021502,0.00022428,0.00021502,0.000222,7355.0,1.5158073e+12,1.61755718,55.0,4706.0,1.03437353,0.0
6073,1.5158073e+12,0.00022198,0.00022198,0.00021972,0.00021993,1053.0,1.5158076e+12,0.23183874,17.0,456.0,0.1005775,0.0
6074,1.5158076e+12,0.00022011,0.00022196,0.0002201,0.00022196,1560.0,1.5158079e+12,0.34557177,13.0,297.0,0.0658285,0.0
6075,1.5158079e+12,0.00022015,0.000221,0.00022015,0.000221,305.0,1.5158082e+12,0.06739436,6.0,265.0,0.05856371,0.0
6076,1.5158082e+12,0.00022017,0.00022017,0.00021526,0.00021666,3568.0,1.5158085e+12,0.77390457,58.0,1416.0,0.30689019,0.0
6077,1.5158085e+12,0.00021669,0.00021669,0.00021528,0.00021668,478.0,1.5158088e+12,0.10330163,10.0,282.0,0.06110525,0.0
6078,1.5158088e+12,0.00021536,0.00021663,0.00021536,0.0002165,219.0,1.5158091e+12,0.04727153,6.0,89.0,0.01927473,0.0
6079,1.5158091e+12,0.00021647,0.00021647,0.00020743,0.00021331,5992.0,1.5158094e+12,1.27244352,48.0,881.0,0.18641522,0.0
6080,1.5158094e+12,0.0002132,0.00021466,0.00021298,0.00021384,523.0,1.5158097e+12,0.11176916,19.0,439.0,0.09383012,0.0
6081,1.5158097e+12,0.000214,0.00021644,0.00021382,0.00021598,2564.0,1.51581e+12,0.55161169,36.0,1251.0,0.26904756,0.0
6082,1.51581e+12,0.00021597,0.00021619,0.00021446,0.0002161,1080.0,1.5158103e+12,0.23289476,22.0,517.0,0.11169682,0.0
6083,1.5158103e+12,0.00021472,0.0002238,0.0002122,0.0002238,7013.0,1.5158106e+12,1.5154961,61.0,4077.0,0.88152979,0.0
6084,1.5158106e+12,0.00022436,0.00022649,0.00021802,0.000225,10362.0,1.5158109e+12,2.31374665,101.0,5493.0,1.22915985,0.0
6085,1.5158109e+12,0.00022501,0.00023119,0.00022501,0.00023119,7756.0,1.5158112e+12,1.76676864,77.0,3498.0,0.80181249,0.0
6086,1.5158112e+12,0.00023121,0.000245,0.00022618,0.00024,24056.0,1.5158115e+12,5.7633392,259.0,11655.0,2.79253548,0.0
6087,1.5158115e+12,0.00023302,0.000245,0.000225,0.00024499,9487.0,1.5158118e+12,2.22386477,115.0,4803.0,1.13964407,0.0
6088,1.5158118e+12,0.00023005,0.00024498,0.00022835,0.00023972,15465.0,1.5158121e+12,3.64238312,113.0,7107.0,1.68010677,0.0
6089,1.5158121e+12,0.00023547,0.00023999,0.00023547,0.00023813,4347.0,1.5158124e+12,1.03918768,32.0,3089.0,0.74084803,0.0
6090,1.5158124e+12,0.00023813,0.00024585,0.00023758,0.00023945,7779.0,1.5158127e+12,1.87033787,96.0,5081.0,1.22829875,0.0
6091,1.5158127e+12,0.00023801,0.00024308,0.00023801,0.00024303,6390.0,1.515813e+12,1.53020086,47.0,1429.0,0.34625975,0.0
6092,1.515813e+12,0.00024062,0.00024152,0.00022987,0.000235,11624.0,1.5158133e+12,2.76176256,60.0,1312.0,0.31408357,0.0
6093,1.5158133e+12,0.00023467,0.00023564,0.00023062,0.00023379,3317.0,1.5158136e+12,0.77453344,35.0,2392.0,0.55908094,0.0
6094,1.5158136e+12,0.000233,0.000233,0.00023022,0.00023053,1831.0,1.5158139e+12,0.42291584,23.0,392.0,0.09125137,0.0
6095,1.5158139e+12,0.00023022,0.00023299,0.00023022,0.00023299,6367.0,1.5158142e+12,1.47233442,35.0,3493.0,0.80851212,0.0
6096,1.5158142e+12,0.000233,0.00023397,0.000229,0.000229,6595.0,1.5158145e+12,1.52395005,33.0,2060.0,0.47766738,0.0
6097,1.5158145e+12,0.000228,0.00023313,0.00022001,0.00023021,6955.0,1.5158148e+12,1.56616875,58.0,1601.0,0.36475756,0.0
6098,1.5158148e+12,0.00022916,0.00023026,0.00022916,0.00022916,2749.0,1.5158151e+12,0.63001677,9.0,44.0,0.01013144,0.0
6099,1.5158151e+12,0.00022916,0.00022973,0.00022727,0.00022727,1712.0,1.5158154e+12,0.39154629,33.0,840.0,0.19226195,0.0
6100,1.5158154e+12,0.00022727,0.00023249,0.00022727,0.00022732,3516.0,1.5158157e+12,0.80293223,43.0,1228.0,0.28169593,0.0
6101,1.5158157e+12,0.00022732,0.00022912,0.00022732,0.00022738,591.0,1.515816e+12,0.13477338,8.0,116.0,0.02646698,0.0
6102,1.515816e+12,0.00022919,0.00023283,0.00022833,0.00023277,5967.0,1.5158163e+12,1.3710238,45.0,1862.0,0.43116509,0.0
6103,1.5158163e+12,0.00023274,0.00023689,0.00022999,0.00023012,16442.0,1.5158166e+12,3.80571361,83.0,3764.0,0.87701276,0.0
6104,1.5158166e+12,0.00023017,0.00023017,0.0002273,0.0002298,3412.0,1.5158169e+12,0.78304913,27.0,801.0,0.18408665,0.0
6105,1.5158169e+12,0.00022979,0.00023197,0.00022979,0.00023197,1780.0,1.5158172e+12,0.41148643,9.0,1554.0,0.35910092,0.0
6106,1.5158172e+12,0.00023196,0.00023689,0.00023196,0.00023688,6027.0,1.5158175e+12,1.40131932,23.0,5791.0,1.34553454,0.0
6107,1.5158175e+12,0.00023689,0.00023786,0.00023207,0.00023236,13517.0,1.5158178e+12,3.20350789,57.0,6472.0,1.53737394,0.0
6108,1.5158178e+12,0.00023443,0.00023897,0.00023443,0.00023642,1504.0,1.5158181e+12,0.35538143,24.0,322.0,0.07606922,0.0
6109,1.5158181e+12,0.00023802,0.00024151,0.00023747,0.00023763,7289.0,1.5158184e+12,1.74919684,60.0,4446.0,1.06909856,0.0
6110,1.5158184e+12,0.00024042,0.00024151,0.00023813,0.00024149,3378.0,1.5158187e+12,0.81236306,29.0,975.0,0.23518601,0.0
6111,1.5158187e+12,0.00024044,0.00024136,0.00023632,0.00024131,3992.0,1.515819e+12,0.95634952,26.0,1666.0,0.40179527,0.0
6112,1.515819e+12,0.00024045,0.00024151,0.00023898,0.00024151,6208.0,1.5158193e+12,1.4955084,30.0,5435.0,1.31034512,0.0
6113,1.5158193e+12,0.00024151,0.00024151,0.00023952,0.00024003,846.0,1.5158196e+12,0.20387069,15.0,387.0,0.09336856,0.0
6114,1.5158196e+12,0.00024098,0.000242,0.00024014,0.000241,4917.0,1.5158199e+12,1.18618876,45.0,3492.0,0.84327987,0.0
6115,1.5158199e+12,0.000241,0.00024588,0.0002405,0.00024588,18550.0,1.5158202e+12,4.52134043,76.0,15562.0,3.79620789,0.0
6116,1.5158202e+12,0.00024588,0.000249,0.00024585,0.000249,8744.0,1.5158205e+12,2.16474088,69.0,6009.0,1.48978101,0.0
6117,1.5158205e+12,0.00024898,0.000249,0.000246,0.00024699,5264.0,1.5158208e+12,1.30329626,59.0,2751.0,0.68366498,0.0
6118,1.5158208e+12,0.00024581,0.000247,0.00024,0.00024024,8956.0,1.5158211e+12,2.17971728,60.0,1993.0,0.48833054,0.0
6119,1.5158211e+12,0.00024024,0.000242,0.00024015,0.000242,3924.0,1.5158214e+12,0.94755027,39.0,2950.0,0.71358805,0.0
6120,1.5158214e+12,0.00024108,0.00024899,0.00024108,0.00024899,10735.0,1.5158217e+12,2.63961748,55.0,7290.0,1.79230426,0.0
6121,1.5158217e+12,0.00024899,0.00025,0.00024596,0.00025,12246.0,1.515822e+12,3.04972578,60.0,11047.0,2.75173347,0.0
6122,1.515822e+12,0.00025,0.0002545,0.00024898,0.00025431,26473.0,1.5158223e+12,6.66532888,174.0,17862.0,4.49746188,0.0
6123,1.5158223e+12,0.00025431,0.00025431,0.00025209,0.0002537,12208.0,1.5158226e+12,3.08671568,72.0,5243.0,1.32770937,0.0
6124,1.5158226e+12,0.00025366,0.00025427,0.00024011,0.00025219,15596.0,1.5158229e+12,3.92897976,90.0,6522.0,1.64868025,0.0
6125,1.5158229e+12,0.00024458,0.00024983,0.00023632,0.00024491,14208.0,1.5158232e+12,3.43315946,107.0,3951.0,0.96402389,0.0
6126,1.5158232e+12,0.00024296,0.00024966,0.00024296,0.00024447,7009.0,1.5158235e+12,1.71972518,51.0,4439.0,1.09111555,0.0
6127,1.5158235e+12,0.00024452,0.00024851,0.00024448,0.00024851,4267.0,1.5158238e+12,1.04862506,43.0,2489.0,0.61315796,0.0
6128,1.5158238e+12,0.00024859,0.00025432,0.0002462,0.0002462,6803.0,1.5158241e+12,1.69986964,71.0,2528.0,0.63673513,0.0
6129,1.5158241e+12,0.00024631,0.00025232,0.00024628,0.00024848,8984.0,1.5158244e+12,2.24429116,70.0,3125.0,0.78156528,0.0
6130,1.5158244e+12,0.00024849,0.0002523,0.00024626,0.00024626,6798.0,1.5158247e+12,1.69256352,50.0,2201.0,0.55024052,0.0
6131,1.5158247e+12,0.00024625,0.00024625,0.00023699,0.00024057,7271.0,1.515825e+12,1.75540928,58.0,1338.0,0.32679574,0.0
6132,1.515825e+12,0.00023753,0.00024063,0.00023139,0.00024062,4069.0,1.5158253e+12,0.96594237,49.0,1949.0,0.46605202,0.0
6133,1.5158253e+12,0.00024062,0.00024065,0.00023687,0.00023687,6106.0,1.5158256e+12,1.45386293,53.0,860.0,0.20672039,0.0
6134,1.5158256e+12,0.00023673,0.00024,0.00023603,0.00024,4828.0,1.5158259e+12,1.14973499,43.0,2164.0,0.51795848,0.0
6135,1.5158259e+12,0.00024055,0.0002418,0.000238,0.000241,2372.0,1.5158262e+12,0.5692056,48.0,1332.0,0.32020901,0.0
6136,1.5158262e+12,0.00023883,0.00023982,0.000238,0.00023899,5597.0,1.5158265e+12,1.33246215,26.0,78.0,0.01866871,0.0
6137,1.5158265e+12,0.00023899,0.00024,0.000238,0.00024,5664.0,1.5158268e+12,1.35458671,18.0,4663.0,1.11581733,0.0
6138,1.5158268e+12,0.00024,0.00024,0.00023197,0.00023587,8415.0,1.5158271e+12,2.00008092,41.0,2637.0,0.62717915,0.0
6139,1.5158271e+12,0.00023587,0.000237,0.00023342,0.00023344,9868.0,1.5158274e+12,2.31904453,38.0,4348.0,1.0225227,0.0
6140,1.5158274e+12,0.00023493,0.00023493,0.00023,0.00023208,4663.0,1.5158277e+12,1.07972956,47.0,263.0,0.06107372,0.0
6141,1.5158277e+12,0.00023187,0.00024495,0.0002318,0.00023617,9762.0,1.515828e+12,2.30790314,68.0,6865.0,1.62389802,0.0
6142,1.515828e+12,0.00023744,0.000245,0.00023705,0.000245,3703.0,1.5158283e+12,0.89451209,42.0,2223.0,0.54139447,0.0
6143,1.5158283e+12,0.00024101,0.00024497,0.00024101,0.00024318,4851.0,1.5158286e+12,1.18243668,66.0,2891.0,0.70608848,0.0
6144,1.5158286e+12,0.000244,0.00024999,0.00024317,0.00024574,3790.0,1.5158289e+12,0.93038048,64.0,1725.0,0.42723804,0.0
6145,1.5158289e+12,0.000248,0.00024982,0.000248,0.00024982,11984.0,1.5158292e+12,2.98980756,47.0,3819.0,0.95339409,0.0
6146,1.5158292e+12,0.00024982,0.000252,0.00023765,0.00024504,16815.0,1.5158295e+12,4.17177064,117.0,4034.0,1.00985662,0.0
6147,1.5158295e+12,0.00025006,0.00025007,0.00023512,0.00024277,3561.0,1.5158298e+12,0.87119942,52.0,1122.0,0.27483747,0.0
6148,1.5158298e+12,0.00024205,0.0002421,0.00023553,0.00023613,3902.0,1.5158301e+12,0.9311103,44.0,432.0,0.10296891,0.0
6149,1.5158301e+12,0.00023614,0.00023781,0.00023001,0.00023001,11234.0,1.5158304e+12,2.64710646,59.0,3056.0,0.71945194,0.0
6150,1.5158304e+12,0.00023129,0.00023789,0.00023128,0.00023553,5931.0,1.5158307e+12,1.39316101,77.0,3837.0,0.90544605,0.0
6151,1.5158307e+12,0.00023553,0.00023688,0.00023457,0.00023458,4610.0,1.515831e+12,1.08199153,33.0,2367.0,0.55557296,0.0
6152,1.515831e+12,0.00023458,0.00023459,0.0002314,0.00023239,5944.0,1.5158313e+12,1.38136395,33.0,554.0,0.12967283,0.0
6153,1.5158313e+12,0.00023237,0.00023756,0.00023147,0.00023457,4701.0,1.5158316e+12,1.0973094,33.0,4086.0,0.95475222,0.0
6154,1.5158316e+12,0.0002338,0.000258,0.00023235,0.00024814,57553.0,1.5158319e+12,14.39450458,351.0,38382.0,9.64841071,0.0
6155,1.5158319e+12,0.00024814,0.000251,0.00024519,0.00024896,8071.0,1.5158322e+12,2.00516643,59.0,4309.0,1.07530424,0.0
6156,1.5158322e+12,0.00024896,0.00025991,0.00024813,0.00025714,26137.0,1.5158325e+12,6.64404377,168.0,9871.0,2.52029973,0.0
6157,1.5158325e+12,0.00025489,0.00025988,0.000254,0.00025986,11127.0,1.5158328e+12,2.85185795,95.0,6110.0,1.57258344,0.0
6158,1.5158328e+12,0.00025986,0.0002656,0.00025714,0.00026478,39821.0,1.5158331e+12,10.39361167,204.0,20456.0,5.34655606,0.0
6159,1.5158331e+12,0.00026181,0.00027,0.0002616,0.00026994,59474.0,1.5158334e+12,15.90717532,251.0,31396.0,8.4250368,0.0
6160,1.5158334e+12,0.00026994,0.00027449,0.000265,0.00027449,32555.0,1.5158337e+12,8.76715237,205.0,20239.0,5.4694336,0.0
6161,1.5158337e+12,0.00027449,0.000286,0.00027449,0.00028345,102596.0,1.515834e+12,28.88359557,568.0,78806.0,22.17700544,0.0
6162,1.515834e+12,0.00028345,0.000286,0.0002717,0.00027201,56573.0,1.5158343e+12,15.88658325,305.0,27283.0,7.69152724,0.0
6163,1.5158343e+12,0.000272,0.000275,0.000261,0.00026739,49771.0,1.5158346e+12,13.28080967,258.0,15287.0,4.09332733,0.0
6164,1.5158346e+12,0.00026654,0.000275,0.00026654,0.0002679,22379.0,1.5158349e+12,6.04560462,135.0,17168.0,4.64164943,0.0
6165,1.5158349e+12,0.00026795,0.000285,0.00026795,0.00028499,29227.0,1.5158352e+12,8.11106938,175.0,16794.0,4.69067695,0.0
6166,1.5158352e+12,0.00028499,0.00028966,0.00026813,0.00028033,49932.0,1.5158355e+12,14.28589603,350.0,30568.0,8.79519915,0.0
6167,1.5158355e+12,0.00027121,0.00027998,0.00026666,0.00026813,19713.0,1.5158358e+12,5.35162563,166.0,6432.0,1.74942348,0.0
6168,1.5158358e+12,0.00026813,0.00027999,0.00026811,0.00027542,22057.0,1.5158361e+12,6.02864698,175.0,11929.0,3.25652692,0.0
6169,1.5158361e+12,0.00027541,0.00027541,0.00026501,0.00026586,13811.0,1.5158364e+12,3.72882128,112.0,3494.0,0.95136642,0.0
6170,1.5158364e+12,0.00026586,0.00027298,0.00026586,0.00027298,7211.0,1.5158367e+12,1.94290787,70.0,4258.0,1.14859988,0.0
6171,1.5158367e+12,0.00026982,0.00027199,0.000263,0.00026332,8977.0,1.515837e+12,2.41225691,85.0,2527.0,0.68238032,0.0
6172,1.515837e+12,0.00026385,0.00026886,0.00026,0.000261,22294.0,1.5158373e+12,5.88713465,149.0,5976.0,1.59347833,0.0
6173,1.5158373e+12,0.00026101,0.00026399,0.00026008,0.00026098,12066.0,1.5158376e+12,3.14864279,106.0,3773.0,0.98653476,0.0
6174,1.5158376e+12,0.00026355,0.00026356,0.00026011,0.00026263,9621.0,1.5158379e+12,2.53194708,76.0,7560.0,1.99130163,0.0
6175,1.5158379e+12,0.0002634,0.00026345,0.00026115,0.00026298,4180.0,1.5158382e+12,1.09461553,51.0,1606.0,0.42135294,0.0
6176,1.5158382e+12,0.00026297,0.00027272,0.00026297,0.00026802,9591.0,1.5158385e+12,2.55632766,108.0,7332.0,1.95642046,0.0
6177,1.5158385e+12,0.000268,0.00026894,0.00026399,0.00026699,16444.0,1.5158388e+12,4.3889604,97.0,3343.0,0.89313415,0.0
6178,1.5158388e+12,0.00026699,0.000267,0.00025631,0.00025893,29081.0,1.5158391e+12,7.55385937,134.0,17108.0,4.44499192,0.0
6179,1.5158391e+12,0.00025893,0.00026299,0.00025661,0.00026205,10771.0,1.5158394e+12,2.80512865,105.0,4995.0,1.30562741,0.0
6180,1.5158394e+12,0.000262,0.000262,0.00025581,0.00025999,13081.0,1.5158397e+12,3.40928576,96.0,1113.0,0.29029291,0.0
6181,1.5158397e+12,0.00025998,0.00025998,0.00024833,0.00024901,29342.0,1.51584e+12,7.44108716,173.0,13953.0,3.54275483,0.0
6182,1.51584e+12,0.00024901,0.00025999,0.00024846,0.00025995,15006.0,1.5158403e+12,3.83633119,87.0,12213.0,3.12717461,0.0
6183,1.5158403e+12,0.00025928,0.00025995,0.00025555,0.00025719,20639.0,1.5158406e+12,5.3056729,117.0,3939.0,1.0147184,0.0
6184,1.5158406e+12,0.00025555,0.00025729,0.00025555,0.00025555,6262.0,1.5158409e+12,1.60614888,49.0,2089.0,0.5370713,0.0
6185,1.5158409e+12,0.00025726,0.00025726,0.0002515,0.00025401,4037.0,1.5158412e+12,1.02336751,51.0,1097.0,0.2795834,0.0
6186,1.5158412e+12,0.00025394,0.00025409,0.0002484,0.00024843,14774.0,1.5158415e+12,3.70498758,83.0,996.0,0.25271341,0.0
6187,1.5158415e+12,0.00025369,0.0002538,0.00025299,0.0002538,3379.0,1.5158418e+12,0.85696646,38.0,1685.0,0.42742877,0.0
6188,1.5158418e+12,0.0002538,0.00026189,0.00025376,0.00026189,14468.0,1.5158421e+12,3.72534628,68.0,12255.0,3.15295372,0.0
6189,1.5158421e+12,0.00026,0.00027999,0.00025314,0.00026931,56670.0,1.5158424e+12,15.3974531,345.0,24575.0,6.69998962,0.0
6190,1.5158424e+12,0.00026931,0.000275,0.00026307,0.00026695,21698.0,1.5158427e+12,5.79366871,184.0,6802.0,1.83187327,0.0
6191,1.5158427e+12,0.00026692,0.00028,0.000264,0.00027986,23719.0,1.515843e+12,6.52688734,152.0,18079.0,4.97864198,0.0
6192,1.515843e+12,0.00027986,0.0002895,0.00027898,0.0002895,48857.0,1.5158433e+12,13.89323332,328.0,35962.0,10.24062246,0.0
6193,1.5158433e+12,0.0002895,0.0002943,0.00028102,0.00028499,109179.0,1.5158436e+12,31.64857366,620.0,60001.0,17.44555961,0.0
6194,1.5158436e+12,0.00028401,0.00029135,0.000284,0.00028829,41716.0,1.5158439e+12,12.0322018,266.0,19769.0,5.71446178,0.0
6195,1.5158439e+12,0.00028998,0.00028999,0.0002755,0.00027617,43385.0,1.5158442e+12,12.41659654,179.0,14320.0,4.12278611,0.0
6196,1.5158442e+12,0.00027618,0.000284,0.000275,0.0002834,26468.0,1.5158445e+12,7.41026015,189.0,9697.0,2.7261273,0.0
6197,1.5158445e+12,0.0002825,0.0002825,0.00027,0.0002719,25491.0,1.5158448e+12,6.95769764,177.0,7397.0,2.01726559,0.0
6198,1.5158448e+12,0.00027438,0.000276,0.00027191,0.00027212,18883.0,1.5158451e+12,5.1549183,94.0,2784.0,0.76418902,0.0
6199,1.5158451e+12,0.00027212,0.00027399,0.00026181,0.000266,14497.0,1.5158454e+12,3.85427306,134.0,3021.0,0.80743268,0.0
6200,1.5158454e+12,0.0002665,0.00028,0.00026588,0.00027731,24912.0,1.5158457e+12,6.87409198,191.0,14065.0,3.89241067,0.0
6201,1.5158457e+12,0.000278,0.00028099,0.00027008,0.0002739,15680.0,1.515846e+12,4.37573569,134.0,11869.0,3.3144481,0.0
6202,1.515846e+12,0.00027388,0.00027389,0.0002675,0.00026958,16641.0,1.5158463e+12,4.49442814,109.0,3884.0,1.04803797,0.0
6203,1.5158463e+12,0.00026948,0.00026958,0.00026613,0.00026801,5539.0,1.5158466e+12,1.48540984,70.0,3149.0,0.84533147,0.0
6204,1.5158466e+12,0.00026982,0.00027099,0.00026798,0.00026798,9744.0,1.5158469e+12,2.61906768,72.0,2346.0,0.63304438,0.0
6205,1.5158469e+12,0.00026791,0.00026792,0.000266,0.000266,4586.0,1.5158472e+12,1.22341714,69.0,2069.0,0.55365045,0.0
6206,1.5158472e+12,0.00026609,0.000268,0.000266,0.00026799,8489.0,1.5158475e+12,2.26302452,63.0,3405.0,0.90903942,0.0
6207,1.5158475e+12,0.00026799,0.00028672,0.00026637,0.00028302,23918.0,1.5158478e+12,6.66474223,165.0,13976.0,3.87109652,0.0
6208,1.5158478e+12,0.00028672,0.00031049,0.00027813,0.00031049,92418.0,1.5158481e+12,27.55499234,638.0,67044.0,20.08896632,0.0
6209,1.5158481e+12,0.0003105,0.000311,0.00028652,0.00029584,80224.0,1.5158484e+12,24.57269304,398.0,30949.0,9.46635455,0.0
6210,1.5158484e+12,0.00029584,0.00029899,0.00028353,0.00029555,40002.0,1.5158487e+12,11.61421856,246.0,17419.0,5.08434734,0.0
6211,1.5158487e+12,0.00029553,0.00029805,0.00028501,0.00028518,15443.0,1.515849e+12,4.49393215,131.0,4671.0,1.36466626,0.0
6212,1.515849e+12,0.00028522,0.00028997,0.000281,0.0002825,9921.0,1.5158493e+12,2.81162404,105.0,4382.0,1.2369796,0.0
6213,1.5158493e+12,0.00028258,0.00029199,0.00028226,0.00028871,22665.0,1.5158496e+12,6.52791359,144.0,13352.0,3.8624376,0.0
6214,1.5158496e+12,0.00028872,0.00029199,0.00028872,0.00029172,14639.0,1.5158499e+12,4.26059946,79.0,8829.0,2.57217795,0.0
6215,1.5158499e+12,0.00029168,0.00029174,0.00028226,0.000285,7964.0,1.5158502e+12,2.30558197,97.0,3863.0,1.12219108,0.0
6216,1.5158502e+12,0.00028502,0.00028693,0.00028267,0.00028483,7820.0,1.5158505e+12,2.23080923,85.0,4839.0,1.3836471,0.0
6217,1.5158505e+12,0.00028689,0.00029174,0.0002853,0.00029174,25760.0,1.5158508e+12,7.48844462,118.0,21010.0,6.11124806,0.0
6218,1.5158508e+12,0.00029174,0.00029187,0.00028998,0.00028999,33272.0,1.5158511e+12,9.6749338,95.0,23305.0,6.77634228,0.0
6219,1.5158511e+12,0.0002906,0.0002906,0.00028941,0.00028942,6014.0,1.5158514e+12,1.74353764,52.0,3910.0,1.13430447,0.0
6220,1.5158514e+12,0.00028942,0.00029813,0.00028941,0.00029813,25470.0,1.5158517e+12,7.46746837,105.0,19098.0,5.59681635,0.0
6221,1.5158517e+12,0.00029813,0.000309,0.00029498,0.000309,40965.0,1.515852e+12,12.38886968,246.0,25735.0,7.8013148,0.0
6222,1.515852e+12,0.000309,0.0003199,0.00028328,0.00030614,87426.0,1.5158523e+12,26.80540912,500.0,35317.0,10.95848554,0.0
6223,1.5158523e+12,0.00030899,0.00030949,0.00029276,0.000303,36151.0,1.5158526e+12,10.97118534,237.0,11828.0,3.58290388,0.0
6224,1.5158526e+12,0.000303,0.00030797,0.00030195,0.00030204,21100.0,1.5158529e+12,6.43604744,165.0,9971.0,3.04408136,0.0
6225,1.5158529e+12,0.00030195,0.00030195,0.00029003,0.00029691,27819.0,1.5158532e+12,8.19489069,224.0,11036.0,3.25748273,0.0
6226,1.5158532e+12,0.00029256,0.0002957,0.000285,0.0002856,30716.0,1.5158535e+12,8.86381805,213.0,8428.0,2.45094799,0.0
6227,1.5158535e+12,0.0002874,0.00029,0.000282,0.000285,39915.0,1.5158538e+12,11.37172437,156.0,3940.0,1.13009127,0.0
6228,1.5158538e+12,0.00028498,0.00028499,0.00027512,0.00027512,38586.0,1.5158541e+12,10.84567089,205.0,14919.0,4.21365345,0.0
6229,1.5158541e+12,0.00027549,0.000282,0.00027511,0.00028,21601.0,1.5158544e+12,6.00306922,158.0,13308.0,3.70565772,0.0
6230,1.5158544e+12,0.00028,0.00028,0.00026769,0.00026771,33091.0,1.5158547e+12,9.01003332,250.0,8877.0,2.40692845,0.0
6231,1.5158547e+12,0.00026772,0.00026773,0.00025502,0.00025876,55806.0,1.515855e+12,14.62921481,289.0,12026.0,3.16546388,0.0
6232,1.515855e+12,0.00025876,0.00025881,0.000255,0.000255,25154.0,1.5158553e+12,6.4456632,152.0,4833.0,1.23849426,0.0
6233,1.5158553e+12,0.00025408,0.00026019,0.00025347,0.00026019,29402.0,1.5158556e+12,7.492043,138.0,15537.0,3.96938946,0.0
6234,1.5158556e+12,0.0002602,0.000288,0.00025416,0.00027593,66203.0,1.5158559e+12,18.41041072,454.0,45858.0,12.76885116,0.0
6235,1.5158559e+12,0.00027594,0.00027601,0.00026552,0.000268,24793.0,1.5158562e+12,6.71352802,177.0,6736.0,1.83933663,0.0
6236,1.5158562e+12,0.000268,0.000268,0.00026,0.00026001,17872.0,1.5158565e+12,4.66899227,156.0,3320.0,0.87085158,0.0
6237,1.5158565e+12,0.00026001,0.00026837,0.00026001,0.00026546,8755.0,1.5158568e+12,2.30850212,96.0,4305.0,1.13615718,0.0
6238,1.5158568e+12,0.00026546,0.00028,0.00026545,0.00027343,22616.0,1.5158571e+12,6.15862562,158.0,12071.0,3.31155583,0.0
6239,1.5158571e+12,0.00027343,0.00027773,0.0002673,0.00027,12625.0,1.5158574e+12,3.42881539,127.0,4868.0,1.32629599,0.0
6240,1.5158574e+12,0.0002724,0.00027254,0.0002673,0.00026784,14727.0,1.5158577e+12,3.98544597,96.0,8170.0,2.21080699,0.0
6241,1.5158577e+12,0.00026815,0.00026878,0.00026301,0.00026303,13298.0,1.515858e+12,3.55169419,78.0,1941.0,0.51656212,0.0
6242,1.515858e+12,0.00026303,0.00026919,0.00026302,0.00026879,8630.0,1.5158583e+12,2.29541188,68.0,4452.0,1.1850506,0.0
6243,1.5158583e+12,0.00026879,0.000286,0.00026879,0.00028417,48437.0,1.5158586e+12,13.62066448,195.0,35203.0,9.86780719,0.0
6244,1.5158586e+12,0.00028381,0.00028574,0.00027461,0.0002794,15346.0,1.5158589e+12,4.28938212,157.0,5900.0,1.64550277,0.0
6245,1.5158589e+12,0.00028157,0.000288,0.00027859,0.00027936,18030.0,1.5158592e+12,5.12455605,141.0,11440.0,3.25019963,0.0
6246,1.5158592e+12,0.00027942,0.000285,0.00027937,0.00028438,9418.0,1.5158595e+12,2.66571029,61.0,6614.0,1.87572855,0.0
6247,1.5158595e+12,0.0002843,0.00028697,0.00028116,0.00028203,12986.0,1.5158598e+12,3.6974094,82.0,6861.0,1.95952026,0.0
6248,1.5158598e+12,0.00028203,0.00028203,0.000275,0.00027922,5958.0,1.5158601e+12,1.65709409,74.0,1518.0,0.42028896,0.0
6249,1.5158601e+12,0.0002793,0.00028198,0.00027929,0.0002801,5023.0,1.5158604e+12,1.41061275,40.0,1532.0,0.43069584,0.0
6250,1.5158604e+12,0.00028157,0.00028197,0.00027941,0.00027994,7891.0,1.5158607e+12,2.21684724,46.0,3811.0,1.07450247,0.0
6251,1.5158607e+12,0.00027999,0.0002819,0.00027999,0.00028136,6864.0,1.515861e+12,1.93162568,50.0,1780.0,0.50115161,0.0
6252,1.515861e+12,0.00028007,0.00028136,0.000276,0.00027634,10963.0,1.5158613e+12,3.04637904,61.0,5363.0,1.4943348,0.0
6253,1.5158613e+12,0.00027634,0.00027922,0.00027634,0.0002791,8213.0,1.5158616e+12,2.27451441,54.0,2293.0,0.6356991,0.0
6254,1.5158616e+12,0.00027916,0.000291,0.00027916,0.00028985,24332.0,1.5158619e+12,6.95369008,167.0,16865.0,4.83046054,0.0
6255,1.5158619e+12,0.000287,0.00031262,0.000287,0.000312,85489.0,1.5158622e+12,25.84073923,494.0,59972.0,18.09846638,0.0
6256,1.5158622e+12,0.000312,0.00031311,0.00030016,0.00030603,28469.0,1.5158625e+12,8.76022542,216.0,13843.0,4.26271847,0.0
6257,1.5158625e+12,0.00030987,0.000325,0.00030607,0.00032499,55960.0,1.5158628e+12,17.71995512,429.0,36512.0,11.59252908,0.0
6258,1.5158628e+12,0.00032499,0.000325,0.00029522,0.00029555,52798.0,1.5158631e+12,16.32839801,320.0,15696.0,4.86367922,0.0
6259,1.5158631e+12,0.00029555,0.000306,0.00029555,0.00030084,21255.0,1.5158634e+12,6.39256268,145.0,12265.0,3.69175688,0.0
6260,1.5158634e+12,0.000301,0.00030594,0.00030015,0.00030105,8613.0,1.5158637e+12,2.59916835,75.0,3968.0,1.20085151,0.0
6261,1.5158637e+12,0.00030112,0.00030423,0.00029554,0.00029554,15309.0,1.515864e+12,4.60111649,131.0,4512.0,1.3620719,0.0
6262,1.515864e+12,0.00029616,0.00029616,0.00028903,0.00029031,10245.0,1.5158643e+12,3.00585584,100.0,2653.0,0.77748335,0.0
6263,1.5158643e+12,0.000292,0.00029468,0.0002891,0.00029446,10028.0,1.5158646e+12,2.92717615,84.0,5032.0,1.47001406,0.0
6264,1.5158646e+12,0.00029439,0.0003,0.000294,0.0003,18589.0,1.5158649e+12,5.54419116,153.0,13037.0,3.89163156,0.0
6265,1.5158649e+12,0.0003,0.000313,0.0003,0.00031198,45552.0,1.5158652e+12,14.07031312,359.0,25228.0,7.81373929,0.0
6266,1.5158652e+12,0.00031198,0.00032548,0.000308,0.00032,100682.0,1.5158655e+12,32.21634741,490.0,64330.0,20.61959541,0.0
6267,1.5158655e+12,0.000317,0.000355,0.000317,0.000355,166616.0,1.5158658e+12,56.40608668,932.0,107358.0,36.33217725,0.0
6268,1.5158658e+12,0.000355,0.0003999,0.00033689,0.000389,369436.0,1.5158661e+12,135.63773491,1819.0,194973.0,72.04258477,0.0
6269,1.5158661e+12,0.000389,0.00048612,0.00038646,0.00048,623580.0,1.5158664e+12,268.55226446,3181.0,368250.0,159.01121208,0.0
6270,1.5158664e+12,0.000479,0.00048,0.0004,0.00040369,529581.0,1.5158667e+12,223.73090346,2937.0,219346.0,93.34814247,0.0
6271,1.5158667e+12,0.0004037,0.00041,0.00037222,0.000388,361046.0,1.515867e+12,140.69003726,1720.0,146699.0,57.39857636,0.0
6272,1.515867e+12,0.00038695,0.00039699,0.00036006,0.000365,184905.0,1.5158673e+12,69.48608003,1156.0,68146.0,25.77434827,0.0
6273,1.5158673e+12,0.00036499,0.00036599,0.00035112,0.00036,111512.0,1.5158676e+12,40.25789818,818.0,47746.0,17.29449731,0.0
6274,1.5158676e+12,0.000362,0.000389,0.00035805,0.00037342,164690.0,1.5158679e+12,62.10003847,943.0,89764.0,33.76642347,0.0
6275,1.5158679e+12,0.00036583,0.000377,0.0003284,0.0003284,154551.0,1.5158682e+12,55.23716755,693.0,48352.0,17.22047363,0.0
6276,1.5158682e+12,0.00033006,0.00035,0.00032567,0.00034999,111054.0,1.5158685e+12,37.69211496,709.0,57086.0,19.43121207,0.0
6277,1.5158685e+12,0.00034999,0.000377,0.00034148,0.00035642,123113.0,1.5158688e+12,44.64975,952.0,68168.0,24.78251653,0.0
6278,1.5158688e+12,0.0003561,0.000359,0.00034444,0.00034715,51602.0,1.5158691e+12,18.17378811,418.0,15328.0,5.42433418,0.0
6279,1.5158691e+12,0.00034715,0.000352,0.00033002,0.000345,51933.0,1.5158694e+12,17.79296806,389.0,16790.0,5.77330421,0.0
6280,1.5158694e+12,0.000345,0.00034587,0.000333,0.00033511,36007.0,1.5158697e+12,12.16397138,266.0,14117.0,4.77284335,0.0
6281,1.5158697e+12,0.00033584,0.00033834,0.000305,0.00031065,119647.0,1.51587e+12,38.2978712,554.0,34916.0,11.19676832,0.0
6282,1.51587e+12,0.00031065,0.00034,0.00031065,0.00032995,82815.0,1.5158703e+12,27.17130206,469.0,57384.0,18.86849247,0.0
6283,1.5158703e+12,0.00032995,0.00033356,0.0003141,0.00031449,48853.0,1.5158706e+12,15.73858427,330.0,16062.0,5.15954149,0.0
6284,1.5158706e+12,0.00031449,0.0003145,0.00030018,0.00030599,70258.0,1.5158709e+12,21.55348924,421.0,16733.0,5.17774146,0.0
6285,1.5158709e+12,0.00030596,0.00031648,0.00030375,0.00031648,32794.0,1.5158712e+12,10.07743833,288.0,16100.0,4.95805723,0.0
6286,1.5158712e+12,0.00031646,0.00032399,0.0003043,0.00030999,56793.0,1.5158715e+12,17.97337391,363.0,18952.0,6.01163689,0.0
6287,1.5158715e+12,0.00031253,0.00031527,0.000309,0.00031268,17508.0,1.5158718e+12,5.46194564,159.0,8293.0,2.59497845,0.0
6288,1.5158718e+12,0.0003127,0.00031412,0.00029111,0.000293,79418.0,1.5158721e+12,23.71121224,446.0,23224.0,6.90675168,0.0
6289,1.5158721e+12,0.000293,0.0003,0.00029232,0.00029657,30172.0,1.5158724e+12,8.93598503,251.0,21284.0,6.3066033,0.0
6290,1.5158724e+12,0.0002975,0.00029866,0.000291,0.00029103,34822.0,1.5158727e+12,10.32308896,212.0,18640.0,5.53910949,0.0
6291,1.5158727e+12,0.00029594,0.00029594,0.00028325,0.000286,51917.0,1.515873e+12,14.95186148,305.0,17063.0,4.9209567,0.0
6292,1.515873e+12,0.00028603,0.000293,0.00028603,0.00029085,23651.0,1.5158733e+12,6.87218118,179.0,13927.0,4.06244405,0.0
6293,1.5158733e+12,0.00028972,0.00029083,0.00028001,0.00028373,29602.0,1.5158736e+12,8.49319276,153.0,8281.0,2.39930861,0.0
6294,1.5158736e+12,0.00028897,0.00029286,0.00028378,0.00028873,34286.0,1.5158739e+12,9.94384175,217.0,20449.0,5.94750061,0.0
6295,1.5158739e+12,0.00028875,0.0003019,0.00028875,0.00029997,24045.0,1.5158742e+12,7.09050916,266.0,14116.0,4.17039798,0.0
6296,1.5158742e+12,0.00029813,0.00036581,0.00029809,0.00033343,152757.0,1.5158745e+12,50.80194027,1120.0,96570.0,32.05149309,0.0
6297,1.5158745e+12,0.00033411,0.00033956,0.00031,0.00031797,71979.0,1.5158748e+12,23.36824118,611.0,28726.0,9.34783094,0.0
6298,1.5158748e+12,0.00031797,0.00031797,0.0003,0.00030895,41508.0,1.5158751e+12,12.79174191,365.0,13271.0,4.07896342,0.0
6299,1.5158751e+12,0.00030895,0.00033,0.00030504,0.00032498,36581.0,1.5158754e+12,11.72368267,371.0,17078.0,5.49401576,0.0
6300,1.5158754e+12,0.00032551,0.00032799,0.00030155,0.00030596,36044.0,1.5158757e+12,11.32356247,320.0,15506.0,4.89270647,0.0
6301,1.5158757e+12,0.00030595,0.00031475,0.00030246,0.00031442,21851.0,1.515876e+12,6.69007737,234.0,15207.0,4.64886761,0.0
6302,1.515876e+12,0.00031431,0.000328,0.00031209,0.00032777,28433.0,1.5158763e+12,9.07925377,281.0,16458.0,5.24570408,0.0
6303,1.5158763e+12,0.00032777,0.00032779,0.0003161,0.0003161,27896.0,1.5158766e+12,8.96038858,222.0,9489.0,3.06658167,0.0
6304,1.5158766e+12,0.0003161,0.00032101,0.00031609,0.00032101,12118.0,1.5158769e+12,3.86105332,132.0,6763.0,2.15225616,0.0
6305,1.5158769e+12,0.00032179,0.000328,0.00032179,0.00032783,18102.0,1.5158772e+12,5.88733994,173.0,11511.0,3.73944344,0.0
6306,1.5158772e+12,0.0003278,0.00032783,0.000322,0.00032296,14902.0,1.5158775e+12,4.83855516,123.0,2095.0,0.68153622,0.0
6307,1.5158775e+12,0.00032295,0.00034999,0.000322,0.00034108,30526.0,1.5158778e+12,10.26052909,294.0,18367.0,6.16782385,0.0
6308,1.5158778e+12,0.00034108,0.000365,0.000335,0.00036002,60095.0,1.5158781e+12,21.22704724,427.0,43693.0,15.5011974,0.0
6309,1.5158781e+12,0.00036008,0.000378,0.00033987,0.000371,119998.0,1.5158784e+12,43.90907122,912.0,66456.0,24.48284643,0.0
6310,1.5158784e+12,0.00037097,0.00039636,0.0003666,0.000376,108115.0,1.5158787e+12,41.41195754,988.0,64245.0,24.70162714,0.0
6311,1.5158787e+12,0.00037801,0.00041975,0.0003598,0.000416,178830.0,1.515879e+12,70.21617896,1399.0,96223.0,38.09476517,0.0
6312,1.515879e+12,0.000416,0.00042998,0.00038208,0.000405,256469.0,1.5158793e+12,106.95353864,1852.0,136656.0,57.35764495,0.0
6313,1.5158793e+12,0.00040999,0.00041,0.00036101,0.00040896,176076.0,1.5158796e+12,67.93834949,1228.0,79691.0,30.98671153,0.0
6314,1.5158796e+12,0.00040897,0.000409,0.00038,0.00038664,80991.0,1.5158799e+12,31.76618324,660.0,42767.0,16.76613477,0.0
6315,1.5158799e+12,0.00038663,0.000395,0.000375,0.00038252,82348.0,1.5158802e+12,31.65551846,504.0,27760.0,10.68969761,0.0
6316,1.5158802e+12,0.000381,0.00038299,0.000353,0.00037801,68148.0,1.5158805e+12,25.31963989,674.0,29505.0,10.9553426,0.0
6317,1.5158805e+12,0.00037803,0.00038501,0.00036545,0.00036545,40591.0,1.5158808e+12,15.35466904,397.0,14144.0,5.37377063,0.0
6318,1.5158808e+12,0.00036545,0.0003672,0.00035512,0.00035525,42978.0,1.5158811e+12,15.49914988,441.0,22497.0,8.1175291,0.0
6319,1.5158811e+12,0.00035522,0.00036379,0.00035139,0.00036002,69720.0,1.5158814e+12,24.75285246,525.0,29967.0,10.67060517,0.0
6320,1.5158814e+12,0.000362,0.00039865,0.00036011,0.00039286,88735.0,1.5158817e+12,33.66060293,872.0,46905.0,17.71281002,0.0
6321,1.5158817e+12,0.00039082,0.00041858,0.00036379,0.00040346,173087.0,1.515882e+12,69.43771304,1449.0,85641.0,34.51188919,0.0
6322,1.515882e+12,0.00040346,0.00040886,0.00038661,0.00039869,85884.0,1.5158823e+12,34.43254183,737.0,42952.0,17.24494565,0.0
6323,1.5158823e+12,0.00039993,0.0004065,0.0003901,0.00039213,44833.0,1.5158826e+12,17.92387685,429.0,17459.0,6.98724416,0.0
6324,1.5158826e+12,0.00039213,0.00039556,0.00037006,0.00038696,53308.0,1.5158829e+12,20.50489399,525.0,16893.0,6.48426393,0.0
6325,1.5158829e+12,0.000386,0.0003942,0.0003721,0.00037796,34751.0,1.5158832e+12,13.39061796,376.0,11740.0,4.5631337,0.0
6326,1.5158832e+12,0.00037224,0.0003852,0.0003656,0.00037,39116.0,1.5158835e+12,14.53050712,437.0,20186.0,7.51669388,0.0
6327,1.5158835e+12,0.00037066,0.000387,0.00036901,0.000376,41009.0,1.5158838e+12,15.48906579,492.0,19461.0,7.35698184,0.0
6328,1.5158838e+12,0.00037599,0.00037599,0.00037043,0.0003739,17864.0,1.5158841e+12,6.68381541,160.0,8801.0,3.29880069,0.0
6329,1.5158841e+12,0.00037385,0.000374,0.0003578,0.0003657,38244.0,1.5158844e+12,13.94943236,369.0,16628.0,6.06083159,0.0
6330,1.5158844e+12,0.00036574,0.000369,0.000359,0.00036008,26484.0,1.5158847e+12,9.66230058,270.0,10326.0,3.7546052,0.0
6331,1.5158847e+12,0.00036008,0.00037488,0.000356,0.000369,27881.0,1.515885e+12,10.09009645,309.0,14437.0,5.23920641,0.0
6332,1.515885e+12,0.00036997,0.000375,0.00036327,0.00036354,41068.0,1.5158853e+12,15.23466784,428.0,17071.0,6.35317447,0.0
6333,1.5158853e+12,0.0003636,0.00036791,0.00035555,0.00035997,33356.0,1.5158856e+12,11.96021492,253.0,9788.0,3.52416301,0.0
6334,1.5158856e+12,0.00035997,0.00035997,0.00034511,0.00034719,31327.0,1.5158859e+12,11.04100209,368.0,11952.0,4.21311403,0.0
6335,1.5158859e+12,0.00034888,0.000359,0.0003401,0.000359,41144.0,1.5158862e+12,14.37641432,352.0,26383.0,9.25039341,0.0
6336,1.5158862e+12,0.0003585,0.00035903,0.00035,0.00035464,31471.0,1.5158865e+12,11.16768826,365.0,12806.0,4.54750661,0.0
6337,1.5158865e+12,0.00035464,0.00035464,0.00034001,0.00034001,38591.0,1.5158868e+12,13.47282804,256.0,13972.0,4.88454068,0.0
6338,1.5158868e+12,0.00034,0.00034627,0.00033692,0.0003399,49622.0,1.5158871e+12,16.91757866,488.0,28245.0,9.63929309,0.0
6339,1.5158871e+12,0.0003399,0.00035419,0.00033845,0.00035027,43675.0,1.5158874e+12,15.16328507,398.0,26951.0,9.35240637,0.0
6340,1.5158874e+12,0.00035027,0.00036498,0.00035027,0.00035958,69058.0,1.5158877e+12,24.73272909,583.0,25637.0,9.17042404,0.0
6341,1.5158877e+12,0.0003595,0.00035958,0.00034782,0.00034996,28473.0,1.515888e+12,10.08271168,295.0,11015.0,3.91377624,0.0
6342,1.515888e+12,0.00034994,0.0003525,0.00034341,0.000344,24554.0,1.5158883e+12,8.59015979,203.0,11910.0,4.17809216,0.0
6343,1.5158883e+12,0.000344,0.00034538,0.000333,0.000338,38306.0,1.5158886e+12,12.95844887,346.0,10939.0,3.71358461,0.0
6344,1.5158886e+12,0.000338,0.00034,0.00033245,0.00033245,30820.0,1.5158889e+12,10.37346207,244.0,13363.0,4.50698694,0.0
6345,1.5158889e+12,0.0003324,0.000338,0.00032555,0.00033504,51858.0,1.5158892e+12,17.09680637,387.0,18660.0,6.17648224,0.0
6346,1.5158892e+12,0.00033514,0.00033709,0.00032943,0.00032999,14736.0,1.5158895e+12,4.8965251,179.0,6956.0,2.31885678,0.0
6347,1.5158895e+12,0.00032998,0.00033,0.0003236,0.00032996,27599.0,1.5158898e+12,9.05368775,185.0,9114.0,2.99626246,0.0
6348,1.5158898e+12,0.00032995,0.00033219,0.00032676,0.00032986,15053.0,1.5158901e+12,4.95176966,172.0,6648.0,2.18873941,0.0
6349,1.5158901e+12,0.00032986,0.000349,0.0003272,0.00033796,74987.0,1.5158904e+12,25.44252735,593.0,32500.0,11.01409477,0.0
6350,1.5158904e+12,0.00033585,0.00033798,0.00032998,0.00033,15530.0,1.5158907e+12,5.18935176,155.0,6147.0,2.05675427,0.0
6351,1.5158907e+12,0.00033,0.00033003,0.00032391,0.000327,26680.0,1.515891e+12,8.70415131,153.0,7234.0,2.37239819,0.0
6352,1.515891e+12,0.00032792,0.00033458,0.00032406,0.00033458,26629.0,1.5158913e+12,8.75785232,200.0,18914.0,6.22235064,0.0
6353,1.5158913e+12,0.00033288,0.00033635,0.00032391,0.00032899,24183.0,1.5158916e+12,8.0205835,202.0,10420.0,3.47314942,0.0
6354,1.5158916e+12,0.0003275,0.00032978,0.00032603,0.00032978,10146.0,1.5158919e+12,3.33787076,89.0,6704.0,2.20622386,0.0
6355,1.5158919e+12,0.00032978,0.0003327,0.00032798,0.00032808,12475.0,1.5158922e+12,4.11654561,96.0,7193.0,2.37318033,0.0
6356,1.5158922e+12,0.00032809,0.00032977,0.00032615,0.00032615,8414.0,1.5158925e+12,2.7682869,62.0,4045.0,1.33246367,0.0
6357,1.5158925e+12,0.00032616,0.00032627,0.00031,0.00031996,43487.0,1.5158928e+12,13.80112743,372.0,15406.0,4.91271567,0.0
6358,1.5158928e+12,0.00031996,0.00031996,0.00031131,0.00031251,27571.0,1.5158931e+12,8.67015284,255.0,12611.0,3.97692214,0.0
6359,1.5158931e+12,0.00031449,0.00031552,0.00030666,0.000315,35397.0,1.5158934e+12,11.04211199,258.0,16987.0,5.31047548,0.0
6360,1.5158934e+12,0.0003145,0.0003155,0.0003124,0.00031473,21364.0,1.5158937e+12,6.69237718,117.0,6649.0,2.09000427,0.0
6361,1.5158937e+12,0.00031467,0.00031469,0.00030772,0.00031294,9939.0,1.515894e+12,3.08335315,111.0,1909.0,0.59837722,0.0
6362,1.515894e+12,0.00031291,0.00031294,0.00030881,0.00031022,10653.0,1.5158943e+12,3.30938284,119.0,5449.0,1.69653668,0.0
6363,1.5158943e+12,0.00031021,0.00031042,0.00030804,0.00030949,9573.0,1.5158946e+12,2.96204702,97.0,5562.0,1.72246447,0.0
6364,1.5158946e+12,0.0003085,0.00031022,0.0003085,0.00030998,37646.0,1.5158949e+12,11.64873504,164.0,21275.0,6.58942599,0.0
6365,1.5158949e+12,0.00030998,0.0003211,0.00030998,0.0003211,50183.0,1.5158952e+12,15.93384145,408.0,36137.0,11.49619068,0.0
6366,1.5158952e+12,0.0003211,0.0003325,0.00031736,0.00032008,71531.0,1.5158955e+12,23.23064425,582.0,36577.0,11.91690359,0.0
6367,1.5158955e+12,0.0003201,0.00034861,0.0003201,0.00034599,56909.0,1.5158958e+12,19.05392401,403.0,30809.0,10.30042213,0.0
6368,1.5158958e+12,0.000345,0.00036498,0.000334,0.000352,171538.0,1.5158961e+12,60.68129854,1165.0,76205.0,27.0607497,0.0
6369,1.5158961e+12,0.000352,0.000352,0.00033333,0.000338,56646.0,1.5158964e+12,19.3071509,413.0,24265.0,8.29105597,0.0
6370,1.5158964e+12,0.00033799,0.0003484,0.00033702,0.000348,44702.0,1.5158967e+12,15.32073773,310.0,29575.0,10.15601806,0.0
6371,1.5158967e+12,0.0003484,0.00034844,0.00033005,0.00033346,29624.0,1.515897e+12,10.21562337,267.0,11951.0,4.13902458,0.0
6372,1.515897e+12,0.00033345,0.000342,0.00032557,0.00033497,35152.0,1.5158973e+12,11.69798977,284.0,15711.0,5.25348213,0.0
6373,1.5158973e+12,0.00033497,0.00033497,0.00032715,0.00032979,25049.0,1.5158976e+12,8.26979388,193.0,9842.0,3.24653866,0.0
6374,1.5158976e+12,0.00032979,0.0003323,0.00032581,0.00032766,14055.0,1.5158979e+12,4.6019317,93.0,6310.0,2.06740453,0.0
6375,1.5158979e+12,0.00032762,0.00032762,0.0003165,0.0003165,28397.0,1.5158982e+12,9.17775863,155.0,4951.0,1.59683899,0.0
6376,1.5158982e+12,0.00031984,0.00031984,0.00031781,0.00031938,12638.0,1.5158985e+12,4.02545043,147.0,5100.0,1.62767629,0.0
6377,1.5158985e+12,0.00031937,0.0003275,0.00031001,0.0003153,29898.0,1.5158988e+12,9.54410077,219.0,9449.0,3.05334865,0.0
6378,1.5158988e+12,0.00031993,0.00031999,0.00031534,0.00031896,8737.0,1.5158991e+12,2.77403645,91.0,4051.0,1.2914196,0.0
6379,1.5158991e+12,0.00031891,0.00031893,0.00031604,0.00031877,7640.0,1.5158994e+12,2.4320723,74.0,5469.0,1.74356551,0.0
6380,1.5158994e+12,0.00031877,0.0003191,0.00031749,0.00031877,12828.0,1.5158997e+12,4.08909308,86.0,8232.0,2.62430435,0.0
6381,1.5158997e+12,0.0003175,0.00031881,0.00031538,0.0003188,6922.0,1.5159e+12,2.19758687,65.0,1561.0,0.49611904,0.0
6382,1.5159e+12,0.00031874,0.00031875,0.0003114,0.000314,35047.0,1.5159003e+12,10.95579884,133.0,23359.0,7.30403357,0.0
6383,1.5159003e+12,0.00031401,0.00032,0.00031401,0.00031861,14334.0,1.5159006e+12,4.54958797,108.0,3523.0,1.12259062,0.0
6384,1.5159006e+12,0.00031861,0.000335,0.00031861,0.00033458,50433.0,1.5159009e+12,16.5482033,305.0,37977.0,12.44475967,0.0
6385,1.5159009e+12,0.00033311,0.00033458,0.000319,0.00032045,21578.0,1.5159012e+12,7.02504493,257.0,6950.0,2.25847136,0.0
6386,1.5159012e+12,0.00032048,0.0003255,0.00032008,0.00032259,9781.0,1.5159015e+12,3.16041939,78.0,4366.0,1.41333202,0.0
6387,1.5159015e+12,0.0003225,0.00032331,0.00031668,0.00032331,8177.0,1.5159018e+12,2.62159031,87.0,2759.0,0.8852625,0.0
6388,1.5159018e+12,0.00032119,0.000325,0.00031668,0.00032093,12004.0,1.5159021e+12,3.83898078,87.0,4559.0,1.46499567,0.0
6389,1.5159021e+12,0.00031903,0.00032087,0.00031498,0.00031498,6772.0,1.5159024e+12,2.14836851,89.0,3255.0,1.03340265,0.0
6390,1.5159024e+12,0.00031498,0.00032,0.0003145,0.00031458,6368.0,1.5159027e+12,2.01240038,104.0,3071.0,0.97127366,0.0
6391,1.5159027e+12,0.00031452,0.0003199,0.00030888,0.00030889,25286.0,1.515903e+12,7.88667393,214.0,8551.0,2.66884799,0.0
6392,1.515903e+12,0.00030998,0.00031495,0.00030666,0.0003067,16171.0,1.5159033e+12,5.00010226,163.0,9993.0,3.09499482,0.0
6393,1.5159033e+12,0.00030667,0.00031487,0.0003064,0.00031,12295.0,1.5159036e+12,3.79496025,159.0,6805.0,2.10043326,0.0
6394,1.5159036e+12,0.00031,0.00031371,0.00030645,0.00030798,16577.0,1.5159039e+12,5.11706913,174.0,9350.0,2.88709444,0.0
6395,1.5159039e+12,0.000307,0.00031077,0.000307,0.00031,4382.0,1.5159042e+12,1.35045334,94.0,1739.0,0.53581201,0.0
6396,1.5159042e+12,0.00031077,0.00031077,0.00030644,0.00030695,22142.0,1.5159045e+12,6.80945026,123.0,7198.0,2.22215071,0.0
6397,1.5159045e+12,0.00030644,0.00030644,0.00029,0.00029762,38542.0,1.5159048e+12,11.48964275,232.0,8527.0,2.55797636,0.0
6398,1.5159048e+12,0.00029153,0.0002976,0.00028987,0.0002947,32043.0,1.5159051e+12,9.40025236,261.0,16654.0,4.91130905,0.0
6399,1.5159051e+12,0.00029112,0.0003064,0.00029111,0.00030266,27522.0,1.5159054e+12,8.24326411,218.0,12993.0,3.88126884,0.0
6400,1.5159054e+12,0.00030266,0.00030497,0.0002933,0.00029345,11456.0,1.5159057e+12,3.40280663,151.0,3620.0,1.07662631,0.0
6401,1.5159057e+12,0.00029345,0.00029623,0.00029002,0.00029145,16076.0,1.515906e+12,4.70136009,136.0,4639.0,1.36071621,0.0
6402,1.515906e+12,0.00029003,0.0003,0.00029003,0.00029692,14406.0,1.5159063e+12,4.23957121,100.0,8921.0,2.62837343,0.0
6403,1.5159063e+12,0.00029502,0.00029515,0.000288,0.00028908,19725.0,1.5159066e+12,5.7619776,121.0,3848.0,1.12857168,0.0
6404,1.5159066e+12,0.00028899,0.00029288,0.00028824,0.00029245,10850.0,1.5159069e+12,3.13348159,108.0,2676.0,0.77608557,0.0
6405,1.5159069e+12,0.00029238,0.00029693,0.00028866,0.00029299,18023.0,1.5159072e+12,5.25344241,141.0,7311.0,2.13391252,0.0
6406,1.5159072e+12,0.00029299,0.00029299,0.0002861,0.00029198,28238.0,1.5159075e+12,8.13644771,140.0,8630.0,2.49216072,0.0
6407,1.5159075e+12,0.00028887,0.00029197,0.0002865,0.0002874,6580.0,1.5159078e+12,1.8967541,87.0,1462.0,0.42311366,0.0
6408,1.5159078e+12,0.00028866,0.00028884,0.000285,0.00028568,18166.0,1.5159081e+12,5.19933089,122.0,5197.0,1.4918047,0.0
6409,1.5159081e+12,0.00028565,0.00028566,0.000271,0.00028018,60526.0,1.5159084e+12,16.81510255,337.0,13356.0,3.71862574,0.0
6410,1.5159084e+12,0.00028018,0.00028269,0.00027839,0.00028049,6237.0,1.5159087e+12,1.74592167,100.0,2521.0,0.70746941,0.0
6411,1.5159087e+12,0.00027851,0.00028269,0.00027845,0.00028245,4296.0,1.515909e+12,1.20499613,68.0,1827.0,0.51324242,0.0
6412,1.515909e+12,0.00028238,0.000288,0.00028112,0.00028113,11603.0,1.5159093e+12,3.28662698,63.0,6751.0,1.92027234,0.0
6413,1.5159093e+12,0.000282,0.000282,0.000276,0.00027665,16433.0,1.5159096e+12,4.60414153,109.0,6185.0,1.72935291,0.0
6414,1.5159096e+12,0.00027663,0.00028792,0.00027616,0.00028178,14678.0,1.5159099e+12,4.09211879,121.0,7356.0,2.05473875,0.0
6415,1.5159099e+12,0.00028454,0.00028461,0.00027907,0.00028186,9136.0,1.5159102e+12,2.58246,98.0,4436.0,1.25437206,0.0
6416,1.5159102e+12,0.00027929,0.00028329,0.00027929,0.00028329,7487.0,1.5159105e+12,2.10367546,64.0,3405.0,0.9593021,0.0
6417,1.5159105e+12,0.00028328,0.00028799,0.0002808,0.00028409,10990.0,1.5159108e+12,3.11735595,82.0,8414.0,2.38664687,0.0
6418,1.5159108e+12,0.00028437,0.00029199,0.00028437,0.00029199,12004.0,1.5159111e+12,3.44779121,110.0,3791.0,1.09161097,0.0
6419,1.5159111e+12,0.00029199,0.00029887,0.000285,0.00028637,25233.0,1.5159114e+12,7.3231288,308.0,7894.0,2.29489505,0.0
6420,1.5159114e+12,0.00028553,0.00029262,0.00028545,0.000286,10169.0,1.5159117e+12,2.92710882,87.0,3523.0,1.01522317,0.0
6421,1.5159117e+12,0.000286,0.000295,0.00028597,0.000295,16967.0,1.515912e+12,4.91738415,110.0,8460.0,2.46593751,0.0
6422,1.515912e+12,0.00029499,0.000295,0.00028578,0.00028831,7054.0,1.5159123e+12,2.05852399,106.0,2767.0,0.81217618,0.0
6423,1.5159123e+12,0.0002899,0.0003,0.00028846,0.00029455,24065.0,1.5159126e+12,7.13451193,178.0,16853.0,4.99881652,0.0
6424,1.5159126e+12,0.00029455,0.00029803,0.00029277,0.00029344,10993.0,1.5159129e+12,3.2382184,131.0,3604.0,1.06430493,0.0
6425,1.5159129e+12,0.00029352,0.00029497,0.00029276,0.00029276,8959.0,1.5159132e+12,2.63022466,99.0,4785.0,1.40619005,0.0
6426,1.5159132e+12,0.00029277,0.00029278,0.00028407,0.00028976,8926.0,1.5159135e+12,2.57163918,109.0,3337.0,0.96574824,0.0
6427,1.5159135e+12,0.00028772,0.00028976,0.00028,0.0002837,9030.0,1.5159138e+12,2.56985023,82.0,2863.0,0.81349262,0.0
6428,1.5159138e+12,0.0002837,0.0002837,0.00027604,0.00028,20218.0,1.5159141e+12,5.63506187,124.0,12028.0,3.34576873,0.0
6429,1.5159141e+12,0.00028021,0.00028498,0.00027703,0.00027999,10826.0,1.5159144e+12,3.05913367,95.0,3858.0,1.09102187,0.0
6430,1.5159144e+12,0.00028214,0.00028436,0.00027704,0.00028237,6027.0,1.5159147e+12,1.69518787,72.0,1720.0,0.48746629,0.0
6431,1.5159147e+12,0.00028237,0.00028237,0.00027813,0.00028015,5797.0,1.515915e+12,1.62788241,62.0,3099.0,0.87335682,0.0
6432,1.515915e+12,0.00028007,0.00028186,0.00027702,0.00028079,22168.0,1.5159153e+12,6.19562391,76.0,10221.0,2.86220268,0.0
6433,1.5159153e+12,0.00028079,0.00028632,0.00028076,0.00028383,20952.0,1.5159156e+12,5.97269093,106.0,15764.0,4.49747491,0.0
6434,1.5159156e+12,0.0002839,0.000287,0.0002809,0.000287,12832.0,1.5159159e+12,3.64951129,84.0,9421.0,2.6828517,0.0
6435,1.5159159e+12,0.000287,0.000299,0.00028494,0.0002961,18639.0,1.5159162e+12,5.47455325,225.0,11323.0,3.33529644,0.0
6436,1.5159162e+12,0.00029846,0.00029873,0.00029172,0.00029441,19056.0,1.5159165e+12,5.61639508,156.0,5279.0,1.56092347,0.0
6437,1.5159165e+12,0.00029247,0.00029561,0.00029244,0.0002953,3982.0,1.5159168e+12,1.17408688,44.0,3079.0,0.90837183,0.0
6438,1.5159168e+12,0.00029504,0.00029531,0.00028753,0.00028807,15298.0,1.5159171e+12,4.46916212,105.0,5104.0,1.48154206,0.0
6439,1.5159171e+12,0.00029005,0.00029359,0.00028932,0.00029064,8580.0,1.5159174e+12,2.49569109,47.0,6626.0,1.92834933,0.0
6440,1.5159174e+12,0.00029001,0.000293,0.00028859,0.00029,8158.0,1.5159177e+12,2.38066545,53.0,3237.0,0.94389107,0.0
6441,1.5159177e+12,0.00029003,0.00029187,0.00028324,0.00028499,7780.0,1.515918e+12,2.24185485,74.0,4389.0,1.26863687,0.0
6442,1.515918e+12,0.00028499,0.00028706,0.00028062,0.00028398,15347.0,1.5159183e+12,4.34430758,126.0,4123.0,1.17345051,0.0
6443,1.5159183e+12,0.00028398,0.00028453,0.00028062,0.00028165,9503.0,1.5159186e+12,2.68701837,96.0,4807.0,1.35849326,0.0
6444,1.5159186e+12,0.00028165,0.00028236,0.00027874,0.000281,4490.0,1.5159189e+12,1.26244054,84.0,2170.0,0.61143343,0.0
6445,1.5159189e+12,0.000281,0.00028471,0.00027839,0.00028471,10687.0,1.5159192e+12,3.00311886,103.0,6946.0,1.95522927,0.0
6446,1.5159192e+12,0.00028471,0.00028741,0.00028002,0.00028003,4496.0,1.5159195e+12,1.28073879,80.0,2340.0,0.66959805,0.0
6447,1.5159195e+12,0.00028003,0.00028003,0.000277,0.00027701,14196.0,1.5159198e+12,3.94592521,101.0,7311.0,2.03405593,0.0
6448,1.5159198e+12,0.00027701,0.0002824,0.000276,0.00028237,22905.0,1.5159201e+12,6.3438075,116.0,5523.0,1.53451379,0.0
6449,1.5159201e+12,0.00028234,0.00028235,0.0002772,0.00028132,10006.0,1.5159204e+12,2.8124478,86.0,6881.0,1.93580937,0.0
6450,1.5159204e+12,0.00028094,0.00028132,0.00027699,0.00027706,12788.0,1.5159207e+12,3.57166835,87.0,4193.0,1.17640146,0.0
6451,1.5159207e+12,0.000278,0.000278,0.000276,0.00027649,11730.0,1.515921e+12,3.24122667,63.0,1817.0,0.50348836,0.0
6452,1.515921e+12,0.000276,0.00027799,0.00027002,0.00027002,71057.0,1.5159213e+12,19.53186805,174.0,5721.0,1.5679513,0.0
6453,1.5159213e+12,0.00027002,0.00027436,0.00027002,0.0002736,7276.0,1.5159216e+12,1.9744549,72.0,2298.0,0.62868305,0.0
6454,1.5159216e+12,0.0002736,0.0002743,0.00027,0.000271,12281.0,1.5159219e+12,3.3365082,110.0,6715.0,1.8278011,0.0
6455,1.5159219e+12,0.00027234,0.00027337,0.000266,0.00026991,12889.0,1.5159222e+12,3.45332946,112.0,2042.0,0.55315287,0.0
6456,1.5159222e+12,0.0002699,0.0002699,0.00026563,0.00026778,7102.0,1.5159225e+12,1.89719261,85.0,5375.0,1.43755342,0.0
6457,1.5159225e+12,0.00026902,0.00027451,0.00026626,0.00026805,13745.0,1.5159228e+12,3.71966869,94.0,6811.0,1.84037833,0.0
6458,1.5159228e+12,0.00026901,0.00027163,0.0002671,0.0002715,4507.0,1.5159231e+12,1.21742429,38.0,2516.0,0.67946943,0.0
6459,1.5159231e+12,0.00027159,0.00027163,0.00027003,0.00027156,762.0,1.5159234e+12,0.20649153,30.0,458.0,0.12434151,0.0
6460,1.5159234e+12,0.0002711,0.0002742,0.0002675,0.0002675,6267.0,1.5159237e+12,1.70241626,67.0,2195.0,0.59453838,0.0
6461,1.5159237e+12,0.0002675,0.0002675,0.00026003,0.0002675,30209.0,1.515924e+12,7.94575565,107.0,4240.0,1.12631467,0.0
6462,1.515924e+12,0.00026749,0.00027205,0.0002674,0.00027041,5558.0,1.5159243e+12,1.50262873,60.0,2817.0,0.76230904,0.0
6463,1.5159243e+12,0.0002688,0.00027262,0.0002688,0.00027005,4346.0,1.5159246e+12,1.1759338,48.0,2260.0,0.6122246,0.0
6464,1.5159246e+12,0.00027001,0.00027044,0.00026767,0.00027044,15621.0,1.5159249e+12,4.21601835,55.0,13167.0,3.55631446,0.0
6465,1.5159249e+12,0.00027095,0.00027095,0.0002691,0.00026911,1727.0,1.5159252e+12,0.46666971,24.0,892.0,0.24154444,0.0
6466,1.5159252e+12,0.00026937,0.000271,0.00026909,0.00026909,5581.0,1.5159255e+12,1.50542317,39.0,3231.0,0.8729264,0.0
6467,1.5159255e+12,0.00026908,0.000271,0.00026906,0.00027008,5146.0,1.5159258e+12,1.39068734,28.0,2813.0,0.76065021,0.0
6468,1.5159258e+12,0.000271,0.000271,0.00026779,0.00026779,2716.0,1.5159261e+12,0.73207335,38.0,947.0,0.25561913,0.0
6469,1.5159261e+12,0.00026779,0.00026882,0.00026719,0.00026782,4963.0,1.5159264e+12,1.32859821,33.0,3310.0,0.88627791,0.0
6470,1.5159264e+12,0.00026783,0.00027173,0.00026783,0.00027011,8220.0,1.5159267e+12,2.21839607,41.0,6184.0,1.66738704,0.0
6471,1.5159267e+12,0.0002701,0.00027174,0.00026999,0.00027,3472.0,1.515927e+12,0.93760484,33.0,519.0,0.14023756,0.0
6472,1.515927e+12,0.00026999,0.0002711,0.00026999,0.00027001,1530.0,1.5159273e+12,0.41322705,25.0,511.0,0.13808887,0.0
6473,1.5159273e+12,0.00027001,0.00027001,0.000262,0.00026204,23216.0,1.5159276e+12,6.18871982,83.0,15105.0,4.0367568,0.0
6474,1.5159276e+12,0.00026207,0.00026833,0.00026207,0.00026209,12771.0,1.5159279e+12,3.37933511,87.0,6388.0,1.69184326,0.0
6475,1.5159279e+12,0.00026525,0.00026798,0.00026525,0.00026603,2504.0,1.5159282e+12,0.66617991,29.0,2226.0,0.59230864,0.0
6476,1.5159282e+12,0.00026606,0.0002684,0.00026209,0.00026251,4531.0,1.5159285e+12,1.19967987,35.0,747.0,0.1963416,0.0
6477,1.5159285e+12,0.00026269,0.00026769,0.00026269,0.00026299,8405.0,1.5159288e+12,2.21820665,54.0,750.0,0.19835279,0.0
6478,1.5159288e+12,0.00026299,0.00026299,0.0002543,0.000255,22687.0,1.5159291e+12,5.89082298,104.0,1654.0,0.42893375,0.0
6479,1.5159291e+12,0.0002543,0.000255,0.00025,0.0002536,58758.0,1.5159294e+12,14.73389766,145.0,4073.0,1.02963843,0.0
6480,1.5159294e+12,0.0002536,0.0002536,0.00024605,0.00025127,16943.0,1.5159297e+12,4.22944569,117.0,5864.0,1.47174424,0.0
6481,1.5159297e+12,0.0002485,0.00025819,0.0002485,0.00025813,16583.0,1.51593e+12,4.20909311,83.0,12015.0,3.06147779,0.0
6482,1.51593e+12,0.00025436,0.00025444,0.00024398,0.00024498,25937.0,1.5159303e+12,6.38660072,145.0,12513.0,3.06790112,0.0
6483,1.5159303e+12,0.00024502,0.00025436,0.00024401,0.00024561,15882.0,1.5159306e+12,3.9222287,98.0,7453.0,1.83420706,0.0
6484,1.5159306e+12,0.00024911,0.00026733,0.00024911,0.00025909,24901.0,1.5159309e+12,6.35091568,106.0,19414.0,4.94612341,0.0
6485,1.5159309e+12,0.00025908,0.00025909,0.00025111,0.00025127,5042.0,1.5159312e+12,1.27575145,52.0,1829.0,0.46192428,0.0
6486,1.5159312e+12,0.0002513,0.00025319,0.00024306,0.00024306,13844.0,1.5159315e+12,3.44099722,104.0,4463.0,1.10905848,0.0
6487,1.5159315e+12,0.00024308,0.00024651,0.000242,0.000242,26691.0,1.5159318e+12,6.48204559,70.0,2822.0,0.69072689,0.0
6488,1.5159318e+12,0.000242,0.000242,0.000238,0.00023851,19882.0,1.5159321e+12,4.77057517,100.0,2894.0,0.69400232,0.0
6489,1.5159321e+12,0.00023851,0.000241,0.00023803,0.00024002,10139.0,1.5159324e+12,2.43229804,71.0,5832.0,1.40016398,0.0
6490,1.5159324e+12,0.00024002,0.00024253,0.00024001,0.00024024,5959.0,1.5159327e+12,1.43196836,35.0,3616.0,0.86936946,0.0
6491,1.5159327e+12,0.00024253,0.0002579,0.00024253,0.00024726,23029.0,1.515933e+12,5.73746612,106.0,16634.0,4.13987514,0.0
6492,1.515933e+12,0.00024726,0.0002474,0.00024218,0.00024587,8904.0,1.5159333e+12,2.18730641,51.0,1524.0,0.37363181,0.0
6493,1.5159333e+12,0.00024298,0.00024972,0.0002401,0.000243,15336.0,1.5159336e+12,3.71069556,55.0,2559.0,0.62890149,0.0
6494,1.5159336e+12,0.000243,0.00024642,0.00024,0.000246,7156.0,1.5159339e+12,1.73106201,44.0,3427.0,0.83088508,0.0
6495,1.5159339e+12,0.000246,0.00024767,0.00024107,0.00024273,6471.0,1.5159342e+12,1.58279906,35.0,3560.0,0.87272984,0.0
6496,1.5159342e+12,0.0002463,0.000262,0.0002463,0.000262,22090.0,1.5159345e+12,5.61499379,80.0,14624.0,3.71024083,0.0
6497,1.5159345e+12,0.00026,0.000267,0.00024109,0.00024751,14219.0,1.5159348e+12,3.66678585,132.0,4846.0,1.26432682,0.0
6498,1.5159348e+12,0.000246,0.00025849,0.000246,0.00025274,7638.0,1.5159351e+12,1.92518564,63.0,3382.0,0.85440073,0.0
6499,1.5159351e+12,0.00025274,0.00025794,0.00025047,0.00025571,4840.0,1.5159354e+12,1.2246878,56.0,3098.0,0.78609411,0.0
6500,1.5159354e+12,0.00025202,0.00025829,0.00025202,0.00025599,5725.0,1.5159357e+12,1.46745411,55.0,2445.0,0.62594741,0.0
6501,1.5159357e+12,0.00025599,0.000265,0.00025542,0.00026006,15012.0,1.515936e+12,3.90049944,97.0,5993.0,1.569687,0.0
6502,1.515936e+12,0.00026287,0.0002636,0.0002601,0.0002601,5889.0,1.5159363e+12,1.54574493,37.0,4344.0,1.14234294,0.0
6503,1.5159363e+12,0.000261,0.0002654,0.00026009,0.00026535,7577.0,1.5159366e+12,1.99495326,55.0,2543.0,0.67062741,0.0
6504,1.5159366e+12,0.00026535,0.00026998,0.00026052,0.00026138,12123.0,1.5159369e+12,3.22165754,71.0,6620.0,1.77155318,0.0
6505,1.5159369e+12,0.0002614,0.00026434,0.00026117,0.00026434,5350.0,1.5159372e+12,1.40040319,39.0,1443.0,0.37929472,0.0
6506,1.5159372e+12,0.0002642,0.0002642,0.00025889,0.00025946,7397.0,1.5159375e+12,1.92787804,40.0,1888.0,0.49201054,0.0
6507,1.5159375e+12,0.00025704,0.00025951,0.00025543,0.000256,6881.0,1.5159378e+12,1.77001164,55.0,4258.0,1.0974061,0.0
6508,1.5159378e+12,0.00025544,0.00025598,0.000252,0.000252,11284.0,1.5159381e+12,2.87181559,55.0,2605.0,0.66326555,0.0
6509,1.5159381e+12,0.000252,0.00025848,0.00025001,0.00025566,6552.0,1.5159384e+12,1.65529588,51.0,2808.0,0.71248661,0.0
6510,1.5159384e+12,0.00025666,0.00025813,0.00025354,0.0002556,2812.0,1.5159387e+12,0.7164512,37.0,1203.0,0.3059045,0.0
6511,1.5159387e+12,0.00025413,0.00025714,0.00025356,0.00025714,4937.0,1.515939e+12,1.2558816,25.0,2619.0,0.66705792,0.0
6512,1.515939e+12,0.00025568,0.00026997,0.00025451,0.00026845,47854.0,1.5159393e+12,12.69669728,210.0,35907.0,9.57587756,0.0
6513,1.5159393e+12,0.00026203,0.0002684,0.00026203,0.000267,8521.0,1.5159396e+12,2.26410769,87.0,4582.0,1.21976956,0.0
6514,1.5159396e+12,0.00026704,0.00026998,0.0002633,0.00026997,14264.0,1.5159399e+12,3.79625464,86.0,8541.0,2.27644585,0.0
6515,1.5159399e+12,0.00026997,0.00026998,0.0002633,0.00026583,10622.0,1.5159402e+12,2.82741292,71.0,2203.0,0.58739902,0.0
6516,1.5159402e+12,0.00026339,0.00026584,0.00026339,0.00026582,3135.0,1.5159405e+12,0.83022934,27.0,1757.0,0.46688895,0.0
6517,1.5159405e+12,0.00026366,0.00026583,0.00026366,0.00026372,4627.0,1.5159408e+12,1.22501169,32.0,2384.0,0.63344498,0.0
6518,1.5159408e+12,0.00026484,0.000268,0.00026468,0.0002657,8594.0,1.5159411e+12,2.28569013,52.0,6059.0,1.6104836,0.0
6519,1.5159411e+12,0.00026595,0.00026595,0.00026411,0.00026452,3547.0,1.5159414e+12,0.93974869,34.0,814.0,0.21584026,0.0
6520,1.5159414e+12,0.0002655,0.00026849,0.0002655,0.00026638,6144.0,1.5159417e+12,1.64067613,56.0,3103.0,0.8296895,0.0
6521,1.5159417e+12,0.00026796,0.00026797,0.00026642,0.000267,7434.0,1.515942e+12,1.98654994,59.0,3104.0,0.83042054,0.0
6522,1.515942e+12,0.00026694,0.00026694,0.00025971,0.00025971,15037.0,1.5159423e+12,3.96736666,82.0,1113.0,0.29537802,0.0
6523,1.5159423e+12,0.00026,0.00026143,0.00025,0.00025301,8518.0,1.5159426e+12,2.17260749,71.0,1891.0,0.48939027,0.0
6524,1.5159426e+12,0.00025279,0.00025487,0.00025,0.00025467,8148.0,1.5159429e+12,2.06056271,75.0,5379.0,1.36388032,0.0
6525,1.5159429e+12,0.00025309,0.00025309,0.00025287,0.00025287,11734.0,1.5159432e+12,2.96755596,46.0,1411.0,0.35708492,0.0
6526,1.5159432e+12,0.00025287,0.00025287,0.00024128,0.0002433,17545.0,1.5159435e+12,4.32464034,87.0,3142.0,0.76897995,0.0
6527,1.5159435e+12,0.0002433,0.00024999,0.00024108,0.00024389,12577.0,1.5159438e+12,3.07554476,99.0,7678.0,1.88072619,0.0
6528,1.5159438e+12,0.00024389,0.00024389,0.0002412,0.00024377,8186.0,1.5159441e+12,1.99312998,48.0,6500.0,1.58386957,0.0
6529,1.5159441e+12,0.00024371,0.00024392,0.00024109,0.00024392,7671.0,1.5159444e+12,1.86888431,41.0,7232.0,1.7622855,0.0
6530,1.5159444e+12,0.00024997,0.00025,0.00024418,0.00024779,2244.0,1.5159447e+12,0.55758043,38.0,1083.0,0.27012374,0.0
6531,1.5159447e+12,0.00024778,0.00024997,0.00024232,0.00024437,5116.0,1.515945e+12,1.26104124,33.0,2674.0,0.66140723,0.0
6532,1.515945e+12,0.00024432,0.00024976,0.0002431,0.00024974,2564.0,1.5159453e+12,0.63088137,20.0,1750.0,0.43136764,0.0
6533,1.5159453e+12,0.00024646,0.0002499,0.00024526,0.00024946,4511.0,1.5159456e+12,1.12297539,43.0,1302.0,0.32478569,0.0
6534,1.5159456e+12,0.00024958,0.0002505,0.00024946,0.0002505,4493.0,1.5159459e+12,1.12175531,35.0,2326.0,0.58114644,0.0
6535,1.5159459e+12,0.00024946,0.00025066,0.00024315,0.00025066,10213.0,1.5159462e+12,2.53582464,75.0,2307.0,0.5777507,0.0
6536,1.5159462e+12,0.0002475,0.00025995,0.0002475,0.00025472,8489.0,1.5159465e+12,2.17146603,40.0,8101.0,2.07344218,0.0
6537,1.5159465e+12,0.0002549,0.00025857,0.0002549,0.000256,1763.0,1.5159468e+12,0.45101109,18.0,1301.0,0.33306379,0.0
6538,1.5159468e+12,0.000256,0.00025956,0.000256,0.00025884,731.0,1.5159471e+12,0.18757133,20.0,483.0,0.12395584,0.0
6539,1.5159471e+12,0.00025954,0.00025977,0.00025501,0.00025502,3715.0,1.5159474e+12,0.95438104,58.0,890.0,0.23109078,0.0
6540,1.5159474e+12,0.00025502,0.00025502,0.00024866,0.00025085,3457.0,1.5159477e+12,0.8746738,36.0,853.0,0.21572969,0.0
6541,1.5159477e+12,0.00025085,0.0002549,0.00024352,0.00025019,5646.0,1.515948e+12,1.41021095,43.0,1910.0,0.48100397,0.0
6542,1.515948e+12,0.00025015,0.00025019,0.00025,0.00025,612.0,1.5159483e+12,0.15305262,21.0,272.0,0.06803366,0.0
6543,1.5159483e+12,0.0002501,0.0002501,0.00024846,0.00024846,917.0,1.5159486e+12,0.22848852,23.0,669.0,0.1666019,0.0
6544,1.5159486e+12,0.00024845,0.00024847,0.00024603,0.00024846,1982.0,1.5159489e+12,0.49204511,43.0,1570.0,0.39005873,0.0
6545,1.5159489e+12,0.00024846,0.00024847,0.00024332,0.00024598,4303.0,1.5159492e+12,1.05896868,60.0,1619.0,0.39846873,0.0
6546,1.5159492e+12,0.00024595,0.00024595,0.00024213,0.00024272,11845.0,1.5159495e+12,2.89351074,96.0,6923.0,1.69351747,0.0
6547,1.5159495e+12,0.00024273,0.00024697,0.00024273,0.000246,7226.0,1.5159498e+12,1.77278661,94.0,4585.0,1.12522345,0.0
6548,1.5159498e+12,0.00024695,0.00025459,0.00024603,0.00025122,3261.0,1.5159501e+12,0.81915243,78.0,1426.0,0.35900239,0.0
6549,1.5159501e+12,0.00025122,0.00025399,0.00024827,0.000249,6200.0,1.5159504e+12,1.55432449,98.0,2177.0,0.54971577,0.0
6550,1.5159504e+12,0.00024901,0.00025388,0.000249,0.00025238,4041.0,1.5159507e+12,1.01690279,33.0,1940.0,0.4891314,0.0
6551,1.5159507e+12,0.000253,0.00026999,0.000253,0.0002575,17209.0,1.515951e+12,4.46915457,124.0,11143.0,2.90595709,0.0
6552,1.515951e+12,0.00025749,0.00027,0.00025611,0.00025771,23970.0,1.5159513e+12,6.35622044,85.0,5375.0,1.43558772,0.0
6553,1.5159513e+12,0.0002615,0.00026483,0.00026006,0.0002648,4451.0,1.5159516e+12,1.16553179,36.0,4121.0,1.07933383,0.0
6554,1.5159516e+12,0.00026192,0.00027848,0.00026001,0.000277,55750.0,1.5159519e+12,15.17931041,216.0,20657.0,5.61829587,0.0
6555,1.5159519e+12,0.000277,0.00027815,0.00026922,0.00026933,21539.0,1.5159522e+12,5.92599717,114.0,2242.0,0.61001573,0.0
6556,1.5159522e+12,0.00027096,0.00027796,0.00026953,0.00027379,11171.0,1.5159525e+12,3.07044224,92.0,4471.0,1.23133037,0.0
6557,1.5159525e+12,0.00027379,0.00027379,0.00027138,0.00027138,16232.0,1.5159528e+12,4.42429224,67.0,1332.0,0.36406856,0.0
6558,1.5159528e+12,0.000271,0.000271,0.00025746,0.00026321,14568.0,1.5159531e+12,3.83991747,108.0,7887.0,2.09842875,0.0
6559,1.5159531e+12,0.00026501,0.00027293,0.000265,0.00027267,10590.0,1.5159534e+12,2.84422084,72.0,6378.0,1.7112693,0.0
6560,1.5159534e+12,0.00027262,0.00027299,0.00026607,0.00026845,4311.0,1.5159537e+12,1.16418747,43.0,1245.0,0.33862821,0.0
6561,1.5159537e+12,0.00026994,0.00027184,0.00026899,0.0002693,1647.0,1.515954e+12,0.44370914,27.0,339.0,0.09162169,0.0
6562,1.515954e+12,0.0002693,0.00028367,0.0002693,0.00028367,27070.0,1.5159543e+12,7.50047302,121.0,18441.0,5.10272801,0.0
6563,1.5159543e+12,0.00028367,0.00029,0.00028004,0.00028415,31013.0,1.5159546e+12,8.87542274,249.0,15176.0,4.34917047,0.0
6564,1.5159546e+12,0.00028415,0.00028415,0.00027552,0.0002765,9910.0,1.5159549e+12,2.76737487,82.0,2523.0,0.70220467,0.0
6565,1.5159549e+12,0.00027651,0.00028008,0.00027651,0.00027924,2491.0,1.5159552e+12,0.69029388,32.0,754.0,0.20949256,0.0
6566,1.5159552e+12,0.00027899,0.00027899,0.00027701,0.00027775,4019.0,1.5159555e+12,1.11556231,39.0,1447.0,0.40262363,0.0
6567,1.5159555e+12,0.00027775,0.00028358,0.00027774,0.00027905,8546.0,1.5159558e+12,2.3782968,38.0,1285.0,0.35868767,0.0
6568,1.5159558e+12,0.00027999,0.00028356,0.0002755,0.00027843,16967.0,1.5159561e+12,4.68781866,59.0,915.0,0.25497305,0.0
6569,1.5159561e+12,0.00027795,0.00027795,0.00027106,0.0002739,6788.0,1.5159564e+12,1.8619644,41.0,375.0,0.10312048,0.0
6570,1.5159564e+12,0.00027172,0.000275,0.000268,0.00027115,12077.0,1.5159567e+12,3.28514492,49.0,1175.0,0.3211277,0.0
6571,1.5159567e+12,0.00027129,0.00027399,0.000271,0.00027115,2470.0,1.515957e+12,0.67009591,26.0,242.0,0.06594288,0.0
6572,1.515957e+12,0.00027115,0.00027396,0.000271,0.00027394,1990.0,1.5159573e+12,0.53978891,25.0,328.0,0.08910237,0.0
6573,1.5159573e+12,0.00027388,0.00027388,0.00026969,0.00026969,2352.0,1.5159576e+12,0.63795474,32.0,986.0,0.26865117,0.0
6574,1.5159576e+12,0.00026974,0.000271,0.000265,0.000271,4785.0,1.5159579e+12,1.28821342,44.0,1377.0,0.37186908,0.0
6575,1.5159579e+12,0.000271,0.00027399,0.000271,0.000271,2528.0,1.5159582e+12,0.68960449,26.0,809.0,0.22082199,0.0
6576,1.5159582e+12,0.00027397,0.00027397,0.00027239,0.0002736,1005.0,1.5159585e+12,0.27408136,20.0,418.0,0.1141784,0.0
6577,1.5159585e+12,0.00027272,0.0002736,0.00027015,0.00027099,2159.0,1.5159588e+12,0.58832759,24.0,473.0,0.12912917,0.0
6578,1.5159588e+12,0.00027099,0.00027239,0.00026637,0.0002699,1672.0,1.5159591e+12,0.44903855,25.0,312.0,0.08454977,0.0
6579,1.5159591e+12,0.00026987,0.00026987,0.000265,0.00026619,4310.0,1.5159594e+12,1.14940558,55.0,3104.0,0.82826819,0.0
6580,1.5159594e+12,0.00026619,0.00026629,0.00026414,0.00026629,4768.0,1.5159597e+12,1.26712051,63.0,3506.0,0.93317891,0.0
6581,1.5159597e+12,0.00026603,0.00026975,0.00026311,0.00026367,6916.0,1.51596e+12,1.82136329,62.0,3571.0,0.93999539,0.0
6582,1.51596e+12,0.00026899,0.00026899,0.00026369,0.00026369,1283.0,1.5159603e+12,0.34448248,18.0,1275.0,0.34237296,0.0
6583,1.5159603e+12,0.0002638,0.00026795,0.0002638,0.00026688,532.0,1.5159606e+12,0.14101206,18.0,171.0,0.04569272,0.0
6584,1.5159606e+12,0.00026689,0.000274,0.00026689,0.0002735,4662.0,1.5159609e+12,1.26132399,37.0,3963.0,1.07237424,0.0
6585,1.5159609e+12,0.000274,0.00027563,0.00026409,0.00027563,8559.0,1.5159612e+12,2.31803542,54.0,3122.0,0.84968706,0.0
6586,1.5159612e+12,0.00027563,0.00027563,0.00026709,0.00027131,1922.0,1.5159615e+12,0.52030974,56.0,566.0,0.15422674,0.0
6587,1.5159615e+12,0.00026922,0.00028,0.00026922,0.00027262,5857.0,1.5159618e+12,1.60886427,75.0,2316.0,0.64390563,0.0
6588,1.5159618e+12,0.0002745,0.0002766,0.00027172,0.00027172,8308.0,1.5159621e+12,2.27049654,94.0,2920.0,0.80141719,0.0
6589,1.5159621e+12,0.00027172,0.00027172,0.00026349,0.00026863,10369.0,1.5159624e+12,2.76010646,80.0,2982.0,0.79625826,0.0
6590,1.5159624e+12,0.0002674,0.0002686,0.00026522,0.00026777,1869.0,1.5159627e+12,0.49838073,27.0,1403.0,0.37473809,0.0
6591,1.5159627e+12,0.00026523,0.00026777,0.00026407,0.00026777,3531.0,1.515963e+12,0.9379091,58.0,2662.0,0.70717698,0.0
6592,1.515963e+12,0.0002666,0.0002686,0.0002666,0.0002686,1386.0,1.5159633e+12,0.37080513,20.0,292.0,0.07836969,0.0
6593,1.5159633e+12,0.0002686,0.00027659,0.0002686,0.00027003,4145.0,1.5159636e+12,1.11914324,38.0,621.0,0.16890231,0.0
6594,1.5159636e+12,0.00027003,0.00027003,0.0002666,0.00026665,2994.0,1.5159639e+12,0.80571499,34.0,625.0,0.16828195,0.0
6595,1.5159639e+12,0.00026988,0.00026988,0.0002669,0.00026953,455.0,1.5159642e+12,0.12236023,12.0,321.0,0.08659499,0.0
6596,1.5159642e+12,0.00026694,0.00026949,0.00026661,0.00026923,1518.0,1.5159645e+12,0.40556244,39.0,452.0,0.12122956,0.0
6597,1.5159645e+12,0.000269,0.000269,0.0002666,0.000267,2617.0,1.5159648e+12,0.69845217,43.0,1034.0,0.27634238,0.0
6598,1.5159648e+12,0.000267,0.00026855,0.0002666,0.00026853,1537.0,1.5159651e+12,0.41153949,35.0,1089.0,0.29209071,0.0
6599,1.5159651e+12,0.00026851,0.00026923,0.00026,0.00026681,9268.0,1.5159654e+12,2.46113379,91.0,3504.0,0.93580563,0.0
6600,1.5159654e+12,0.00026417,0.00026681,0.00026,0.00026468,4049.0,1.5159657e+12,1.07036868,57.0,1060.0,0.2819979,0.0
6601,1.5159657e+12,0.0002647,0.00026478,0.00026231,0.00026469,2280.0,1.515966e+12,0.60324229,49.0,1580.0,0.41814696,0.0
6602,1.515966e+12,0.00026469,0.00026469,0.00026315,0.00026465,2643.0,1.5159663e+12,0.69653668,36.0,2223.0,0.586012,0.0
6603,1.5159663e+12,0.00026309,0.0002647,0.00026125,0.0002647,1201.0,1.5159666e+12,0.31666863,44.0,464.0,0.12272369,0.0
6604,1.5159666e+12,0.0002647,0.00026676,0.0002612,0.00026124,4389.0,1.5159669e+12,1.15223368,49.0,974.0,0.25802968,0.0
6605,1.5159669e+12,0.00026591,0.0002668,0.00026357,0.00026492,1200.0,1.5159672e+12,0.31932193,35.0,1006.0,0.26791298,0.0
6606,1.5159672e+12,0.00026681,0.000269,0.00026644,0.00026698,2769.0,1.5159675e+12,0.74064928,41.0,1023.0,0.27341226,0.0
6607,1.5159675e+12,0.00026898,0.00026898,0.00026696,0.0002671,2056.0,1.5159678e+12,0.55040214,31.0,939.0,0.2521327,0.0
6608,1.5159678e+12,0.0002671,0.00026892,0.00026707,0.00026707,933.0,1.5159681e+12,0.24926458,25.0,256.0,0.06844978,0.0
6609,1.5159681e+12,0.00026708,0.0002689,0.00026707,0.00026708,817.0,1.5159684e+12,0.21880363,31.0,333.0,0.08949809,0.0
6610,1.5159684e+12,0.00026708,0.00026889,0.00026707,0.00026709,1175.0,1.5159687e+12,0.31409685,30.0,281.0,0.07529889,0.0
6611,1.5159687e+12,0.00026709,0.00026757,0.000267,0.00026757,1656.0,1.515969e+12,0.44226323,16.0,293.0,0.07829673,0.0
6612,1.515969e+12,0.00026757,0.00026772,0.00026757,0.00026772,1316.0,1.5159693e+12,0.35223225,27.0,1093.0,0.29255611,0.0
6613,1.5159693e+12,0.00026772,0.0002689,0.00026772,0.0002689,1599.0,1.5159696e+12,0.42956392,25.0,1195.0,0.32099548,0.0
6614,1.5159696e+12,0.0002689,0.000269,0.00026758,0.00026758,1518.0,1.5159699e+12,0.407004,41.0,177.0,0.047597,0.0
6615,1.5159699e+12,0.00026758,0.000269,0.00026758,0.00026898,1541.0,1.5159702e+12,0.41413347,25.0,542.0,0.14579306,0.0
6616,1.5159702e+12,0.00026898,0.00026899,0.000267,0.00026898,2533.0,1.5159705e+12,0.68035052,34.0,336.0,0.09026363,0.0
6617,1.5159705e+12,0.00026898,0.00026899,0.00026898,0.00026899,3462.0,1.5159708e+12,0.93120924,11.0,178.0,0.04787892,0.0
6618,1.5159708e+12,0.00026899,0.0002815,0.00026898,0.000277,9714.0,1.5159711e+12,2.67675477,87.0,6768.0,1.86988696,0.0
6619,1.5159711e+12,0.000277,0.0002815,0.0002711,0.000272,12848.0,1.5159714e+12,3.56175362,203.0,2716.0,0.75911285,0.0
6620,1.5159714e+12,0.000272,0.0002754,0.00026524,0.00027498,7006.0,1.5159717e+12,1.89081024,64.0,437.0,0.1192414,0.0
6621,1.5159717e+12,0.0002711,0.00028139,0.00026838,0.00027184,9710.0,1.515972e+12,2.66492185,72.0,7347.0,2.02256675,0.0
6622,1.515972e+12,0.00027184,0.000274,0.00026907,0.00026907,1961.0,1.5159723e+12,0.53105558,30.0,169.0,0.04630344,0.0
6623,1.5159723e+12,0.00027155,0.00027155,0.00026852,0.00026852,2527.0,1.5159726e+12,0.68128352,22.0,1965.0,0.52999695,0.0
6624,1.5159726e+12,0.00026852,0.00027445,0.00026839,0.00026872,5523.0,1.5159729e+12,1.48837624,35.0,2868.0,0.77511415,0.0
6625,1.5159729e+12,0.00026867,0.00026867,0.0002652,0.00026522,6002.0,1.5159732e+12,1.59761847,35.0,1079.0,0.288113,0.0
6626,1.5159732e+12,0.00026586,0.00026612,0.00026522,0.00026612,1414.0,1.5159735e+12,0.37548039,21.0,695.0,0.18476855,0.0
6627,1.5159735e+12,0.00026702,0.00026956,0.00026597,0.00026758,1872.0,1.5159738e+12,0.50004106,28.0,1326.0,0.3542706,0.0
6628,1.5159738e+12,0.000266,0.00026758,0.000266,0.00026758,700.0,1.5159741e+12,0.18711067,16.0,577.0,0.15439241,0.0
6629,1.5159741e+12,0.0002673,0.00026758,0.00026501,0.00026501,2375.0,1.5159744e+12,0.63208822,29.0,1284.0,0.3426184,0.0
6630,1.5159744e+12,0.0002655,0.00026737,0.000265,0.000265,825.0,1.5159747e+12,0.21902098,15.0,286.0,0.07605453,0.0
6631,1.5159747e+12,0.000265,0.00026728,0.000265,0.00026501,5446.0,1.515975e+12,1.44365974,26.0,226.0,0.06035954,0.0
6632,1.515975e+12,0.00026501,0.00027396,0.000265,0.000265,3132.0,1.5159753e+12,0.84212538,37.0,1824.0,0.49484441,0.0
6633,1.5159753e+12,0.000265,0.00027,0.000265,0.00027,1036.0,1.5159756e+12,0.27854558,14.0,327.0,0.08749158,0.0
6634,1.5159756e+12,0.00027101,0.000272,0.00026927,0.00026927,488.0,1.5159759e+12,0.1321089,19.0,256.0,0.06939406,0.0
6635,1.5159759e+12,0.00026927,0.00026927,0.000265,0.0002659,1854.0,1.5159762e+12,0.49594834,28.0,698.0,0.1857704,0.0
6636,1.5159762e+12,0.00026608,0.00026608,0.00026,0.00026423,7865.0,1.5159765e+12,2.06896804,45.0,1706.0,0.45225424,0.0
6637,1.5159765e+12,0.00026091,0.00026352,0.0002606,0.00026313,6422.0,1.5159768e+12,1.67669969,84.0,1360.0,0.35681686,0.0
6638,1.5159768e+12,0.00026315,0.0002651,0.00026153,0.00026396,3711.0,1.5159771e+12,0.97431243,38.0,1621.0,0.42685944,0.0
6639,1.5159771e+12,0.00026394,0.00026394,0.00026062,0.0002638,4470.0,1.5159774e+12,1.16979067,24.0,771.0,0.20327571,0.0
6640,1.5159774e+12,0.00026386,0.00026386,0.00026063,0.00026378,1396.0,1.5159777e+12,0.36656091,23.0,450.0,0.11867631,0.0
6641,1.5159777e+12,0.00026372,0.00026378,0.00026064,0.00026065,7795.0,1.515978e+12,2.04331017,38.0,2629.0,0.69153731,0.0
6642,1.515978e+12,0.00026065,0.00026092,0.000257,0.00026,16914.0,1.5159783e+12,4.38854421,91.0,6227.0,1.60864419,0.0
6643,1.5159783e+12,0.00026347,0.0002651,0.00026092,0.00026345,2723.0,1.5159786e+12,0.7168845,51.0,1784.0,0.4698389,0.0
6644,1.5159786e+12,0.00026101,0.00026891,0.00026101,0.00026891,1805.0,1.5159789e+12,0.47745106,22.0,1029.0,0.27490012,0.0
6645,1.5159789e+12,0.00026494,0.00026494,0.00026133,0.00026401,3709.0,1.5159792e+12,0.97636493,41.0,863.0,0.22815224,0.0
6646,1.5159792e+12,0.00026486,0.00026486,0.00026163,0.00026484,836.0,1.5159795e+12,0.21993094,16.0,29.0,0.00768075,0.0
6647,1.5159795e+12,0.00026484,0.00026484,0.00025532,0.00026253,3396.0,1.5159798e+12,0.88279437,45.0,440.0,0.11546512,0.0
6648,1.5159798e+12,0.000264,0.000264,0.00026253,0.00026395,764.0,1.5159801e+12,0.20065359,7.0,56.0,0.01478225,0.0
6649,1.5159801e+12,0.00026395,0.00026395,0.000255,0.00025548,4619.0,1.5159804e+12,1.18805691,46.0,1857.0,0.47788101,0.0
6650,1.5159804e+12,0.00025548,0.00026138,0.00025548,0.00025915,1854.0,1.5159807e+12,0.47715334,31.0,1854.0,0.47715334,0.0
6651,1.5159807e+12,0.00025915,0.00026128,0.000255,0.00026113,2418.0,1.515981e+12,0.61915694,45.0,1059.0,0.27232936,0.0
6652,1.515981e+12,0.00026104,0.00026104,0.00025802,0.00025803,1905.0,1.5159813e+12,0.49616448,13.0,1549.0,0.40419856,0.0
6653,1.5159813e+12,0.00026042,0.00026048,0.00026019,0.00026048,872.0,1.5159816e+12,0.22694656,10.0,491.0,0.12779893,0.0
6654,1.5159816e+12,0.00025607,0.00026046,0.00025473,0.000255,3816.0,1.5159819e+12,0.97861901,48.0,1258.0,0.3247621,0.0
6655,1.5159819e+12,0.000255,0.000255,0.00025,0.00025,9002.0,1.5159822e+12,2.27560976,107.0,4814.0,1.22223142,0.0
6656,1.5159822e+12,0.00025499,0.00025499,0.00025014,0.00025184,4079.0,1.5159825e+12,1.03308866,55.0,3800.0,0.96282717,0.0
6657,1.5159825e+12,0.00025497,0.00025497,0.00025185,0.00025479,3556.0,1.5159828e+12,0.90413109,38.0,2841.0,0.72404485,0.0
6658,1.5159828e+12,0.0002547,0.00025493,0.00025193,0.00025445,2540.0,1.5159831e+12,0.6419785,22.0,620.0,0.15783083,0.0
6659,1.5159831e+12,0.00025444,0.00025448,0.00025193,0.00025448,1134.0,1.5159834e+12,0.28829474,35.0,1036.0,0.2636056,0.0
6660,1.5159834e+12,0.00025448,0.0002545,0.000252,0.00025325,2060.0,1.5159837e+12,0.52228814,24.0,1284.0,0.32673168,0.0
6661,1.5159837e+12,0.0002544,0.00025449,0.00025194,0.00025322,3614.0,1.515984e+12,0.91699961,45.0,3397.0,0.86228537,0.0
6662,1.515984e+12,0.00025194,0.00025449,0.00025194,0.00025196,1256.0,1.5159843e+12,0.31859474,37.0,1044.0,0.26516864,0.0
6663,1.5159843e+12,0.00025196,0.0002545,0.00025183,0.00025449,1389.0,1.5159846e+12,0.35125447,36.0,899.0,0.22778757,0.0
6664,1.5159846e+12,0.00025447,0.00025448,0.0002519,0.000254,999.0,1.5159849e+12,0.25348258,27.0,686.0,0.17411828,0.0
6665,1.5159849e+12,0.000254,0.00025444,0.000253,0.00025444,2450.0,1.5159852e+12,0.62155053,32.0,1280.0,0.32530701,0.0
6666,1.5159852e+12,0.00025443,0.00025443,0.00025102,0.00025102,2011.0,1.5159855e+12,0.50871625,37.0,850.0,0.2150928,0.0
6667,1.5159855e+12,0.00025102,0.00025301,0.00025102,0.00025103,3487.0,1.5159858e+12,0.8759876,21.0,316.0,0.07991667,0.0
6668,1.5159858e+12,0.00025103,0.00025474,0.00025103,0.00025466,3396.0,1.5159861e+12,0.85727,31.0,2763.0,0.69774672,0.0
6669,1.5159861e+12,0.00025445,0.00025499,0.00025435,0.00025455,2914.0,1.5159864e+12,0.74171776,23.0,2470.0,0.62869007,0.0
6670,1.5159864e+12,0.00025455,0.0002565,0.00025455,0.0002565,236.0,1.5159867e+12,0.060224,11.0,105.0,0.026837,0.0
6671,1.5159867e+12,0.0002565,0.00025967,0.000255,0.00025956,3738.0,1.515987e+12,0.96783932,26.0,3293.0,0.85425929,0.0
6672,1.515987e+12,0.0002578,0.0002595,0.00025502,0.00025549,1130.0,1.5159873e+12,0.29025964,32.0,439.0,0.11376072,0.0
6673,1.5159873e+12,0.00025927,0.00026,0.0002558,0.00026,1928.0,1.5159876e+12,0.49742753,21.0,1099.0,0.28516673,0.0
6674,1.5159876e+12,0.00026,0.00026098,0.00025524,0.00025559,3285.0,1.5159879e+12,0.85135421,60.0,448.0,0.11654243,0.0
6675,1.5159879e+12,0.00025908,0.00025908,0.00025583,0.00025583,1176.0,1.5159882e+12,0.30214737,15.0,449.0,0.11603319,0.0
6676,1.5159882e+12,0.00025583,0.00025812,0.00025583,0.000256,2738.0,1.5159885e+12,0.70188723,18.0,518.0,0.13367069,0.0
6677,1.5159885e+12,0.00025799,0.00025799,0.00025543,0.00025544,5586.0,1.5159888e+12,1.42751695,31.0,663.0,0.16963741,0.0
6678,1.5159888e+12,0.00025544,0.00025599,0.00025544,0.00025544,841.0,1.5159891e+12,0.21494809,13.0,171.0,0.04377429,0.0
6679,1.5159891e+12,0.00025599,0.00026144,0.00025599,0.00026001,3493.0,1.5159894e+12,0.9015207,25.0,2936.0,0.75716145,0.0
6680,1.5159894e+12,0.00025799,0.00026194,0.00025605,0.00025962,6428.0,1.5159897e+12,1.65860289,135.0,834.0,0.21720443,0.0
6681,1.5159897e+12,0.00025651,0.0002594,0.000255,0.000255,1740.0,1.51599e+12,0.44554804,33.0,693.0,0.17739472,0.0
6682,1.51599e+12,0.00025538,0.0002566,0.000255,0.00025501,2127.0,1.5159903e+12,0.54303466,20.0,1691.0,0.43185384,0.0
6683,1.5159903e+12,0.00025501,0.0002555,0.00025501,0.0002555,1169.0,1.5159906e+12,0.29812139,6.0,30.0,0.007665,0.0
6684,1.5159906e+12,0.00025543,0.0002566,0.00025529,0.0002566,2002.0,1.5159909e+12,0.51301691,21.0,1821.0,0.46667753,0.0
6685,1.5159909e+12,0.0002566,0.00025948,0.0002566,0.00025948,1460.0,1.5159912e+12,0.37478332,6.0,1194.0,0.30641208,0.0
6686,1.5159912e+12,0.00025714,0.00025947,0.000257,0.000257,2711.0,1.5159915e+12,0.70043624,15.0,495.0,0.12787677,0.0
6687,1.5159915e+12,0.00025947,0.00026016,0.0002553,0.0002553,2549.0,1.5159918e+12,0.65861532,33.0,677.0,0.17608486,0.0
6688,1.5159918e+12,0.00025531,0.00025532,0.00025108,0.00025108,6248.0,1.5159921e+12,1.58632198,29.0,16.0,0.00408496,0.0
6689,1.5159921e+12,0.00025316,0.00025617,0.00025132,0.00025333,1977.0,1.5159924e+12,0.50039793,24.0,426.0,0.10787073,0.0
6690,1.5159924e+12,0.00025332,0.00025585,0.000253,0.00025367,1674.0,1.5159927e+12,0.42683246,21.0,1318.0,0.33666843,0.0
6691,1.5159927e+12,0.00025366,0.00025367,0.000253,0.00025367,1610.0,1.515993e+12,0.40762461,22.0,415.0,0.1052569,0.0
6692,1.515993e+12,0.00025367,0.00025585,0.00025108,0.00025199,5861.0,1.5159933e+12,1.47694435,36.0,339.0,0.08612912,0.0
6693,1.5159933e+12,0.00025213,0.00025579,0.00024999,0.00024999,31446.0,1.5159936e+12,7.9225044,38.0,665.0,0.16651594,0.0
6694,1.5159936e+12,0.00025,0.00025541,0.00024977,0.00025357,5460.0,1.5159939e+12,1.36545459,30.0,5362.0,1.340968,0.0
6695,1.5159939e+12,0.00025345,0.00025357,0.00025327,0.00025356,399.0,1.5159942e+12,0.1011474,9.0,391.0,0.09911956,0.0
6696,1.5159942e+12,0.00025299,0.00025299,0.00024666,0.00024962,3209.0,1.5159945e+12,0.79903241,44.0,636.0,0.15917909,0.0
6697,1.5159945e+12,0.0002495,0.0002495,0.00024699,0.00024833,2382.0,1.5159948e+12,0.59360491,35.0,1995.0,0.49754274,0.0
6698,1.5159948e+12,0.00024937,0.00024938,0.00024704,0.000248,3923.0,1.5159951e+12,0.9741743,46.0,2513.0,0.62424213,0.0
6699,1.5159951e+12,0.000248,0.00024941,0.0002457,0.00024941,11560.0,1.5159954e+12,2.85930049,64.0,5661.0,1.40484744,0.0
6700,1.5159954e+12,0.00024941,0.00025261,0.00024941,0.00025256,2553.0,1.5159957e+12,0.63842355,52.0,1223.0,0.30580059,0.0
6701,1.5159957e+12,0.0002525,0.00025292,0.00025017,0.00025291,2614.0,1.515996e+12,0.65814791,32.0,1667.0,0.42090161,0.0
6702,1.515996e+12,0.00025235,0.0002529,0.00024687,0.00024687,19523.0,1.5159963e+12,4.82840191,30.0,192.0,0.04854273,0.0
6703,1.5159963e+12,0.0002469,0.00025187,0.00024687,0.00024905,3367.0,1.5159966e+12,0.83691619,49.0,1750.0,0.43725268,0.0
6704,1.5159966e+12,0.00024905,0.00025255,0.00024774,0.00025094,447.0,1.5159969e+12,0.11196535,15.0,384.0,0.09632769,0.0
6705,1.5159969e+12,0.00025071,0.00025072,0.00024856,0.00025,2259.0,1.5159972e+12,0.56502558,25.0,744.0,0.18642578,0.0
6706,1.5159972e+12,0.00025059,0.000253,0.00025,0.0002502,13752.0,1.5159975e+12,3.47641679,20.0,13427.0,3.3951266,0.0
6707,1.5159975e+12,0.00025047,0.00025244,0.00025001,0.00025002,956.0,1.5159978e+12,0.24029027,15.0,556.0,0.14020985,0.0
6708,1.5159978e+12,0.00025098,0.00025098,0.00025001,0.00025083,781.0,1.5159981e+12,0.19577772,18.0,607.0,0.15227466,0.0
6709,1.5159981e+12,0.00025084,0.00025084,0.00024745,0.00024873,2974.0,1.5159984e+12,0.74152084,32.0,776.0,0.19362797,0.0
6710,1.5159984e+12,0.00024873,0.00024874,0.0002475,0.00024796,2115.0,1.5159987e+12,0.52458777,18.0,828.0,0.2058244,0.0
6711,1.5159987e+12,0.00024865,0.00025073,0.00024687,0.0002475,2193.0,1.515999e+12,0.54271309,27.0,215.0,0.05326446,0.0
6712,1.515999e+12,0.0002475,0.00025065,0.00024687,0.00024801,4653.0,1.5159993e+12,1.15041199,33.0,1812.0,0.44889532,0.0
6713,1.5159993e+12,0.00025059,0.00025078,0.00024688,0.00024916,1583.0,1.5159996e+12,0.39414505,20.0,809.0,0.20229603,0.0
6714,1.5159996e+12,0.00024916,0.00025077,0.000247,0.00024756,6214.0,1.5159999e+12,1.54620755,41.0,3513.0,0.87794588,0.0
6715,1.5159999e+12,0.00024983,0.00024983,0.00024498,0.00024498,34276.0,1.5160002e+12,8.449347,62.0,1766.0,0.43508566,0.0
6716,1.5160002e+12,0.00024479,0.00024499,0.00024479,0.00024499,2721.0,1.5160005e+12,0.66633667,18.0,914.0,0.22391666,0.0
6717,1.5160005e+12,0.00024489,0.00024499,0.00024479,0.00024479,1120.0,1.5160008e+12,0.2742544,14.0,659.0,0.16140621,0.0
6718,1.5160008e+12,0.00024499,0.00024499,0.00024225,0.00024374,10956.0,1.5160011e+12,2.67273429,40.0,468.0,0.11422331,0.0
6719,1.5160011e+12,0.00024226,0.00024367,0.00023992,0.00023999,11340.0,1.5160014e+12,2.73734713,69.0,2332.0,0.5645008,0.0
6720,1.5160014e+12,0.00023999,0.00024468,0.00023992,0.00024443,5753.0,1.5160017e+12,1.38865033,91.0,4095.0,0.99065227,0.0
6721,1.5160017e+12,0.00024442,0.00024442,0.00023858,0.00023858,19697.0,1.516002e+12,4.71793811,63.0,12265.0,2.93887641,0.0
6722,1.516002e+12,0.00023858,0.00024355,0.00023567,0.00023697,16115.0,1.5160023e+12,3.85813046,169.0,5712.0,1.37430357,0.0
6723,1.5160023e+12,0.00023697,0.000237,0.0002333,0.00023518,16337.0,1.5160026e+12,3.84673393,102.0,6176.0,1.45761248,0.0
6724,1.5160026e+12,0.00023515,0.00023694,0.00022948,0.00022952,18827.0,1.5160029e+12,4.35347367,129.0,4512.0,1.04995204,0.0
6725,1.5160029e+12,0.00023119,0.00023125,0.00022731,0.00023049,18087.0,1.5160032e+12,4.14690212,157.0,7534.0,1.73614188,0.0
6726,1.5160032e+12,0.00023049,0.0002369,0.00022807,0.0002369,7534.0,1.5160035e+12,1.7319656,81.0,2682.0,0.61978679,0.0
6727,1.5160035e+12,0.0002367,0.00023689,0.00023101,0.00023101,4132.0,1.5160038e+12,0.96203949,47.0,1813.0,0.42401057,0.0
6728,1.5160038e+12,0.0002311,0.00023671,0.00022837,0.00022984,17708.0,1.5160041e+12,4.0752869,82.0,4440.0,1.01821699,0.0
6729,1.5160041e+12,0.00023118,0.00023308,0.00022874,0.00022877,3481.0,1.5160044e+12,0.80217956,39.0,1635.0,0.37716446,0.0
6730,1.5160044e+12,0.00022988,0.00023285,0.00022804,0.00023,14627.0,1.5160047e+12,3.34811484,41.0,11274.0,2.58028566,0.0
6731,1.5160047e+12,0.00023,0.00023,0.00022905,0.00022908,9814.0,1.516005e+12,2.25183224,39.0,4593.0,1.05569595,0.0
6732,1.516005e+12,0.00022908,0.00022908,0.00022444,0.00022463,13747.0,1.5160053e+12,3.11577931,61.0,2052.0,0.46863342,0.0
6733,1.5160053e+12,0.00022733,0.00022989,0.00022174,0.00022456,7551.0,1.5160056e+12,1.70252835,52.0,2736.0,0.62447285,0.0
6734,1.5160056e+12,0.00022202,0.00022741,0.00022001,0.000225,15214.0,1.5160059e+12,3.40125824,84.0,6242.0,1.40630866,0.0
6735,1.5160059e+12,0.00022498,0.00022726,0.00022399,0.00022726,2522.0,1.5160062e+12,0.56699832,33.0,2404.0,0.54027944,0.0
6736,1.5160062e+12,0.00022742,0.00022742,0.00021684,0.00022004,26856.0,1.5160065e+12,5.93816993,115.0,3985.0,0.88947226,0.0
6737,1.5160065e+12,0.0002201,0.00022287,0.00021698,0.00022035,11940.0,1.5160068e+12,2.64334652,79.0,5824.0,1.29515772,0.0
6738,1.5160068e+12,0.00022229,0.00022229,0.00022044,0.00022131,7423.0,1.5160071e+12,1.64033955,62.0,3010.0,0.66706898,0.0
6739,1.5160071e+12,0.00022049,0.00022225,0.00022036,0.00022199,9291.0,1.5160074e+12,2.05122163,54.0,2436.0,0.53986955,0.0
6740,1.5160074e+12,0.00022196,0.00022915,0.00022196,0.00022788,6399.0,1.5160077e+12,1.42830543,32.0,4664.0,1.0417897,0.0
6741,1.5160077e+12,0.00022788,0.00022788,0.00022272,0.00022769,3231.0,1.516008e+12,0.73185003,35.0,2300.0,0.52331538,0.0
6742,1.516008e+12,0.00022769,0.00022784,0.0002249,0.00022571,1003.0,1.5160083e+12,0.22707915,24.0,340.0,0.07728331,0.0
6743,1.5160083e+12,0.00022229,0.00022584,0.00022229,0.00022361,3211.0,1.5160086e+12,0.71674271,27.0,1624.0,0.36330592,0.0
6744,1.5160086e+12,0.00022263,0.00022473,0.00022263,0.0002229,4556.0,1.5160089e+12,1.01618012,29.0,1061.0,0.23697692,0.0
6745,1.5160089e+12,0.0002229,0.00023355,0.00022248,0.00022908,10057.0,1.5160092e+12,2.27006992,49.0,5139.0,1.1691552,0.0
6746,1.5160092e+12,0.00023224,0.00023224,0.00022914,0.00023166,5393.0,1.5160095e+12,1.24477597,47.0,2774.0,0.64309599,0.0
6747,1.5160095e+12,0.00023018,0.0002312,0.00022808,0.00022817,7553.0,1.5160098e+12,1.72979065,66.0,2706.0,0.62119179,0.0
6748,1.5160098e+12,0.00022808,0.00022808,0.0002204,0.00022349,5812.0,1.5160101e+12,1.29631115,43.0,779.0,0.17435711,0.0
6749,1.5160101e+12,0.00022039,0.00022309,0.00022,0.0002215,4294.0,1.5160104e+12,0.94710208,40.0,1792.0,0.39583721,0.0
6750,1.5160104e+12,0.00022199,0.00022276,0.00021688,0.00021821,5912.0,1.5160107e+12,1.30511243,55.0,2323.0,0.51502316,0.0
6751,1.5160107e+12,0.00021997,0.00022263,0.00021759,0.00022204,3692.0,1.516011e+12,0.80768558,25.0,2044.0,0.44716536,0.0
6752,1.516011e+12,0.000222,0.000222,0.00021777,0.00022143,4774.0,1.5160113e+12,1.05652142,36.0,4208.0,0.93199438,0.0
6753,1.5160113e+12,0.00022143,0.00022207,0.00021688,0.00021995,9743.0,1.5160116e+12,2.14684854,53.0,5954.0,1.31726387,0.0
6754,1.5160116e+12,0.00021995,0.00022352,0.00021747,0.00021865,10786.0,1.5160119e+12,2.40040982,34.0,10339.0,2.30285796,0.0
6755,1.5160119e+12,0.00021891,0.00022271,0.00021865,0.00021963,2409.0,1.5160122e+12,0.52962818,19.0,398.0,0.08838466,0.0
6756,1.5160122e+12,0.00021963,0.0002213,0.00021947,0.00021947,1446.0,1.5160125e+12,0.31909246,21.0,1122.0,0.24793234,0.0
6757,1.5160125e+12,0.00021741,0.00022352,0.00021741,0.00022341,4845.0,1.5160128e+12,1.07890879,24.0,4095.0,0.9124391,0.0
6758,1.5160128e+12,0.00022147,0.000224,0.00022147,0.00022282,1570.0,1.5160131e+12,0.35017118,21.0,1110.0,0.24823,0.0
6759,1.5160131e+12,0.00022399,0.00022672,0.00022137,0.00022137,3050.0,1.5160134e+12,0.68669032,34.0,1724.0,0.39053312,0.0
6760,1.5160134e+12,0.00022595,0.000226,0.00022312,0.00022598,1534.0,1.5160137e+12,0.34548243,18.0,657.0,0.14846065,0.0
6761,1.5160137e+12,0.00022377,0.00022569,0.000223,0.00022303,2528.0,1.516014e+12,0.5656257,13.0,71.0,0.01602119,0.0
6762,1.516014e+12,0.000223,0.000223,0.00021511,0.000222,15154.0,1.5160143e+12,3.3282128,58.0,3167.0,0.70332638,0.0
6763,1.5160143e+12,0.00022002,0.0002228,0.00022002,0.00022003,2526.0,1.5160146e+12,0.55832634,25.0,764.0,0.16994455,0.0
6764,1.5160146e+12,0.00022255,0.00022264,0.00021451,0.00022015,11826.0,1.5160149e+12,2.58336395,54.0,2199.0,0.4875634,0.0
6765,1.5160149e+12,0.00022016,0.00022226,0.00021827,0.00021827,2314.0,1.5160152e+12,0.51146258,22.0,1923.0,0.42536869,0.0
6766,1.5160152e+12,0.00022117,0.00022214,0.00021838,0.000222,720.0,1.5160155e+12,0.15941821,10.0,564.0,0.12523613,0.0
6767,1.5160155e+12,0.00022008,0.00022198,0.00021798,0.00021799,3176.0,1.5160158e+12,0.69863917,24.0,1313.0,0.28896752,0.0
6768,1.5160158e+12,0.00021972,0.00021972,0.00021473,0.00021532,12560.0,1.5160161e+12,2.71731251,44.0,6556.0,1.41905473,0.0
6769,1.5160161e+12,0.00021518,0.00021532,0.000213,0.00021441,20139.0,1.5160164e+12,4.30747336,38.0,5461.0,1.17402511,0.0
6770,1.5160164e+12,0.00021301,0.0002145,0.00021,0.0002145,34273.0,1.5160167e+12,7.23263776,108.0,7045.0,1.49605258,0.0
6771,1.5160167e+12,0.0002145,0.00021785,0.00021267,0.00021424,6801.0,1.516017e+12,1.45954312,37.0,4259.0,0.9159014,0.0
6772,1.516017e+12,0.00021455,0.00021799,0.00021424,0.00021527,4214.0,1.5160173e+12,0.90412711,33.0,1844.0,0.39541794,0.0
6773,1.5160173e+12,0.00021527,0.0002179,0.00021003,0.00021005,3793.0,1.5160176e+12,0.80737083,32.0,706.0,0.14950221,0.0
6774,1.5160176e+12,0.00021386,0.00021386,0.00021009,0.00021009,4568.0,1.5160179e+12,0.95981286,21.0,1483.0,0.31162544,0.0
6775,1.5160179e+12,0.00021008,0.00021009,0.00021,0.00021008,5547.0,1.5160182e+12,1.16527754,44.0,2806.0,0.58947885,0.0
6776,1.5160182e+12,0.00021009,0.00021386,0.00021,0.00021105,5534.0,1.5160185e+12,1.16876617,28.0,2608.0,0.55414797,0.0
6777,1.5160185e+12,0.00021281,0.00021965,0.00021281,0.00021726,7228.0,1.5160188e+12,1.56908217,34.0,6018.0,1.30808578,0.0
6778,1.5160188e+12,0.00021605,0.00021701,0.00021349,0.0002141,19347.0,1.5160191e+12,4.18994469,31.0,12978.0,2.81575481,0.0
6779,1.5160191e+12,0.00021455,0.00021455,0.00020004,0.00020719,43750.0,1.5160194e+12,9.02468712,116.0,10801.0,2.27611456,0.0
6780,1.5160194e+12,0.00020759,0.00021296,0.00020748,0.00021099,6127.0,1.5160197e+12,1.28203741,34.0,2618.0,0.55064527,0.0
6781,1.5160197e+12,0.00021097,0.00021098,0.00020615,0.00020615,4931.0,1.51602e+12,1.03134301,39.0,2462.0,0.51741984,0.0
6782,1.51602e+12,0.00020615,0.00021376,0.00020033,0.00020778,5238.0,1.5160203e+12,1.0763466,33.0,3009.0,0.61960338,0.0
6783,1.5160203e+12,0.00020811,0.0002148,0.00020787,0.00021418,10263.0,1.5160206e+12,2.16012745,28.0,8727.0,1.83913017,0.0
6784,1.5160206e+12,0.00021106,0.0002135,0.000211,0.00021143,4358.0,1.5160209e+12,0.92389992,18.0,2877.0,0.61124817,0.0
6785,1.5160209e+12,0.0002129,0.00021291,0.00021014,0.00021014,3200.0,1.5160212e+12,0.67560409,23.0,1977.0,0.41833425,0.0
6786,1.5160212e+12,0.00021016,0.00021126,0.00021013,0.00021013,1024.0,1.5160215e+12,0.21536408,10.0,134.0,0.02829844,0.0
6787,1.5160215e+12,0.00021013,0.00021138,0.00020801,0.00021138,2102.0,1.5160218e+12,0.44222515,24.0,1149.0,0.2422452,0.0
6788,1.5160218e+12,0.00021138,0.00021486,0.00021137,0.00021224,872.0,1.5160221e+12,0.18487164,10.0,317.0,0.06708902,0.0
6789,1.5160221e+12,0.00021238,0.00021238,0.0002121,0.00021221,296.0,1.5160224e+12,0.06281351,12.0,128.0,0.02715607,0.0
6790,1.5160224e+12,0.00021224,0.00021449,0.0002121,0.00021443,1573.0,1.5160227e+12,0.33385533,14.0,402.0,0.0854256,0.0
6791,1.5160227e+12,0.0002143,0.00021439,0.00021256,0.00021282,3787.0,1.516023e+12,0.80833434,26.0,1617.0,0.34628697,0.0
6792,1.516023e+12,0.00021266,0.00021282,0.00021021,0.00021263,2293.0,1.5160233e+12,0.48553234,47.0,271.0,0.05767403,0.0
6793,1.5160233e+12,0.00021025,0.00021197,0.00020739,0.00021155,8598.0,1.5160236e+12,1.7989226,47.0,3524.0,0.74461951,0.0
6794,1.5160236e+12,0.0002075,0.00021142,0.0002075,0.00020809,324.0,1.5160239e+12,0.06799016,11.0,190.0,0.04012846,0.0
6795,1.5160239e+12,0.00020824,0.00021085,0.00020824,0.00020851,3042.0,1.5160242e+12,0.63855262,16.0,2914.0,0.61174602,0.0
6796,1.5160242e+12,0.00020852,0.00021083,0.00020486,0.000205,13696.0,1.5160245e+12,2.86364945,82.0,7436.0,1.56083658,0.0
6797,1.5160245e+12,0.00020507,0.00020875,0.00020507,0.0002057,3805.0,1.5160248e+12,0.79000726,16.0,2400.0,0.50080546,0.0
6798,1.5160248e+12,0.00020676,0.00020748,0.00020515,0.00020515,4605.0,1.5160251e+12,0.94971363,39.0,1943.0,0.40219367,0.0
6799,1.5160251e+12,0.00020515,0.0002052,0.00020465,0.00020478,11126.0,1.5160254e+12,2.28217129,33.0,7613.0,1.56188359,0.0
6800,1.5160254e+12,0.00020477,0.00020713,0.00020463,0.00020664,6300.0,1.5160257e+12,1.29262409,31.0,3802.0,0.77894311,0.0
6801,1.5160257e+12,0.0002067,0.00020671,0.00020664,0.00020671,4270.0,1.516026e+12,0.88257779,19.0,3503.0,0.72408401,0.0
6802,1.516026e+12,0.00020665,0.00020688,0.00020664,0.00020664,1775.0,1.5160263e+12,0.36686271,13.0,459.0,0.09492347,0.0
6803,1.5160263e+12,0.00020664,0.00020664,0.00020444,0.00020445,2033.0,1.5160266e+12,0.41890275,17.0,189.0,0.03892738,0.0
6804,1.5160266e+12,0.0002065,0.0002065,0.00020239,0.00020453,1418.0,1.5160269e+12,0.29142794,23.0,1018.0,0.20987696,0.0
6805,1.5160269e+12,0.00020643,0.00020644,0.00020463,0.00020641,505.0,1.5160272e+12,0.10362881,6.0,161.0,0.03323503,0.0
6806,1.5160272e+12,0.00020503,0.00020687,0.000202,0.00020685,13597.0,1.5160275e+12,2.80221722,56.0,10577.0,2.1833367,0.0
6807,1.5160275e+12,0.000206,0.0002065,0.00020529,0.0002065,1879.0,1.5160278e+12,0.38708366,19.0,1052.0,0.21694659,0.0
6808,1.5160278e+12,0.0002066,0.00020687,0.00020651,0.00020687,1472.0,1.5160281e+12,0.30436054,15.0,1255.0,0.2595462,0.0
6809,1.5160281e+12,0.00020687,0.00020687,0.00020659,0.00020687,2747.0,1.5160284e+12,0.56812923,20.0,2184.0,0.45178136,0.0
6810,1.5160284e+12,0.00020687,0.00020687,0.00020662,0.00020663,5974.0,1.5160287e+12,1.23559631,31.0,5139.0,1.06306605,0.0
6811,1.5160287e+12,0.00020687,0.00021,0.00020687,0.00021,2021.0,1.516029e+12,0.4189109,17.0,2021.0,0.4189109,0.0
6812,1.516029e+12,0.00020999,0.00021003,0.00020909,0.00020981,1712.0,1.5160293e+12,0.35908863,15.0,1175.0,0.24671706,0.0
6813,1.5160293e+12,0.00020981,0.00021524,0.00020981,0.00021078,2229.0,1.5160296e+12,0.47588943,40.0,1220.0,0.25954766,0.0
6814,1.5160296e+12,0.0002092,0.00021243,0.00020911,0.00021199,7813.0,1.5160299e+12,1.63707625,28.0,2487.0,0.52170721,0.0
6815,1.5160299e+12,0.00020747,0.0002112,0.00020747,0.00021119,2713.0,1.5160302e+12,0.57198801,14.0,1662.0,0.35086852,0.0
6816,1.5160302e+12,0.0002111,0.00021698,0.00021094,0.000213,4017.0,1.5160305e+12,0.8613856,35.0,1935.0,0.41399583,0.0
6817,1.5160305e+12,0.00021496,0.00021659,0.00021303,0.00021652,2555.0,1.5160308e+12,0.54938431,13.0,1590.0,0.34378671,0.0
6818,1.5160308e+12,0.00021649,0.00021999,0.00021648,0.00021999,2120.0,1.5160311e+12,0.46095318,19.0,2023.0,0.43972921,0.0
6819,1.5160311e+12,0.00021999,0.00022038,0.00021784,0.00021792,10943.0,1.5160314e+12,2.40373884,54.0,5655.0,1.24471893,0.0
6820,1.5160314e+12,0.00021797,0.00021996,0.00021779,0.00021779,1303.0,1.5160317e+12,0.28575395,9.0,907.0,0.19950066,0.0
6821,1.5160317e+12,0.00021779,0.00021969,0.00021621,0.0002167,5281.0,1.516032e+12,1.1446141,27.0,1120.0,0.24280889,0.0
6822,1.516032e+12,0.00021629,0.00021669,0.00020856,0.00021354,2784.0,1.5160323e+12,0.59349657,24.0,1335.0,0.28542264,0.0
6823,1.5160323e+12,0.00021206,0.00021345,0.00021206,0.000213,1372.0,1.5160326e+12,0.29159354,8.0,317.0,0.06763712,0.0
6824,1.5160326e+12,0.000213,0.0002193,0.00021209,0.000215,2925.0,1.5160329e+12,0.62535098,17.0,2261.0,0.48390215,0.0
6825,1.5160329e+12,0.00021489,0.00021908,0.00021473,0.00021887,2242.0,1.5160332e+12,0.48409781,15.0,1550.0,0.33543553,0.0
6826,1.5160332e+12,0.00021887,0.0002193,0.00021706,0.00021733,6915.0,1.5160335e+12,1.51100004,25.0,4892.0,1.06964083,0.0
6827,1.5160335e+12,0.00021734,0.00021921,0.00021717,0.00021865,1609.0,1.5160338e+12,0.35157066,15.0,1365.0,0.2985414,0.0
6828,1.5160338e+12,0.00021661,0.00021864,0.0002122,0.00021547,4686.0,1.5160341e+12,1.00759229,29.0,2131.0,0.45978082,0.0
6829,1.5160341e+12,0.00021551,0.00021732,0.0002136,0.00021718,360.0,1.5160344e+12,0.07729595,6.0,40.0,0.00868748,0.0
6830,1.5160344e+12,0.00021683,0.00021733,0.0002145,0.00021519,667.0,1.5160347e+12,0.14446332,9.0,545.0,0.11822601,0.0
6831,1.5160347e+12,0.00021519,0.00021729,0.000215,0.00021726,1754.0,1.516035e+12,0.38058751,14.0,1530.0,0.33240057,0.0
6832,1.516035e+12,0.00021544,0.00021725,0.00021542,0.00021632,2734.0,1.5160353e+12,0.59097434,19.0,1380.0,0.29919249,0.0
6833,1.5160353e+12,0.00021547,0.00021633,0.00021547,0.00021632,3020.0,1.5160356e+12,0.65319459,10.0,384.0,0.08306688,0.0
6834,1.5160356e+12,0.00021628,0.00021628,0.00021,0.00021372,2492.0,1.5160359e+12,0.529433,24.0,902.0,0.19252292,0.0
6835,1.5160359e+12,0.00021364,0.00021452,0.0002135,0.00021452,592.0,1.5160362e+12,0.12651196,12.0,410.0,0.08765496,0.0
6836,1.5160362e+12,0.00021451,0.00021451,0.00021223,0.0002144,781.0,1.5160365e+12,0.16715088,10.0,596.0,0.12779757,0.0
6837,1.5160365e+12,0.00021398,0.0002145,0.00021263,0.00021263,2097.0,1.5160368e+12,0.44777071,17.0,1047.0,0.22438365,0.0
6838,1.5160368e+12,0.00021265,0.00021265,0.00021257,0.00021258,2445.0,1.5160371e+12,0.51982576,15.0,1107.0,0.23539536,0.0
6839,1.5160371e+12,0.00021257,0.00021499,0.00021,0.00021499,2073.0,1.5160374e+12,0.44063751,16.0,407.0,0.08677426,0.0
6840,1.5160374e+12,0.00021493,0.00021493,0.00021481,0.00021484,440.0,1.5160377e+12,0.09451841,8.0,60.0,0.01289061,0.0
6841,1.5160377e+12,0.00021481,0.00021867,0.00021481,0.00021489,2273.0,1.516038e+12,0.49041503,23.0,1931.0,0.41667939,0.0
6842,1.516038e+12,0.00021736,0.000219,0.00021535,0.000219,2087.0,1.5160383e+12,0.45518797,22.0,510.0,0.11135153,0.0
6843,1.5160383e+12,0.00021903,0.00022194,0.00021903,0.00021973,1853.0,1.5160386e+12,0.40768186,17.0,889.0,0.19635166,0.0
6844,1.5160386e+12,0.00021986,0.00022099,0.00021968,0.00022,3859.0,1.5160389e+12,0.84942274,17.0,1663.0,0.36640994,0.0
6845,1.5160389e+12,0.00021968,0.00022096,0.000217,0.00021874,3454.0,1.5160392e+12,0.75577316,24.0,1330.0,0.29190913,0.0
6846,1.5160392e+12,0.00021863,0.00021985,0.00021863,0.00021899,1280.0,1.5160395e+12,0.28032652,14.0,243.0,0.05330321,0.0
6847,1.5160395e+12,0.00021899,0.0002198,0.00021899,0.000219,1291.0,1.5160398e+12,0.28316896,20.0,683.0,0.15002045,0.0
6848,1.5160398e+12,0.000219,0.000219,0.000219,0.000219,1050.0,1.5160401e+12,0.22995,7.0,0.0,0.0,0.0
6849,1.5160401e+12,0.000219,0.000219,0.000219,0.000219,69.0,1.5160404e+12,0.015111,3.0,69.0,0.015111,0.0
6850,1.5160404e+12,0.000219,0.000219,0.00021899,0.00021899,189.0,1.5160407e+12,0.04139019,5.0,108.0,0.023652,0.0
6851,1.5160407e+12,0.00021896,0.00021897,0.000217,0.00021883,1172.0,1.516041e+12,0.25520837,13.0,467.0,0.10220311,0.0
6852,1.516041e+12,0.00021877,0.000219,0.0002186,0.000219,2452.0,1.5160413e+12,0.53666725,12.0,2355.0,0.51546233,0.0
6853,1.5160413e+12,0.00022022,0.000223,0.000219,0.000223,3213.0,1.5160416e+12,0.71277311,19.0,2968.0,0.65879693,0.0
6854,1.5160416e+12,0.000223,0.00022398,0.000217,0.00021712,12051.0,1.5160419e+12,2.67518332,74.0,2547.0,0.56885316,0.0
6855,1.5160419e+12,0.00021803,0.00022086,0.000218,0.000218,656.0,1.5160422e+12,0.1444093,9.0,534.0,0.117813,0.0
6856,1.5160422e+12,0.000218,0.00021801,0.00021558,0.00021558,834.0,1.5160425e+12,0.18118583,17.0,470.0,0.10216664,0.0
6857,1.5160425e+12,0.00021598,0.000222,0.00021598,0.000222,1069.0,1.5160428e+12,0.23171456,17.0,887.0,0.19223421,0.0
6858,1.5160428e+12,0.0002179,0.000222,0.0002179,0.000222,322.0,1.5160431e+12,0.07037108,3.0,50.0,0.0111,0.0
6859,1.5160431e+12,0.000222,0.000222,0.00021603,0.0002171,772.0,1.5160434e+12,0.16788937,7.0,0.0,0.0,0.0
6860,1.5160434e+12,0.00021725,0.00022222,0.0002171,0.00022222,2455.0,1.5160437e+12,0.54102561,24.0,1887.0,0.41734964,0.0
6861,1.5160437e+12,0.00022222,0.00022222,0.00021847,0.0002192,1699.0,1.516044e+12,0.37320555,16.0,211.0,0.04688775,0.0
6862,1.516044e+12,0.00021921,0.00021921,0.00021921,0.00021921,13.0,1.5160443e+12,0.00284973,2.0,0.0,0.0,0.0
6863,1.5160443e+12,0.0002192,0.0002192,0.00021602,0.00021616,1042.0,1.5160446e+12,0.22647405,17.0,398.0,0.08717385,0.0
6864,1.5160446e+12,0.00021616,0.00021858,0.00021614,0.00021616,773.0,1.5160449e+12,0.16739934,14.0,445.0,0.09642496,0.0
6865,1.5160449e+12,0.00021618,0.0002162,0.00021617,0.0002162,990.0,1.5160452e+12,0.21402915,7.0,722.0,0.15609324,0.0
6866,1.5160452e+12,0.0002162,0.00021904,0.0002162,0.00021904,1032.0,1.5160455e+12,0.22592666,6.0,1032.0,0.22592666,0.0
6867,1.5160455e+12,0.00021693,0.00021902,0.00021693,0.00021902,939.0,1.5160458e+12,0.20553942,10.0,891.0,0.1951182,0.0
6868,1.5160458e+12,0.00021902,0.00021902,0.00021749,0.00021813,991.0,1.5160461e+12,0.2164673,10.0,345.0,0.0755618,0.0
6869,1.5160461e+12,0.000219,0.000219,0.00021896,0.00021896,110.0,1.5160464e+12,0.024088,2.0,110.0,0.024088,0.0
6870,1.5160464e+12,0.00021811,0.00021831,0.00021602,0.000218,304.0,1.5160467e+12,0.0662645,8.0,15.0,0.00327,0.0
6871,1.5160467e+12,0.00021604,0.00021744,0.00021489,0.00021497,1453.0,1.516047e+12,0.31280937,14.0,857.0,0.18442394,0.0
6872,1.516047e+12,0.00021721,0.00021721,0.00020726,0.00021379,4020.0,1.5160473e+12,0.85198826,36.0,626.0,0.13319802,0.0
6873,1.5160473e+12,0.00020988,0.00021372,0.00020988,0.00021071,1743.0,1.5160476e+12,0.36751845,18.0,344.0,0.07309334,0.0
6874,1.5160476e+12,0.00021296,0.00021296,0.00021,0.0002123,792.0,1.5160479e+12,0.1666896,15.0,388.0,0.08184645,0.0
6875,1.5160479e+12,0.00021218,0.00021218,0.00021,0.00021173,1023.0,1.5160482e+12,0.21619652,12.0,715.0,0.15151518,0.0
6876,1.5160482e+12,0.00021,0.0002116,0.00021,0.00021146,1108.0,1.5160485e+12,0.23408126,8.0,926.0,0.19584092,0.0
6877,1.5160485e+12,0.00021144,0.00021144,0.00021007,0.00021015,2789.0,1.5160488e+12,0.58918886,12.0,2526.0,0.53392829,0.0
6878,1.5160488e+12,0.000211,0.00021142,0.000211,0.00021142,153.0,1.5160491e+12,0.03229224,7.0,153.0,0.03229224,0.0
6879,1.5160491e+12,0.00021142,0.00021144,0.00021036,0.00021143,573.0,1.5160494e+12,0.1211278,11.0,286.0,0.06046668,0.0
6880,1.5160494e+12,0.00021144,0.00021481,0.00021032,0.00021481,1816.0,1.5160497e+12,0.38514147,12.0,1777.0,0.37689643,0.0
6881,1.5160497e+12,0.00021481,0.00021679,0.00021166,0.00021679,1481.0,1.51605e+12,0.31791883,18.0,1167.0,0.25071489,0.0
6882,1.51605e+12,0.00021656,0.00021656,0.00021201,0.00021201,493.0,1.5160503e+12,0.1049124,3.0,88.0,0.01904835,0.0
6883,1.5160503e+12,0.00021514,0.00021514,0.0002102,0.00021348,383.0,1.5160506e+12,0.08158299,8.0,103.0,0.02202727,0.0
6884,1.5160506e+12,0.00021335,0.00021335,0.0002102,0.0002102,3065.0,1.5160509e+12,0.64602482,22.0,969.0,0.20493107,0.0
6885,1.5160509e+12,0.00021028,0.0002152,0.00021028,0.00021512,660.0,1.5160512e+12,0.14088409,9.0,434.0,0.09336024,0.0
6886,1.5160512e+12,0.0002151,0.00021512,0.00021083,0.00021482,1010.0,1.5160515e+12,0.2154144,12.0,555.0,0.11923808,0.0
6887,1.5160515e+12,0.00021511,0.00021734,0.00021239,0.00021724,709.0,1.5160518e+12,0.15359843,13.0,667.0,0.14467805,0.0
6888,1.5160518e+12,0.00021711,0.00021711,0.00021463,0.000215,1176.0,1.5160521e+12,0.25306581,11.0,288.0,0.06240801,0.0
6889,1.5160521e+12,0.0002148,0.0002148,0.00021075,0.00021099,542.0,1.5160524e+12,0.11459456,10.0,26.0,0.00557726,0.0
6890,1.5160524e+12,0.00021446,0.00021474,0.0002101,0.00021436,3579.0,1.5160527e+12,0.75554318,29.0,403.0,0.08625507,0.0
6891,1.5160527e+12,0.00021421,0.00021421,0.00021017,0.00021023,1731.0,1.516053e+12,0.36463655,10.0,195.0,0.04177095,0.0
6892,1.516053e+12,0.00021024,0.00021244,0.0002101,0.00021244,6784.0,1.5160533e+12,1.42561367,17.0,541.0,0.11392378,0.0
6893,1.5160533e+12,0.0002121,0.0002121,0.0002101,0.00021201,264.0,1.5160536e+12,0.05562393,7.0,60.0,0.0127211,0.0
6894,1.5160536e+12,0.00021196,0.00021197,0.00021196,0.00021197,98.0,1.5160539e+12,0.02077233,4.0,98.0,0.02077233,0.0
6895,1.5160539e+12,0.00021012,0.00021473,0.00021012,0.00021473,772.0,1.5160542e+12,0.16395107,16.0,355.0,0.07516602,0.0
6896,1.5160542e+12,0.00021256,0.00021301,0.00021256,0.00021301,82.0,1.5160545e+12,0.01743532,2.0,0.0,0.0,0.0
6897,1.5160545e+12,0.00021472,0.00021514,0.000213,0.00021514,4593.0,1.5160548e+12,0.98663235,30.0,3271.0,0.70317909,0.0
6898,1.5160548e+12,0.00021918,0.00021918,0.00021532,0.00021703,666.0,1.5160551e+12,0.14399815,6.0,31.0,0.00679458,0.0
6899,1.5160551e+12,0.00021708,0.000218,0.00021515,0.00021727,541.0,1.5160554e+12,0.1173262,28.0,99.0,0.02155194,0.0
6900,1.5160554e+12,0.00021514,0.00021576,0.00021514,0.00021576,463.0,1.5160557e+12,0.09983393,5.0,438.0,0.09445543,0.0
6901,1.5160557e+12,0.00021565,0.00021572,0.00021364,0.00021364,200.0,1.516056e+12,0.04301572,6.0,14.0,0.00302008,0.0
6902,1.516056e+12,0.00021553,0.00021553,0.00021359,0.00021359,651.0,1.5160563e+12,0.13970017,11.0,307.0,0.06599455,0.0
6903,1.5160563e+12,0.00021359,0.00021512,0.00021256,0.00021256,2541.0,1.5160566e+12,0.54162263,17.0,89.0,0.0191426,0.0
6904,1.5160566e+12,0.00021257,0.00021511,0.00021252,0.00021252,787.0,1.5160569e+12,0.16755514,11.0,99.0,0.02129589,0.0
6905,1.5160569e+12,0.00021511,0.00021513,0.00021511,0.00021512,556.0,1.5160572e+12,0.11960628,11.0,16.0,0.00344176,0.0
6906,1.5160572e+12,0.00021601,0.00021701,0.00021601,0.000217,4412.0,1.5160575e+12,0.9572775,3.0,0.0,0.0,0.0
6907,1.5160575e+12,0.000217,0.000217,0.00021699,0.00021699,825.0,1.5160578e+12,0.17902456,3.0,44.0,0.00954756,0.0
6908,1.5160578e+12,0.00021568,0.00021568,0.00021511,0.00021556,3634.0,1.5160581e+12,0.78226048,20.0,1211.0,0.26072522,0.0
6909,1.5160581e+12,0.00021554,0.00021554,0.00021549,0.00021549,29.0,1.5160584e+12,0.00625016,2.0,29.0,0.00625016,0.0
6910,1.5160584e+12,0.00021297,0.00021537,0.00021297,0.00021471,964.0,1.5160587e+12,0.2060055,11.0,510.0,0.10931701,0.0
6911,1.5160587e+12,0.000214,0.00021516,0.00021252,0.00021252,557.0,1.516059e+12,0.11942644,12.0,482.0,0.10334364,0.0
6912,1.516059e+12,0.00021263,0.00021474,0.00021251,0.00021473,1665.0,1.5160593e+12,0.35441283,23.0,1360.0,0.28956638,0.0
6913,1.5160593e+12,0.00021473,0.00021473,0.00021472,0.00021472,19.0,1.5160596e+12,0.0040798,3.0,19.0,0.0040798,0.0
6914,1.5160596e+12,0.00021472,0.00021472,0.00021121,0.00021458,3333.0,1.5160599e+12,0.70891777,9.0,1334.0,0.28624691,0.0
6915,1.5160599e+12,0.00021169,0.00021449,0.00021169,0.00021421,718.0,1.5160602e+12,0.15238173,11.0,333.0,0.07080881,0.0
6916,1.5160602e+12,0.0002149,0.0002149,0.00021189,0.00021189,131.0,1.5160605e+12,0.02784488,3.0,29.0,0.0062321,0.0
6917,1.5160605e+12,0.00021228,0.00021228,0.0002112,0.00021202,1945.0,1.5160608e+12,0.41155184,8.0,51.0,0.01081952,0.0
6918,1.5160608e+12,0.00021118,0.00021195,0.00021101,0.00021108,384.0,1.5160611e+12,0.08105457,7.0,21.0,0.00445035,0.0
6919,1.5160611e+12,0.00021108,0.00021108,0.00021108,0.00021108,0.0,1.5160614e+12,0.0,0.0,0.0,0.0,0.0
6920,1.5160614e+12,0.00021108,0.000212,0.0002101,0.0002101,6629.0,1.5160617e+12,1.39510637,19.0,306.0,0.06485414,0.0
6921,1.5160617e+12,0.0002101,0.00021198,0.000207,0.00020701,3475.0,1.516062e+12,0.72788084,28.0,1199.0,0.25326421,0.0
6922,1.516062e+12,0.00020702,0.00020703,0.000205,0.000205,14209.0,1.5160623e+12,2.93277827,41.0,6118.0,1.26115019,0.0
6923,1.5160623e+12,0.0002065,0.0002065,0.00020204,0.00020204,3680.0,1.5160626e+12,0.75055121,15.0,1649.0,0.33743554,0.0
6924,1.5160626e+12,0.00020207,0.00020207,0.0002,0.00020002,6011.0,1.5160629e+12,1.20738677,55.0,2318.0,0.46745969,0.0
6925,1.5160629e+12,0.00020008,0.00020008,0.0001999,0.00019997,21650.0,1.5160632e+12,4.3299745,47.0,1770.0,0.35384872,0.0
6926,1.5160632e+12,0.00019994,0.00019994,0.0001976,0.0001976,1519.0,1.5160635e+12,0.30214663,16.0,1116.0,0.22207642,0.0
6927,1.5160635e+12,0.000198,0.00019892,0.00019561,0.00019712,3322.0,1.5160638e+12,0.65606426,25.0,3097.0,0.61194012,0.0
6928,1.5160638e+12,0.00019705,0.0001971,0.00019216,0.00019493,8389.0,1.5160641e+12,1.63409315,56.0,3460.0,0.67599155,0.0
6929,1.5160641e+12,0.00019452,0.000195,0.00019452,0.000195,2273.0,1.5160644e+12,0.44289719,15.0,1643.0,0.3203459,0.0
6930,1.5160644e+12,0.000195,0.00019712,0.0001928,0.00019646,11503.0,1.5160647e+12,2.24151132,38.0,7303.0,1.42806683,0.0
6931,1.5160647e+12,0.00019646,0.00019646,0.00018925,0.00019106,11779.0,1.516065e+12,2.26582199,46.0,2074.0,0.40301739,0.0
6932,1.516065e+12,0.00018941,0.00019333,0.00018941,0.00019326,5268.0,1.5160653e+12,1.01394654,28.0,4726.0,0.91121167,0.0
6933,1.5160653e+12,0.000193,0.00019326,0.00019222,0.00019222,5984.0,1.5160656e+12,1.15383134,19.0,4393.0,0.84777077,0.0
6934,1.5160656e+12,0.00019223,0.00019612,0.00019223,0.00019612,1685.0,1.5160659e+12,0.32410924,6.0,1655.0,0.31833874,0.0
6935,1.5160659e+12,0.0001928,0.000194,0.0001928,0.0001931,5612.0,1.5160662e+12,1.08418227,28.0,2527.0,0.48837701,0.0
6936,1.5160662e+12,0.0001931,0.0001931,0.00018888,0.00018888,24055.0,1.5160665e+12,4.61342774,59.0,3569.0,0.67911924,0.0
6937,1.5160665e+12,0.00018888,0.00019089,0.00018633,0.00018885,7111.0,1.5160668e+12,1.33746313,36.0,4223.0,0.79333769,0.0
6938,1.5160668e+12,0.00018885,0.00019058,0.00018671,0.00019033,5361.0,1.5160671e+12,1.00976757,32.0,1175.0,0.22342266,0.0
6939,1.5160671e+12,0.00018784,0.000197,0.00018684,0.00019624,8348.0,1.5160674e+12,1.62471168,41.0,6321.0,1.24023721,0.0
6940,1.5160674e+12,0.00019696,0.00019712,0.0001948,0.00019513,5362.0,1.5160677e+12,1.0566339,6.0,5288.0,1.04219824,0.0
6941,1.5160677e+12,0.00019707,0.00019712,0.00018632,0.00018976,22456.0,1.516068e+12,4.30602648,75.0,8539.0,1.63202352,0.0
6942,1.516068e+12,0.00018974,0.0001941,0.00018974,0.00019398,3089.0,1.5160683e+12,0.59743607,27.0,1291.0,0.24936848,0.0
6943,1.5160683e+12,0.00019398,0.00019464,0.00019052,0.00019454,2833.0,1.5160686e+12,0.55009668,14.0,2291.0,0.44567801,0.0
6944,1.5160686e+12,0.00019454,0.0001951,0.00019454,0.0001951,2586.0,1.5160689e+12,0.50377052,12.0,1400.0,0.27248034,0.0
6945,1.5160689e+12,0.00019644,0.00019712,0.00019644,0.00019711,4783.0,1.5160692e+12,0.94261627,17.0,3418.0,0.67357074,0.0
6946,1.5160692e+12,0.00019534,0.00019701,0.0001944,0.00019639,5467.0,1.5160695e+12,1.06834784,24.0,4348.0,0.8497866,0.0
6947,1.5160695e+12,0.00019431,0.00019483,0.0001943,0.0001948,4028.0,1.5160698e+12,0.78441063,9.0,1189.0,0.23145073,0.0
6948,1.5160698e+12,0.0001948,0.0001948,0.00019077,0.00019362,3180.0,1.5160701e+12,0.61172687,31.0,629.0,0.12192494,0.0
6949,1.5160701e+12,0.00019414,0.00019463,0.00019268,0.00019463,322.0,1.5160704e+12,0.06215834,6.0,75.0,0.01456638,0.0
6950,1.5160704e+12,0.00019414,0.00019583,0.00019414,0.00019583,910.0,1.5160707e+12,0.17677135,9.0,120.0,0.023358,0.0
6951,1.5160707e+12,0.00019583,0.00019618,0.00019583,0.00019618,1134.0,1.516071e+12,0.22212244,5.0,139.0,0.02726202,0.0
6952,1.516071e+12,0.00019605,0.00019605,0.00019583,0.00019584,3078.0,1.5160713e+12,0.6028393,7.0,1261.0,0.24699878,0.0
6953,1.5160713e+12,0.00019584,0.00019584,0.00019439,0.00019439,3774.0,1.5160716e+12,0.73890896,13.0,2916.0,0.57101744,0.0
6954,1.5160716e+12,0.00019584,0.00019658,0.00019584,0.00019584,1248.0,1.5160719e+12,0.24477882,10.0,848.0,0.16641642,0.0
6955,1.5160719e+12,0.0001966,0.0001966,0.00019589,0.00019589,38.0,1.5160722e+12,0.00745305,2.0,38.0,0.00745305,0.0
6956,1.5160722e+12,0.00019589,0.00019705,0.00019586,0.00019685,1191.0,1.5160725e+12,0.23391863,9.0,862.0,0.16947744,0.0
6957,1.5160725e+12,0.00019685,0.00019707,0.00019594,0.00019627,2053.0,1.5160728e+12,0.40282677,17.0,871.0,0.17121569,0.0
6958,1.5160728e+12,0.00019627,0.00019711,0.00019602,0.00019616,3937.0,1.5160731e+12,0.77460902,24.0,2766.0,0.54490742,0.0
6959,1.5160731e+12,0.00019618,0.00019618,0.00019451,0.00019608,6905.0,1.5160734e+12,1.35330544,17.0,546.0,0.10709304,0.0
6960,1.5160734e+12,0.00019459,0.00019608,0.00019458,0.00019573,3192.0,1.5160737e+12,0.62315492,15.0,2081.0,0.40697071,0.0
6961,1.5160737e+12,0.00019573,0.00019711,0.00019573,0.00019711,6041.0,1.516074e+12,1.18781206,9.0,5785.0,1.1376321,0.0
6962,1.516074e+12,0.00019711,0.00019711,0.000196,0.0001971,2473.0,1.5160743e+12,0.48695141,8.0,2205.0,0.43439678,0.0
6963,1.5160743e+12,0.0001968,0.0001971,0.00019575,0.000197,1765.0,1.5160746e+12,0.34736795,12.0,484.0,0.0953882,0.0
6964,1.5160746e+12,0.00019708,0.00019708,0.00019708,0.00019708,139.0,1.5160749e+12,0.02739412,1.0,139.0,0.02739412,0.0
6965,1.5160749e+12,0.00019708,0.0001971,0.00019708,0.0001971,209.0,1.5160752e+12,0.0411935,2.0,209.0,0.0411935,0.0
6966,1.5160752e+12,0.0001962,0.0001971,0.00019596,0.000196,341.0,1.5160755e+12,0.06696322,5.0,111.0,0.0218781,0.0
6967,1.5160755e+12,0.00019575,0.0001959,0.00019575,0.0001959,1004.0,1.5160758e+12,0.19663502,5.0,0.0,0.0,0.0
6968,1.5160758e+12,0.000196,0.000196,0.0001959,0.00019599,600.0,1.5160761e+12,0.11758851,9.0,600.0,0.11758851,0.0
6969,1.5160761e+12,0.00019575,0.00019575,0.00019437,0.00019569,1656.0,1.5160764e+12,0.32398924,11.0,314.0,0.06133739,0.0
6970,1.5160764e+12,0.00019535,0.00019573,0.00019265,0.00019572,304.0,1.5160767e+12,0.05880735,9.0,41.0,0.00802202,0.0
6971,1.5160767e+12,0.00019351,0.00019401,0.0001935,0.000194,1382.0,1.516077e+12,0.26788599,8.0,30.0,0.00581824,0.0
6972,1.516077e+12,0.000194,0.00019561,0.00019253,0.00019561,1193.0,1.5160773e+12,0.2305956,15.0,159.0,0.0309312,0.0
6973,1.5160773e+12,0.00019458,0.00019458,0.00019361,0.00019361,420.0,1.5160776e+12,0.0816898,8.0,404.0,0.07859204,0.0
6974,1.5160776e+12,0.00019361,0.0001938,0.00019361,0.0001938,152.0,1.5160779e+12,0.02943309,3.0,125.0,0.02420125,0.0
6975,1.5160779e+12,0.0001938,0.00019458,0.0001938,0.00019458,177.0,1.5160782e+12,0.03439308,2.0,116.0,0.02257128,0.0
6976,1.5160782e+12,0.0001938,0.00019458,0.0001938,0.0001938,862.0,1.5160785e+12,0.16709538,8.0,51.0,0.00992358,0.0
6977,1.5160785e+12,0.0001938,0.0001938,0.0001938,0.0001938,21.0,1.5160788e+12,0.0040698,1.0,0.0,0.0,0.0
6978,1.5160788e+12,0.00019458,0.00019459,0.00019268,0.00019458,156.0,1.5160791e+12,0.03029944,8.0,124.0,0.02412744,0.0
6979,1.5160791e+12,0.00019321,0.00019457,0.000193,0.00019457,1559.0,1.5160794e+12,0.30133069,10.0,126.0,0.02451582,0.0
6980,1.5160794e+12,0.00019431,0.00019431,0.00019431,0.00019431,624.0,1.5160797e+12,0.12124944,2.0,624.0,0.12124944,0.0
6981,1.5160797e+12,0.00019422,0.00019422,0.00019299,0.00019299,825.0,1.51608e+12,0.15931818,8.0,298.0,0.0576093,0.0
6982,1.51608e+12,0.00019349,0.00019349,0.0001933,0.0001933,538.0,1.5160803e+12,0.10409078,11.0,527.0,0.10196448,0.0
6983,1.5160803e+12,0.0001933,0.0001933,0.00019058,0.00019106,748.0,1.5160806e+12,0.14363862,8.0,59.0,0.01136446,0.0
6984,1.5160806e+12,0.00019083,0.00019083,0.00018807,0.00018807,12888.0,1.5160809e+12,2.44844461,24.0,10035.0,1.90652822,0.0
6985,1.5160809e+12,0.0001885,0.0001885,0.00018808,0.00018808,1199.0,1.5160812e+12,0.22555347,5.0,0.0,0.0,0.0
6986,1.5160812e+12,0.00018957,0.00019069,0.00018951,0.00019069,33434.0,1.5160815e+12,6.35451985,35.0,30809.0,5.85441535,0.0
6987,1.5160815e+12,0.0001907,0.00019077,0.00019067,0.00019067,58.0,1.5160818e+12,0.0110611,4.0,30.0,0.0057201,0.0
6988,1.5160818e+12,0.00019104,0.00019106,0.00018724,0.00018897,5503.0,1.5160821e+12,1.04210467,17.0,2165.0,0.4128115,0.0
6989,1.5160821e+12,0.00018871,0.00018872,0.00018723,0.00018733,3403.0,1.5160824e+12,0.64088773,9.0,2411.0,0.45455625,0.0
6990,1.5160824e+12,0.0001875,0.00018761,0.0001875,0.00018752,3366.0,1.5160827e+12,0.63125483,23.0,1060.0,0.1987924,0.0
6991,1.5160827e+12,0.0001875,0.00018751,0.00018733,0.00018751,2755.0,1.516083e+12,0.516344,19.0,311.0,0.05831561,0.0
6992,1.516083e+12,0.00018736,0.00018736,0.0001863,0.00018631,2207.0,1.5160833e+12,0.41342926,23.0,496.0,0.09292754,0.0
6993,1.5160833e+12,0.00018631,0.000187,0.00018631,0.000187,283.0,1.5160836e+12,0.05276161,5.0,52.0,0.009724,0.0
6994,1.5160836e+12,0.0001863,0.000187,0.000184,0.00018569,4787.0,1.5160839e+12,0.8873214,31.0,1432.0,0.26538485,0.0
6995,1.5160839e+12,0.00018569,0.0001876,0.00018567,0.0001876,1361.0,1.5160842e+12,0.25328488,18.0,1157.0,0.21505364,0.0
6996,1.5160842e+12,0.0001876,0.00018765,0.00018759,0.00018761,208.0,1.5160845e+12,0.03902075,8.0,183.0,0.03433002,0.0
6997,1.5160845e+12,0.00018767,0.00018767,0.00018731,0.00018731,3969.0,1.5160848e+12,0.7445865,11.0,123.0,0.02304023,0.0
6998,1.5160848e+12,0.00018542,0.00018701,0.00018501,0.00018701,927.0,1.5160851e+12,0.17159054,4.0,11.0,0.00205711,0.0
6999,1.5160851e+12,0.00018684,0.0001876,0.00018507,0.00018566,7098.0,1.5160854e+12,1.3266971,32.0,6655.0,1.24470696,0.0
7000,1.5160854e+12,0.00018603,0.00018759,0.00018603,0.00018757,769.0,1.5160857e+12,0.14369428,15.0,388.0,0.07277907,0.0
7001,1.5160857e+12,0.0001876,0.00018783,0.0001876,0.00018783,1780.0,1.516086e+12,0.33404508,14.0,998.0,0.18722844,0.0
7002,1.516086e+12,0.00018762,0.00018948,0.00018762,0.00018819,1128.0,1.5160863e+12,0.2132556,17.0,868.0,0.16446864,0.0
7003,1.5160863e+12,0.00018833,0.00018833,0.00018803,0.00018803,796.0,1.5160866e+12,0.14973091,4.0,0.0,0.0,0.0
7004,1.5160866e+12,0.00018803,0.00018803,0.000188,0.000188,301.0,1.5160869e+12,0.0565895,6.0,0.0,0.0,0.0
7005,1.5160869e+12,0.000188,0.000188,0.000184,0.00018401,3603.0,1.5160872e+12,0.67169317,26.0,80.0,0.0148872,0.0
7006,1.5160872e+12,0.000184,0.00018469,0.00018201,0.00018212,1951.0,1.5160875e+12,0.35660166,234.0,246.0,0.04498393,0.0
7007,1.5160875e+12,0.00018212,0.00018449,0.00018212,0.00018438,1150.0,1.5160878e+12,0.21206178,6.0,1150.0,0.21206178,0.0
7008,1.5160878e+12,0.00018436,0.00018436,0.00018001,0.00018278,13481.0,1.5160881e+12,2.44431301,37.0,357.0,0.06532089,0.0
7009,1.5160881e+12,0.00018278,0.00018278,0.00018001,0.00018264,1238.0,1.5160884e+12,0.22397479,10.0,381.0,0.06963134,0.0
7010,1.5160884e+12,0.000181,0.00018227,0.00018005,0.00018005,1916.0,1.5160887e+12,0.34662214,14.0,209.0,0.03806799,0.0
7011,1.5160887e+12,0.0001805,0.00018194,0.00018005,0.00018187,6243.0,1.516089e+12,1.12745622,31.0,4215.0,0.76207287,0.0
7012,1.516089e+12,0.00018178,0.00018178,0.00018001,0.00018097,5506.0,1.5160893e+12,0.99135569,9.0,51.0,0.00923838,0.0
7013,1.5160893e+12,0.00018001,0.00018002,0.00017457,0.00017557,18158.0,1.5160896e+12,3.25025772,55.0,3205.0,0.56887472,0.0
7014,1.5160896e+12,0.00017457,0.00017512,0.00017101,0.00017198,7233.0,1.5160899e+12,1.24861736,46.0,404.0,0.06971488,0.0
7015,1.5160899e+12,0.0001715,0.00017512,0.00017103,0.0001751,5380.0,1.5160902e+12,0.93461963,37.0,3766.0,0.65345268,0.0
7016,1.5160902e+12,0.00017509,0.00017511,0.00017,0.00017,9898.0,1.5160905e+12,1.70576526,38.0,1879.0,0.32791501,0.0
7017,1.5160905e+12,0.00017001,0.00017001,0.00016603,0.0001663,39242.0,1.5160908e+12,6.56805757,83.0,27846.0,4.66665194,0.0
7018,1.5160908e+12,0.00016629,0.00016998,0.00016621,0.00016748,13095.0,1.5160911e+12,2.19484796,50.0,9610.0,1.6128127,0.0
7019,1.5160911e+12,0.00016747,0.00017115,0.00016666,0.00016686,6579.0,1.5160914e+12,1.10306307,44.0,3591.0,0.60207905,0.0
7020,1.5160914e+12,0.00016686,0.00016688,0.00016004,0.00016403,9140.0,1.5160917e+12,1.50040385,54.0,3627.0,0.59431651,0.0
7021,1.5160917e+12,0.00016506,0.00016626,0.00016002,0.00016299,12270.0,1.516092e+12,2.00358909,54.0,1126.0,0.18543625,0.0
7022,1.516092e+12,0.00016203,0.00016203,0.00016002,0.00016005,15441.0,1.5160923e+12,2.47372957,46.0,9613.0,1.53857468,0.0
7023,1.5160923e+12,0.00016005,0.000164,0.00016003,0.00016269,8539.0,1.5160926e+12,1.37923126,41.0,5490.0,0.8869601,0.0
7024,1.5160926e+12,0.00016269,0.00017194,0.00016269,0.00017194,10141.0,1.5160929e+12,1.69076367,49.0,2584.0,0.43130784,0.0
7025,1.5160929e+12,0.00016813,0.00016925,0.00016596,0.000166,907.0,1.5160932e+12,0.15157105,21.0,451.0,0.07486145,0.0
7026,1.5160932e+12,0.000166,0.00016812,0.00016446,0.00016447,2509.0,1.5160935e+12,0.41578461,33.0,436.0,0.07258642,0.0
7027,1.5160935e+12,0.00016457,0.00016663,0.00016447,0.00016663,981.0,1.5160938e+12,0.16146543,8.0,30.0,0.0049989,0.0
7028,1.5160938e+12,0.00016632,0.00016632,0.0001661,0.00016612,1924.0,1.5160941e+12,0.31962796,22.0,1405.0,0.23341109,0.0
7029,1.5160941e+12,0.00016458,0.0001663,0.00016019,0.00016019,11119.0,1.5160944e+12,1.80812593,41.0,2751.0,0.45165397,0.0
7030,1.5160944e+12,0.0001602,0.000163,0.0001602,0.00016036,4812.0,1.5160947e+12,0.78209339,25.0,3306.0,0.5385617,0.0
7031,1.5160947e+12,0.00016057,0.00016279,0.0001604,0.0001611,3398.0,1.516095e+12,0.54953963,30.0,2069.0,0.33568919,0.0
7032,1.516095e+12,0.0001611,0.00016113,0.00016041,0.00016113,1640.0,1.5160953e+12,0.26381646,28.0,1346.0,0.21665592,0.0
7033,1.5160953e+12,0.00016113,0.00016113,0.000155,0.00015941,9207.0,1.5160956e+12,1.4575773,38.0,2096.0,0.33702146,0.0
7034,1.5160956e+12,0.00016049,0.00016107,0.000159,0.00016,4765.0,1.5160959e+12,0.76291379,20.0,1675.0,0.26827969,0.0
7035,1.5160959e+12,0.0001605,0.0001605,0.00015851,0.00015854,5101.0,1.5160962e+12,0.81211545,18.0,1055.0,0.16931294,0.0
7036,1.5160962e+12,0.00015854,0.00015854,0.00015631,0.0001585,4455.0,1.5160965e+12,0.70341002,31.0,3163.0,0.50004229,0.0
7037,1.5160965e+12,0.00015852,0.00016085,0.00015852,0.00015914,3654.0,1.5160968e+12,0.5823035,24.0,1742.0,0.27855347,0.0
7038,1.5160968e+12,0.00016007,0.00016007,0.00015914,0.00015948,1826.0,1.5160971e+12,0.29109836,14.0,1355.0,0.2161424,0.0
7039,1.5160971e+12,0.0001595,0.000163,0.00015916,0.0001618,10692.0,1.5160974e+12,1.7139168,32.0,6294.0,1.01224023,0.0
7040,1.5160974e+12,0.000162,0.0001662,0.000162,0.00016484,3052.0,1.5160977e+12,0.50337628,20.0,1110.0,0.18358858,0.0
7041,1.5160977e+12,0.00016417,0.00016417,0.00016402,0.00016402,5991.0,1.516098e+12,0.98330412,19.0,4002.0,0.65700834,0.0
7042,1.516098e+12,0.00016417,0.00016561,0.00016402,0.00016405,3426.0,1.5160983e+12,0.5623372,28.0,480.0,0.07883275,0.0
7043,1.5160983e+12,0.00016405,0.00016405,0.00015916,0.00015916,5617.0,1.5160986e+12,0.90605774,14.0,0.0,0.0,0.0
7044,1.5160986e+12,0.00016148,0.0001624,0.00016034,0.00016165,1797.0,1.5160989e+12,0.29036283,23.0,1520.0,0.24572455,0.0
7045,1.5160989e+12,0.00016053,0.0001635,0.00016053,0.00016221,2962.0,1.5160992e+12,0.48334194,15.0,1818.0,0.29693707,0.0
7046,1.5160992e+12,0.00016347,0.00016702,0.00016347,0.000166,4074.0,1.5160995e+12,0.67147158,29.0,3459.0,0.57054273,0.0
7047,1.5160995e+12,0.00016431,0.00016674,0.00016431,0.00016673,1998.0,1.5160998e+12,0.33165784,22.0,1572.0,0.26117299,0.0
7048,1.5160998e+12,0.00016724,0.00016879,0.00016681,0.00016681,2582.0,1.5161001e+12,0.43458411,22.0,213.0,0.0358729,0.0
7049,1.5161001e+12,0.00016937,0.00016937,0.00016688,0.00016692,1356.0,1.5161004e+12,0.22805971,17.0,1241.0,0.20886652,0.0
7050,1.5161004e+12,0.00016682,0.00016691,0.00016665,0.0001668,576.0,1.5161007e+12,0.09610085,14.0,269.0,0.04489439,0.0
7051,1.5161007e+12,0.0001667,0.00016892,0.0001667,0.00016733,1877.0,1.516101e+12,0.31363017,12.0,1050.0,0.17527877,0.0
7052,1.516101e+12,0.00016837,0.00017099,0.00016825,0.00016999,3137.0,1.5161013e+12,0.53231069,28.0,2307.0,0.39153535,0.0
7053,1.5161013e+12,0.00016848,0.00017151,0.00016847,0.00017151,3450.0,1.5161016e+12,0.58737161,17.0,2550.0,0.43436627,0.0
7054,1.5161016e+12,0.00017214,0.00017565,0.00017153,0.00017161,4099.0,1.5161019e+12,0.70947998,41.0,616.0,0.10609949,0.0
7055,1.5161019e+12,0.00017288,0.00017288,0.0001694,0.00017114,5046.0,1.5161022e+12,0.86462086,25.0,2566.0,0.4396684,0.0
7056,1.5161022e+12,0.00016941,0.0001707,0.00016863,0.00016895,1516.0,1.5161025e+12,0.25709651,27.0,1388.0,0.23545785,0.0
7057,1.5161025e+12,0.000168,0.00016883,0.000168,0.00016876,1621.0,1.5161028e+12,0.27318999,9.0,1141.0,0.19253249,0.0
7058,1.5161028e+12,0.00016876,0.00017153,0.00016876,0.00017153,1353.0,1.5161031e+12,0.23172559,14.0,1225.0,0.20991567,0.0
7059,1.5161031e+12,0.00017153,0.00017402,0.00017153,0.00017401,2693.0,1.5161034e+12,0.46622262,29.0,2145.0,0.37090201,0.0
7060,1.5161034e+12,0.00017543,0.00017548,0.00017162,0.00017181,4748.0,1.5161037e+12,0.81886569,25.0,1284.0,0.22242835,0.0
7061,1.5161037e+12,0.0001716,0.00017299,0.0001716,0.00017299,11479.0,1.516104e+12,1.98411054,27.0,11465.0,1.98170814,0.0
7062,1.516104e+12,0.00017294,0.00017424,0.00017201,0.00017424,1141.0,1.5161043e+12,0.19746504,7.0,1033.0,0.17869867,0.0
7063,1.5161043e+12,0.00017548,0.00017967,0.00017428,0.0001745,10573.0,1.5161046e+12,1.8477653,25.0,634.0,0.11216221,0.0
7064,1.5161046e+12,0.00017451,0.00017588,0.00017428,0.00017569,6884.0,1.5161049e+12,1.20368252,19.0,3088.0,0.54181714,0.0
7065,1.5161049e+12,0.00017555,0.00017555,0.00017435,0.00017492,1500.0,1.5161052e+12,0.26250857,16.0,622.0,0.1088389,0.0
7066,1.5161052e+12,0.00017491,0.00017491,0.00017159,0.00017159,3450.0,1.5161055e+12,0.60057799,16.0,466.0,0.08124521,0.0
7067,1.5161055e+12,0.00017162,0.00017351,0.000171,0.00017325,6034.0,1.5161058e+12,1.04165377,19.0,3838.0,0.66504858,0.0
7068,1.5161058e+12,0.00017321,0.00017322,0.00017188,0.00017317,1814.0,1.5161061e+12,0.31305222,13.0,1003.0,0.17365598,0.0
7069,1.5161061e+12,0.00017315,0.00017315,0.00017311,0.00017315,4228.0,1.5161064e+12,0.73202446,10.0,3717.0,0.64354992,0.0
7070,1.5161064e+12,0.00017315,0.00017316,0.000172,0.00017216,12044.0,1.5161067e+12,2.0772764,37.0,6236.0,1.07799542,0.0
7071,1.5161067e+12,0.00017216,0.00017216,0.0001693,0.00017197,2106.0,1.516107e+12,0.35955592,24.0,744.0,0.12685238,0.0
7072,1.516107e+12,0.00017196,0.00017196,0.00017067,0.00017196,1467.0,1.5161073e+12,0.25226403,7.0,1466.0,0.25209336,0.0
7073,1.5161073e+12,0.00017195,0.00017196,0.00017092,0.00017094,5086.0,1.5161076e+12,0.87151263,7.0,2112.0,0.36316696,0.0
7074,1.5161076e+12,0.00017049,0.000175,0.0001676,0.00017499,14704.0,1.5161079e+12,2.51456899,46.0,9102.0,1.56069946,0.0
7075,1.5161079e+12,0.00017206,0.0001765,0.00017206,0.0001765,6154.0,1.5161082e+12,1.07680915,27.0,5439.0,0.95190354,0.0
7076,1.5161082e+12,0.00017649,0.00017998,0.00017649,0.00017677,3212.0,1.5161085e+12,0.57067205,26.0,2723.0,0.48415228,0.0
7077,1.5161085e+12,0.00017739,0.00017741,0.00017738,0.0001774,1005.0,1.5161088e+12,0.17827449,5.0,0.0,0.0,0.0
7078,1.5161088e+12,0.00017738,0.00017738,0.000175,0.000175,1956.0,1.5161091e+12,0.34288559,11.0,593.0,0.1041004,0.0
7079,1.5161091e+12,0.00017707,0.00017712,0.00017354,0.0001755,4859.0,1.5161094e+12,0.85498134,32.0,4099.0,0.72301669,0.0
7080,1.5161094e+12,0.00017638,0.00017882,0.00017638,0.000177,5298.0,1.5161097e+12,0.93752813,23.0,2708.0,0.47839735,0.0
7081,1.5161097e+12,0.00017505,0.00017669,0.00017504,0.00017657,2487.0,1.51611e+12,0.43732873,13.0,1885.0,0.331375,0.0
7082,1.51611e+12,0.00017504,0.00018362,0.00017215,0.00018362,4466.0,1.5161103e+12,0.78867942,29.0,3800.0,0.67306662,0.0
7083,1.5161103e+12,0.00017554,0.0001805,0.00017552,0.00017638,3142.0,1.5161106e+12,0.55540915,27.0,500.0,0.08960676,0.0
7084,1.5161106e+12,0.00017632,0.00017632,0.00017213,0.0001727,2085.0,1.5161109e+12,0.36371135,19.0,932.0,0.16369461,0.0
7085,1.5161109e+12,0.00017265,0.00017265,0.00016708,0.00017033,8232.0,1.5161112e+12,1.40044707,46.0,3882.0,0.66068876,0.0
7086,1.5161112e+12,0.000169,0.00017054,0.00016627,0.00016767,3315.0,1.5161115e+12,0.5559669,24.0,446.0,0.07578427,0.0
7087,1.5161115e+12,0.00016773,0.00017,0.00016767,0.00017,1998.0,1.5161118e+12,0.33526287,16.0,623.0,0.10463334,0.0
7088,1.5161118e+12,0.00017001,0.00017014,0.00017001,0.00017014,1054.0,1.5161121e+12,0.17929504,7.0,762.0,0.12964668,0.0
7089,1.5161121e+12,0.00017009,0.00017438,0.00016978,0.00017109,681.0,1.5161124e+12,0.11585456,13.0,640.0,0.10886234,0.0
7090,1.5161124e+12,0.00017217,0.00017448,0.00017114,0.00017448,6068.0,1.5161127e+12,1.05493365,16.0,5308.0,0.92461509,0.0
7091,1.5161127e+12,0.00017441,0.00017824,0.00017266,0.00017266,7323.0,1.516113e+12,1.27207269,32.0,3152.0,0.54993205,0.0
7092,1.516113e+12,0.00017266,0.00017442,0.00017266,0.00017266,3800.0,1.5161133e+12,0.65832556,14.0,1006.0,0.17509888,0.0
7093,1.5161133e+12,0.00017288,0.00017432,0.00017266,0.00017432,2708.0,1.5161136e+12,0.46807048,17.0,2471.0,0.42714206,0.0
7094,1.5161136e+12,0.00017431,0.00017432,0.00017303,0.0001731,2819.0,1.5161139e+12,0.49050335,21.0,1810.0,0.31548485,0.0
7095,1.5161139e+12,0.00017367,0.00017367,0.00017311,0.00017311,3758.0,1.5161142e+12,0.65077483,10.0,126.0,0.02187922,0.0
7096,1.5161142e+12,0.00017312,0.00017476,0.00017311,0.00017476,7591.0,1.5161145e+12,1.31421807,15.0,6298.0,1.09031824,0.0
7097,1.5161145e+12,0.00017475,0.00017763,0.00017381,0.00017763,11902.0,1.5161148e+12,2.08862676,23.0,10793.0,1.89493531,0.0
7098,1.5161148e+12,0.00017764,0.00017882,0.00017603,0.00017882,6708.0,1.5161151e+12,1.18317985,18.0,4641.0,0.81879443,0.0
7099,1.5161151e+12,0.00017882,0.00018199,0.00017821,0.0001819,12764.0,1.5161154e+12,2.30568598,58.0,8953.0,1.61745747,0.0
7100,1.5161154e+12,0.0001818,0.000182,0.00018001,0.00018014,8749.0,1.5161157e+12,1.58680128,28.0,5022.0,0.91239704,0.0
7101,1.5161157e+12,0.00018036,0.00018298,0.00018021,0.00018201,4810.0,1.516116e+12,0.87097852,20.0,3264.0,0.59181896,0.0
7102,1.516116e+12,0.000182,0.00018338,0.00018023,0.00018023,3227.0,1.5161163e+12,0.58680493,20.0,1181.0,0.21506052,0.0
7103,1.5161163e+12,0.0001812,0.00018336,0.00018022,0.00018157,3175.0,1.5161166e+12,0.57916974,20.0,2009.0,0.36682816,0.0
7104,1.5161166e+12,0.00018324,0.0001833,0.00018089,0.0001833,4634.0,1.5161169e+12,0.84669977,22.0,1822.0,0.33376381,0.0
7105,1.5161169e+12,0.0001833,0.0001863,0.0001833,0.00018509,4665.0,1.5161172e+12,0.8610166,24.0,2799.0,0.51718309,0.0
7106,1.5161172e+12,0.00018517,0.00018759,0.000183,0.00018577,25086.0,1.5161175e+12,4.64630857,61.0,5298.0,0.98630853,0.0
7107,1.5161175e+12,0.00018433,0.00018577,0.00018001,0.000183,8988.0,1.5161178e+12,1.65536682,37.0,2003.0,0.36845085,0.0
7108,1.5161178e+12,0.00018394,0.00018394,0.00018231,0.00018381,222.0,1.5161181e+12,0.04075273,6.0,179.0,0.03290908,0.0
7109,1.5161181e+12,0.00018379,0.00018659,0.00018379,0.00018655,6549.0,1.5161184e+12,1.21723013,33.0,4863.0,0.90417805,0.0
7110,1.5161184e+12,0.00018478,0.00018654,0.00018295,0.00018378,2174.0,1.5161187e+12,0.40049261,16.0,1264.0,0.23329899,0.0
7111,1.5161187e+12,0.00018378,0.00018378,0.00018077,0.00018233,5703.0,1.516119e+12,1.03782001,24.0,3401.0,0.62091654,0.0
7112,1.516119e+12,0.00018226,0.00018226,0.00018117,0.000182,3134.0,1.5161193e+12,0.57039998,9.0,25.0,0.0045565,0.0
7113,1.5161193e+12,0.000182,0.00018575,0.000182,0.00018255,4022.0,1.5161196e+12,0.73362911,24.0,2558.0,0.46688732,0.0
7114,1.5161196e+12,0.00018255,0.00018566,0.00018255,0.00018566,861.0,1.5161199e+12,0.15730574,7.0,651.0,0.11887154,0.0
7115,1.5161199e+12,0.00018563,0.00018564,0.0001856,0.00018564,3147.0,1.5161202e+12,0.5841867,9.0,2647.0,0.4913867,0.0
7116,1.5161202e+12,0.00018564,0.00018652,0.0001856,0.0001856,820.0,1.5161205e+12,0.15232666,9.0,685.0,0.12727066,0.0
7117,1.5161205e+12,0.0001855,0.0001855,0.000184,0.00018401,1013.0,1.5161208e+12,0.1871135,5.0,511.0,0.0947405,0.0
7118,1.5161208e+12,0.00018401,0.0001852,0.000182,0.00018449,3250.0,1.5161211e+12,0.59364763,29.0,935.0,0.17174695,0.0
7119,1.5161211e+12,0.00018449,0.00018449,0.00018449,0.00018449,124.0,1.5161214e+12,0.02287676,1.0,124.0,0.02287676,0.0
7120,1.5161214e+12,0.00018445,0.00018445,0.000182,0.00018201,3060.0,1.5161217e+12,0.55719688,24.0,442.0,0.08052688,0.0
7121,1.5161217e+12,0.000182,0.00018408,0.000182,0.00018217,691.0,1.516122e+12,0.12581185,5.0,42.0,0.00766512,0.0
7122,1.516122e+12,0.00018217,0.00018217,0.00018056,0.00018162,8394.0,1.5161223e+12,1.52457736,19.0,1043.0,0.18865261,0.0
7123,1.5161223e+12,0.00018266,0.0001839,0.00018076,0.00018309,755.0,1.5161226e+12,0.1385458,7.0,692.0,0.12715792,0.0
7124,1.5161226e+12,0.00018279,0.00019,0.00018262,0.00019,8113.0,1.5161229e+12,1.51049084,31.0,5129.0,0.95001084,0.0
7125,1.5161229e+12,0.00019,0.00019,0.0001872,0.00018748,1590.0,1.5161232e+12,0.29807683,10.0,13.0,0.00247,0.0
7126,1.5161232e+12,0.00018754,0.00018759,0.00018484,0.00018484,580.0,1.5161235e+12,0.10824495,6.0,179.0,0.03308636,0.0
7127,1.5161235e+12,0.00018181,0.0001837,0.00018102,0.0001837,871.0,1.5161238e+12,0.15837931,15.0,485.0,0.08843444,0.0
7128,1.5161238e+12,0.0001837,0.00018395,0.0001837,0.00018394,511.0,1.5161241e+12,0.09397034,4.0,413.0,0.07596774,0.0
7129,1.5161241e+12,0.00018394,0.00018394,0.0001837,0.00018393,248.0,1.5161244e+12,0.04557535,3.0,25.0,0.00459825,0.0
7130,1.5161244e+12,0.00018393,0.00018393,0.00018393,0.00018393,0.0,1.5161247e+12,0.0,0.0,0.0,0.0,0.0
7131,1.5161247e+12,0.00018393,0.00018393,0.00018156,0.00018156,847.0,1.516125e+12,0.1546336,11.0,266.0,0.04871298,0.0
7132,1.516125e+12,0.00018122,0.00018122,0.0001757,0.00017783,3001.0,1.5161253e+12,0.54004667,17.0,69.0,0.01224733,0.0
7133,1.5161253e+12,0.00017776,0.00017928,0.00017618,0.00017925,538.0,1.5161256e+12,0.09534065,9.0,181.0,0.03239699,0.0
7134,1.5161256e+12,0.00017749,0.00018379,0.00017114,0.0001735,3803.0,1.5161259e+12,0.6671147,28.0,638.0,0.11288017,0.0
7135,1.5161259e+12,0.00017363,0.0001772,0.00017363,0.00017708,505.0,1.5161262e+12,0.08822205,14.0,154.0,0.02713877,0.0
7136,1.5161262e+12,0.00017548,0.00017695,0.00017342,0.0001738,2418.0,1.5161265e+12,0.42333021,27.0,1834.0,0.3218012,0.0
7137,1.5161265e+12,0.00017379,0.0001766,0.00017375,0.0001745,3333.0,1.5161268e+12,0.58167543,22.0,1626.0,0.28287491,0.0
7138,1.5161268e+12,0.0001745,0.00017639,0.00017356,0.00017576,283.0,1.5161271e+12,0.04945982,11.0,149.0,0.02613784,0.0
7139,1.5161271e+12,0.00017558,0.00017939,0.00017407,0.00017737,514.0,1.5161274e+12,0.09051533,12.0,238.0,0.04214413,0.0
7140,1.5161274e+12,0.00017696,0.00017737,0.00017471,0.00017584,1400.0,1.5161277e+12,0.24660518,12.0,915.0,0.16184508,0.0
7141,1.5161277e+12,0.00017542,0.00017542,0.0001736,0.00017378,499.0,1.516128e+12,0.0868808,13.0,315.0,0.05492544,0.0
7142,1.516128e+12,0.0001736,0.0001736,0.0001715,0.0001715,866.0,1.5161283e+12,0.14958347,12.0,32.0,0.005488,0.0
7143,1.5161283e+12,0.00017359,0.00017438,0.00017162,0.00017437,267.0,1.5161286e+12,0.04641472,7.0,259.0,0.04504176,0.0
7144,1.5161286e+12,0.00017327,0.00017327,0.0001732,0.0001732,33.0,1.5161289e+12,0.00571693,2.0,0.0,0.0,0.0
7145,1.5161289e+12,0.0001733,0.0001733,0.00017115,0.00017115,315.0,1.5161292e+12,0.05440248,9.0,156.0,0.0270348,0.0
7146,1.5161292e+12,0.00017114,0.00017568,0.0001707,0.00017568,395.0,1.5161295e+12,0.06790836,10.0,147.0,0.0255715,0.0
7147,1.5161295e+12,0.0001755,0.00017578,0.00017071,0.00017388,546.0,1.5161298e+12,0.09518351,11.0,376.0,0.06589316,0.0
7148,1.5161298e+12,0.00017547,0.00017564,0.00017546,0.0001756,861.0,1.5161301e+12,0.15117668,7.0,861.0,0.15117668,0.0
7149,1.5161301e+12,0.00017407,0.00017407,0.00017253,0.00017253,695.0,1.5161304e+12,0.12075358,12.0,139.0,0.02419573,0.0
7150,1.5161304e+12,0.00017334,0.00017561,0.00017234,0.00017561,8652.0,1.5161307e+12,1.49723664,15.0,6982.0,1.20777375,0.0
7151,1.5161307e+12,0.00017564,0.00017578,0.00017559,0.00017578,1112.0,1.516131e+12,0.19535462,7.0,1112.0,0.19535462,0.0
7152,1.516131e+12,0.00017577,0.00017578,0.00017577,0.00017578,56.0,1.5161313e+12,0.00984342,3.0,56.0,0.00984342,0.0
7153,1.5161313e+12,0.00017578,0.00017578,0.00017578,0.00017578,149.0,1.5161316e+12,0.02619122,1.0,149.0,0.02619122,0.0
7154,1.5161316e+12,0.00017455,0.00017583,0.00017427,0.00017579,184.0,1.5161319e+12,0.03221196,5.0,92.0,0.01617324,0.0
7155,1.5161319e+12,0.00017579,0.0001758,0.00017579,0.0001758,398.0,1.5161322e+12,0.06996506,6.0,392.0,0.06891032,0.0
7156,1.5161322e+12,0.00017437,0.00017437,0.00017433,0.00017433,1691.0,1.5161325e+12,0.29482767,7.0,515.0,0.08977995,0.0
7157,1.5161325e+12,0.00017426,0.00017436,0.00017426,0.00017436,1356.0,1.5161328e+12,0.23640182,8.0,1256.0,0.21897582,0.0
7158,1.5161328e+12,0.00017434,0.00017501,0.00017431,0.00017501,741.0,1.5161331e+12,0.12927011,5.0,12.0,0.00209232,0.0
7159,1.5161331e+12,0.00017502,0.00017615,0.00017428,0.00017428,1613.0,1.5161334e+12,0.28360893,14.0,1063.0,0.18684166,0.0
7160,1.5161334e+12,0.00017561,0.00017561,0.00017561,0.00017561,26.0,1.5161337e+12,0.00456586,1.0,0.0,0.0,0.0
7161,1.5161337e+12,0.00017603,0.00017603,0.000174,0.000174,863.0,1.516134e+12,0.15069973,12.0,263.0,0.04628625,0.0
7162,1.516134e+12,0.00017483,0.00017684,0.00017482,0.00017683,511.0,1.5161343e+12,0.08943699,11.0,474.0,0.08296624,0.0
7163,1.5161343e+12,0.00017679,0.00017679,0.00017679,0.00017679,451.0,1.5161346e+12,0.07973229,1.0,451.0,0.07973229,0.0
7164,1.5161346e+12,0.00017515,0.00017678,0.00017515,0.00017678,32.0,1.5161349e+12,0.00562599,2.0,13.0,0.00229814,0.0
7165,1.5161349e+12,0.000175,0.000175,0.000175,0.000175,35.0,1.5161352e+12,0.006125,2.0,0.0,0.0,0.0
7166,1.5161352e+12,0.000175,0.000175,0.0001734,0.0001734,49.0,1.5161355e+12,0.00854948,4.0,0.0,0.0,0.0
7167,1.5161355e+12,0.00017305,0.00017337,0.00017305,0.00017337,33.0,1.5161358e+12,0.00571961,2.0,0.0,0.0,0.0
7168,1.5161358e+12,0.00017321,0.00017338,0.00017307,0.00017307,492.0,1.5161361e+12,0.0852412,8.0,169.0,0.02929983,0.0
7169,1.5161361e+12,0.00017307,0.00017491,0.00017306,0.00017491,2568.0,1.5161364e+12,0.4450776,21.0,250.0,0.043381,0.0
7170,1.5161364e+12,0.00017337,0.00017337,0.00017325,0.00017334,353.0,1.5161367e+12,0.0611802,6.0,0.0,0.0,0.0
7171,1.5161367e+12,0.00017334,0.00017491,0.0001732,0.0001732,1263.0,1.516137e+12,0.218968,11.0,57.0,0.00992675,0.0
7172,1.516137e+12,0.0001732,0.000174,0.0001732,0.0001732,224.0,1.5161373e+12,0.0389136,6.0,146.0,0.025404,0.0
7173,1.5161373e+12,0.0001732,0.000174,0.0001732,0.000174,216.0,1.5161376e+12,0.0374304,2.0,24.0,0.004176,0.0
7174,1.5161376e+12,0.0001732,0.00017488,0.00017287,0.00017303,7065.0,1.5161379e+12,1.22224527,7.0,29.0,0.00507152,0.0
7175,1.5161379e+12,0.00017308,0.00017308,0.00017287,0.00017287,1562.0,1.5161382e+12,0.27019664,5.0,587.0,0.10159526,0.0
7176,1.5161382e+12,0.00017308,0.00017308,0.00017287,0.00017288,1087.0,1.5161385e+12,0.18804641,12.0,650.0,0.112502,0.0
7177,1.5161385e+12,0.00017308,0.00017308,0.00016989,0.00017047,6618.0,1.5161388e+12,1.12991854,32.0,777.0,0.13259648,0.0
7178,1.5161388e+12,0.00017047,0.00017047,0.0001666,0.0001686,1767.0,1.5161391e+12,0.29872909,19.0,613.0,0.10369881,0.0
7179,1.5161391e+12,0.00016989,0.0001699,0.00016797,0.0001699,310.0,1.5161394e+12,0.05256309,9.0,286.0,0.04853181,0.0
7180,1.5161394e+12,0.00017085,0.00017085,0.00016797,0.00016797,373.0,1.5161397e+12,0.06353875,13.0,0.0,0.0,0.0
7181,1.5161397e+12,0.00016798,0.000168,0.00016661,0.0001669,868.0,1.51614e+12,0.14495526,15.0,273.0,0.04557868,0.0
7182,1.51614e+12,0.00016663,0.00016688,0.0001666,0.0001666,2807.0,1.5161403e+12,0.46801289,13.0,997.0,0.16636601,0.0
7183,1.5161403e+12,0.000166,0.000166,0.00016119,0.00016162,2604.0,1.5161406e+12,0.42088049,27.0,1952.0,0.31538248,0.0
7184,1.5161406e+12,0.00016163,0.00016166,0.000158,0.00016034,3932.0,1.5161409e+12,0.62986766,24.0,1435.0,0.23184445,0.0
7185,1.5161409e+12,0.00016151,0.00016151,0.00015814,0.00015817,2276.0,1.5161412e+12,0.36413469,13.0,1391.0,0.22407543,0.0
7186,1.5161412e+12,0.0001582,0.0001582,0.00015287,0.00015287,12955.0,1.5161415e+12,2.02121035,30.0,2737.0,0.42508347,0.0
7187,1.5161415e+12,0.00015359,0.000155,0.00015288,0.000155,2678.0,1.5161418e+12,0.41069938,23.0,1883.0,0.28915978,0.0
7188,1.5161418e+12,0.00015301,0.000155,0.00015289,0.000155,1469.0,1.5161421e+12,0.225191,13.0,374.0,0.05757657,0.0
7189,1.5161421e+12,0.000155,0.00015684,0.00015379,0.00015666,874.0,1.5161424e+12,0.13656692,14.0,736.0,0.1152338,0.0
7190,1.5161424e+12,0.00015662,0.00015662,0.00015532,0.0001565,2300.0,1.5161427e+12,0.35979669,16.0,2283.0,0.35715625,0.0
7191,1.5161427e+12,0.00015532,0.00015653,0.00015436,0.00015482,4171.0,1.516143e+12,0.64472751,24.0,1652.0,0.25541089,0.0
7192,1.516143e+12,0.00015485,0.00015635,0.00015485,0.00015635,385.0,1.5161433e+12,0.05962175,2.0,3.0,0.00046905,0.0
7193,1.5161433e+12,0.00015635,0.00015652,0.00015492,0.00015632,1749.0,1.5161436e+12,0.27286404,22.0,1156.0,0.18083691,0.0
7194,1.5161436e+12,0.00015853,0.00016002,0.00015853,0.00016002,1223.0,1.5161439e+12,0.19539462,15.0,1070.0,0.17091846,0.0
7195,1.5161439e+12,0.00016017,0.00016153,0.00016017,0.00016152,1871.0,1.5161442e+12,0.30074599,8.0,716.0,0.11564932,0.0
7196,1.5161442e+12,0.00016152,0.00016152,0.00016034,0.00016034,490.0,1.5161445e+12,0.0787905,4.0,197.0,0.03181088,0.0
7197,1.5161445e+12,0.00016034,0.0001614,0.00016034,0.0001614,1879.0,1.5161448e+12,0.30255226,6.0,1194.0,0.1927116,0.0
7198,1.5161448e+12,0.0001615,0.00016563,0.0001615,0.00016369,2110.0,1.5161451e+12,0.34449759,18.0,760.0,0.12319558,0.0
7199,1.5161451e+12,0.00016583,0.00016583,0.00016369,0.00016369,108.0,1.5161454e+12,0.01781684,7.0,20.0,0.0033166,0.0
7200,1.5161454e+12,0.00016496,0.00016579,0.00016301,0.00016303,1366.0,1.5161457e+12,0.22437165,16.0,807.0,0.13320675,0.0
7201,1.5161457e+12,0.00016212,0.0001625,0.00016212,0.0001625,375.0,1.516146e+12,0.0609299,4.0,188.0,0.0305424,0.0
7202,1.516146e+12,0.0001625,0.00016746,0.0001625,0.000167,2841.0,1.5161463e+12,0.47082422,16.0,2354.0,0.39001972,0.0
7203,1.5161463e+12,0.000166,0.00016722,0.00016533,0.00016534,6009.0,1.5161466e+12,0.99644168,21.0,1039.0,0.1735549,0.0
7204,1.5161466e+12,0.00016533,0.00016712,0.00016212,0.00016557,9227.0,1.5161469e+12,1.52969014,23.0,2219.0,0.36520608,0.0
7205,1.5161469e+12,0.00016691,0.00016691,0.00016557,0.00016557,1725.0,1.5161472e+12,0.2873127,7.0,1645.0,0.2740671,0.0
7206,1.5161472e+12,0.00016557,0.00016644,0.00016449,0.00016625,1150.0,1.5161475e+12,0.1906888,15.0,672.0,0.11159281,0.0
7207,1.5161475e+12,0.00016625,0.0001698,0.00016319,0.0001698,2463.0,1.5161478e+12,0.41475597,18.0,2026.0,0.34254899,0.0
7208,1.5161478e+12,0.00016863,0.00017084,0.00016863,0.00016988,2996.0,1.5161481e+12,0.50896604,15.0,1027.0,0.17453384,0.0
7209,1.5161481e+12,0.00017083,0.00017083,0.00016902,0.00017035,469.0,1.5161484e+12,0.07988792,7.0,423.0,0.072113,0.0
7210,1.5161484e+12,0.00016919,0.00017019,0.00016919,0.00017005,1906.0,1.5161487e+12,0.32355778,17.0,1253.0,0.21306423,0.0
7211,1.5161487e+12,0.00016945,0.00017005,0.00016945,0.00016945,545.0,1.516149e+12,0.09237065,7.0,34.0,0.0057817,0.0
7212,1.516149e+12,0.00016923,0.00016923,0.00016315,0.00016315,4554.0,1.5161493e+12,0.75645208,18.0,350.0,0.05768942,0.0
7213,1.5161493e+12,0.00016305,0.00016607,0.00016305,0.00016497,947.0,1.5161496e+12,0.15593962,13.0,894.0,0.14729797,0.0
7214,1.5161496e+12,0.00016497,0.00016497,0.00016269,0.00016428,2156.0,1.5161499e+12,0.35413481,30.0,1551.0,0.2548452,0.0
7215,1.5161499e+12,0.00016428,0.00016615,0.00016357,0.00016404,2528.0,1.5161502e+12,0.41946108,10.0,2418.0,0.40142326,0.0
7216,1.5161502e+12,0.00016592,0.00016592,0.00016423,0.00016423,140.0,1.5161505e+12,0.0230598,4.0,40.0,0.0066368,0.0
7217,1.5161505e+12,0.00016594,0.00016594,0.00016423,0.00016591,751.0,1.5161508e+12,0.12439613,8.0,731.0,0.12110953,0.0
7218,1.5161508e+12,0.00016412,0.00016567,0.000164,0.00016401,3330.0,1.5161511e+12,0.54753461,13.0,693.0,0.11480931,0.0
7219,1.5161511e+12,0.00016563,0.0001699,0.0001656,0.00016813,1545.0,1.5161514e+12,0.25811034,23.0,1086.0,0.18112651,0.0
7220,1.5161514e+12,0.00016622,0.0001699,0.00016347,0.00016606,3505.0,1.5161517e+12,0.58225698,22.0,2502.0,0.41697714,0.0
7221,1.5161517e+12,0.00016606,0.00016724,0.00016409,0.00016676,678.0,1.516152e+12,0.11182611,13.0,290.0,0.04795157,0.0
7222,1.516152e+12,0.00016598,0.00016756,0.00016598,0.00016676,191.0,1.5161523e+12,0.03190015,7.0,118.0,0.01975787,0.0
7223,1.5161523e+12,0.00016599,0.0001695,0.00016581,0.0001695,295.0,1.5161526e+12,0.04929408,13.0,153.0,0.02570628,0.0
7224,1.5161526e+12,0.00016786,0.00016786,0.00016576,0.00016754,152.0,1.5161529e+12,0.02541103,7.0,71.0,0.01189947,0.0
7225,1.5161529e+12,0.00016577,0.00016743,0.00016577,0.00016743,163.0,1.5161532e+12,0.02717433,5.0,94.0,0.0157362,0.0
7226,1.5161532e+12,0.00016743,0.00016743,0.00016743,0.00016743,12.0,1.5161535e+12,0.00200916,1.0,12.0,0.00200916,0.0
7227,1.5161535e+12,0.00016743,0.00016743,0.00016743,0.00016743,41.0,1.5161538e+12,0.00686463,2.0,41.0,0.00686463,0.0
7228,1.5161538e+12,0.00016576,0.00016576,0.00016567,0.00016567,33.0,1.5161541e+12,0.00546828,2.0,0.0,0.0,0.0
7229,1.5161541e+12,0.00016357,0.000165,0.00016357,0.000165,163.0,1.5161544e+12,0.0268664,5.0,123.0,0.020295,0.0
7230,1.5161544e+12,0.00016449,0.00016449,0.00016,0.00016214,7337.0,1.5161547e+12,1.18194581,23.0,467.0,0.07637492,0.0
7231,1.5161547e+12,0.00016,0.00016292,0.00016,0.00016001,519.0,1.516155e+12,0.08333415,9.0,146.0,0.0235636,0.0
7232,1.516155e+12,0.00016018,0.00016042,0.00016014,0.00016042,2700.0,1.5161553e+12,0.43253073,12.0,1748.0,0.280018,0.0
7233,1.5161553e+12,0.00016237,0.00016237,0.00016095,0.00016233,928.0,1.5161556e+12,0.1500389,8.0,487.0,0.0790573,0.0
7234,1.5161556e+12,0.00016054,0.00016224,0.00016028,0.00016049,1809.0,1.5161559e+12,0.29027345,13.0,374.0,0.06013166,0.0
7235,1.5161559e+12,0.00016045,0.00016045,0.000155,0.0001554,6719.0,1.5161562e+12,1.05186965,19.0,3207.0,0.49739128,0.0
7236,1.5161562e+12,0.00015804,0.00015804,0.0001561,0.00015776,6554.0,1.5161565e+12,1.03048063,36.0,4618.0,0.72717085,0.0
7237,1.5161565e+12,0.00015831,0.00016088,0.00015777,0.00016,4092.0,1.5161568e+12,0.65305053,28.0,1900.0,0.30399157,0.0
7238,1.5161568e+12,0.00015999,0.00016,0.00015922,0.00016,5652.0,1.5161571e+12,0.90347145,13.0,2124.0,0.33951561,0.0
7239,1.5161571e+12,0.00016,0.00016006,0.00015761,0.00015761,6121.0,1.5161574e+12,0.9732648,17.0,1596.0,0.25187021,0.0
7240,1.5161574e+12,0.00015761,0.00015761,0.00015403,0.00015489,5087.0,1.5161577e+12,0.79406948,31.0,2030.0,0.31655215,0.0
7241,1.5161577e+12,0.00015495,0.00015676,0.00015495,0.00015676,308.0,1.516158e+12,0.04795023,14.0,227.0,0.03525267,0.0
7242,1.516158e+12,0.00015672,0.00016088,0.00015672,0.00015725,567.0,1.5161583e+12,0.08963741,13.0,547.0,0.08649247,0.0
7243,1.5161583e+12,0.00015725,0.0001602,0.00015677,0.00015796,1149.0,1.5161586e+12,0.18074605,8.0,79.0,0.01261324,0.0
7244,1.5161586e+12,0.00015686,0.00015686,0.00015538,0.00015538,2270.0,1.5161589e+12,0.35344238,18.0,1109.0,0.17256538,0.0
7245,1.5161589e+12,0.00015541,0.00015541,0.00015316,0.00015335,3074.0,1.5161592e+12,0.4738096,13.0,932.0,0.14471632,0.0
7246,1.5161592e+12,0.00015334,0.00015485,0.00015289,0.00015429,2639.0,1.5161595e+12,0.40459628,17.0,458.0,0.07067582,0.0
7247,1.5161595e+12,0.00015289,0.00015416,0.00015289,0.00015334,3275.0,1.5161598e+12,0.50157259,15.0,770.0,0.11853949,0.0
7248,1.5161598e+12,0.00015416,0.0001542,0.00015416,0.00015416,1913.0,1.5161601e+12,0.29493623,8.0,240.0,0.03699863,0.0
7249,1.5161601e+12,0.00015334,0.00015413,0.00015039,0.00015207,9570.0,1.5161604e+12,1.45888105,19.0,1011.0,0.15566115,0.0
7250,1.5161604e+12,0.00015171,0.00015391,0.00015,0.00015027,10199.0,1.5161607e+12,1.5336786,30.0,675.0,0.10253075,0.0
7251,1.5161607e+12,0.00015378,0.00015378,0.00015164,0.0001534,440.0,1.516161e+12,0.06744026,7.0,436.0,0.0668337,0.0
7252,1.516161e+12,0.00015299,0.000153,0.00015164,0.000153,2823.0,1.5161613e+12,0.4316659,9.0,2699.0,0.41286254,0.0
7253,1.5161613e+12,0.00015299,0.00015344,0.00015299,0.00015333,590.0,1.5161616e+12,0.09044259,7.0,590.0,0.09044259,0.0
7254,1.5161616e+12,0.00015343,0.00015343,0.0001461,0.00015092,7682.0,1.5161619e+12,1.15353458,44.0,1058.0,0.160757,0.0
7255,1.5161619e+12,0.00015094,0.00015094,0.0001461,0.00014757,6246.0,1.5161622e+12,0.92258755,28.0,711.0,0.10579075,0.0
7256,1.5161622e+12,0.00014758,0.00014843,0.0001417,0.00014843,6876.0,1.5161625e+12,1.00453003,29.0,2728.0,0.4047383,0.0
7257,1.5161625e+12,0.00014843,0.00014894,0.00014843,0.00014894,209.0,1.5161628e+12,0.03107032,5.0,123.0,0.01830534,0.0
7258,1.5161628e+12,0.00014894,0.00015,0.00014863,0.00014863,3402.0,1.5161631e+12,0.50697879,12.0,2445.0,0.36444662,0.0
7259,1.5161631e+12,0.00014863,0.00015416,0.00014863,0.00015416,6007.0,1.5161634e+12,0.92027422,17.0,4097.0,0.62757628,0.0
7260,1.5161634e+12,0.0001495,0.00015414,0.00014923,0.00015046,12675.0,1.5161637e+12,1.9178074,28.0,4896.0,0.74597244,0.0
7261,1.5161637e+12,0.00015035,0.00015134,0.00014401,0.00015042,6428.0,1.516164e+12,0.94133743,26.0,0.0,0.0,0.0
7262,1.516164e+12,0.00015045,0.0001506,0.00015041,0.00015041,2041.0,1.5161643e+12,0.30708034,8.0,0.0,0.0,0.0
7263,1.5161643e+12,0.00014873,0.00014873,0.00014872,0.00014872,205.0,1.5161646e+12,0.030488,4.0,0.0,0.0,0.0
7264,1.5161646e+12,0.00014993,0.00015209,0.00014988,0.00015138,1490.0,1.5161649e+12,0.22513206,13.0,376.0,0.05649474,0.0
7265,1.5161649e+12,0.000152,0.000152,0.00015192,0.00015192,1296.0,1.5161652e+12,0.1969352,4.0,1296.0,0.1969352,0.0
7266,1.5161652e+12,0.000152,0.00015413,0.00015193,0.00015389,433.0,1.5161655e+12,0.06599988,9.0,251.0,0.03831177,0.0
7267,1.5161655e+12,0.00015355,0.00015389,0.00015355,0.00015389,699.0,1.5161658e+12,0.1074078,4.0,699.0,0.1074078,0.0
7268,1.5161658e+12,0.00015349,0.00015415,0.00015349,0.0001539,3768.0,1.5161661e+12,0.57933946,12.0,3747.0,0.57610756,0.0
7269,1.5161661e+12,0.000154,0.000154,0.0001539,0.0001539,273.0,1.5161664e+12,0.0420174,3.0,0.0,0.0,0.0
7270,1.5161664e+12,0.000154,0.00015411,0.00015242,0.00015245,1322.0,1.5161667e+12,0.20326491,9.0,990.0,0.15254184,0.0
7271,1.5161667e+12,0.0001526,0.0001526,0.00015194,0.00015196,1151.0,1.516167e+12,0.17519834,8.0,0.0,0.0,0.0
7272,1.516167e+12,0.00015196,0.00015196,0.00015196,0.00015196,0.0,1.5161673e+12,0.0,0.0,0.0,0.0,0.0
7273,1.5161673e+12,0.00015198,0.00015198,0.00015138,0.00015183,2182.0,1.5161676e+12,0.33114072,12.0,317.0,0.04806441,0.0
7274,1.5161676e+12,0.00015227,0.00015238,0.00015047,0.00015047,555.0,1.5161679e+12,0.08445703,6.0,546.0,0.0831028,0.0
7275,1.5161679e+12,0.00015051,0.00015235,0.0001505,0.0001505,2818.0,1.5161682e+12,0.42661403,11.0,1555.0,0.23651599,0.0
7276,1.5161682e+12,0.00015201,0.00015204,0.0001508,0.00015185,2310.0,1.5161685e+12,0.34877481,7.0,329.0,0.04999969,0.0
7277,1.5161685e+12,0.00015171,0.00015171,0.00015171,0.00015171,15.0,1.5161688e+12,0.00227565,1.0,15.0,0.00227565,0.0
7278,1.5161688e+12,0.00015154,0.00015234,0.00015071,0.00015071,2103.0,1.5161691e+12,0.31962462,15.0,1795.0,0.27282686,0.0
7279,1.5161691e+12,0.00015091,0.00015231,0.00015065,0.00015065,2717.0,1.5161694e+12,0.40969839,6.0,45.0,0.00684855,0.0
7280,1.5161694e+12,0.0001505,0.00015163,0.0001503,0.00015031,485.0,1.5161697e+12,0.07300478,10.0,69.0,0.01046202,0.0
7281,1.5161697e+12,0.00015041,0.00015205,0.00015031,0.00015205,2239.0,1.51617e+12,0.33697438,12.0,217.0,0.03299485,0.0
7282,1.51617e+12,0.00015133,0.00015133,0.00015127,0.00015127,489.0,1.5161703e+12,0.0739955,3.0,489.0,0.0739955,0.0
7283,1.5161703e+12,0.00015116,0.00015204,0.00014976,0.00014976,8850.0,1.5161706e+12,1.33131737,27.0,1263.0,0.18990204,0.0
7284,1.5161706e+12,0.00014976,0.00015126,0.00014901,0.00015,6316.0,1.5161709e+12,0.94305097,28.0,5571.0,0.83151811,0.0
7285,1.5161709e+12,0.00015,0.00015085,0.00014946,0.00015085,873.0,1.5161712e+12,0.13085829,8.0,123.0,0.01855455,0.0
7286,1.5161712e+12,0.00015077,0.00015126,0.00015001,0.00015126,1292.0,1.5161715e+12,0.1949684,13.0,441.0,0.06667838,0.0
7287,1.5161715e+12,0.0001519,0.000154,0.0001519,0.00015313,4050.0,1.5161718e+12,0.61805242,22.0,3843.0,0.58639448,0.0
7288,1.5161718e+12,0.00015403,0.0001582,0.00015403,0.00015494,1938.0,1.5161721e+12,0.30125953,26.0,1588.0,0.24663411,0.0
7289,1.5161721e+12,0.00015522,0.00016511,0.00015522,0.00016178,5740.0,1.5161724e+12,0.91385666,39.0,3668.0,0.58906052,0.0
7290,1.5161724e+12,0.00016225,0.00016323,0.00016032,0.00016039,7011.0,1.5161727e+12,1.1310498,38.0,3434.0,0.55623023,0.0
7291,1.5161727e+12,0.00016044,0.0001615,0.0001571,0.0001571,10130.0,1.516173e+12,1.62750275,28.0,3878.0,0.62562624,0.0
7292,1.516173e+12,0.00015913,0.000162,0.00015709,0.000162,12965.0,1.5161733e+12,2.07410999,33.0,9582.0,1.52785504,0.0
7293,1.5161733e+12,0.000162,0.0001623,0.00015863,0.00016066,1314.0,1.5161736e+12,0.21082948,13.0,248.0,0.0402012,0.0
7294,1.5161736e+12,0.00016066,0.00016099,0.0001597,0.0001604,532.0,1.5161739e+12,0.08548722,9.0,64.0,0.01030218,0.0
7295,1.5161739e+12,0.0001604,0.00016066,0.00015971,0.00016066,1186.0,1.5161742e+12,0.19021003,13.0,1131.0,0.18142598,0.0
7296,1.5161742e+12,0.00016001,0.00016511,0.00015992,0.00016222,1739.0,1.5161745e+12,0.28069093,17.0,1591.0,0.25694003,0.0
7297,1.5161745e+12,0.00016151,0.00016289,0.00016151,0.00016289,318.0,1.5161748e+12,0.05148187,6.0,79.0,0.01286831,0.0
7298,1.5161748e+12,0.00016299,0.00016299,0.00016066,0.00016066,1583.0,1.5161751e+12,0.25493229,11.0,150.0,0.0244485,0.0
7299,1.5161751e+12,0.00016243,0.00016589,0.00016007,0.00016201,5913.0,1.5161754e+12,0.97160717,33.0,3052.0,0.50436916,0.0
7300,1.5161754e+12,0.00016396,0.00016396,0.00015239,0.00015662,6902.0,1.5161757e+12,1.08616966,45.0,2460.0,0.38256455,0.0
7301,1.5161757e+12,0.00015406,0.00015999,0.00015406,0.00015689,1201.0,1.516176e+12,0.18668989,17.0,1083.0,0.16835538,0.0
7302,1.516176e+12,0.00015688,0.0001584,0.00015607,0.0001584,925.0,1.5161763e+12,0.1450107,18.0,845.0,0.1325251,0.0
7303,1.5161763e+12,0.0001584,0.00016036,0.0001584,0.00016036,1006.0,1.5161766e+12,0.1610306,8.0,242.0,0.0386952,0.0
7304,1.5161766e+12,0.00016208,0.00016396,0.00016054,0.00016166,1138.0,1.5161769e+12,0.18603134,13.0,684.0,0.1119972,0.0
7305,1.5161769e+12,0.00016166,0.00016166,0.00016166,0.00016166,0.0,1.5161772e+12,0.0,0.0,0.0,0.0,0.0
7306,1.5161772e+12,0.00016167,0.00016305,0.00015935,0.0001595,2506.0,1.5161775e+12,0.40463957,19.0,1571.0,0.2544939,0.0
7307,1.5161775e+12,0.00016175,0.00016399,0.00016103,0.00016203,1860.0,1.5161778e+12,0.30151163,15.0,1537.0,0.24916194,0.0
7308,1.5161778e+12,0.00016298,0.00016399,0.00016265,0.00016265,556.0,1.5161781e+12,0.09083006,8.0,334.0,0.05471966,0.0
7309,1.5161781e+12,0.00016267,0.00016302,0.00016017,0.00016017,728.0,1.5161784e+12,0.11781204,13.0,81.0,0.01308115,0.0
7310,1.5161784e+12,0.00016033,0.00016135,0.00015829,0.00015829,2136.0,1.5161787e+12,0.33868589,24.0,230.0,0.0365686,0.0
7311,1.5161787e+12,0.00015796,0.00015859,0.00015796,0.00015859,488.0,1.516179e+12,0.07719385,5.0,488.0,0.07719385,0.0
7312,1.516179e+12,0.00016035,0.00016179,0.00015796,0.00015833,4998.0,1.5161793e+12,0.79306333,27.0,1252.0,0.19902318,0.0
7313,1.5161793e+12,0.00015785,0.00015859,0.00015647,0.00015777,11955.0,1.5161796e+12,1.88765788,20.0,8914.0,1.41095506,0.0
7314,1.5161796e+12,0.00015728,0.00015928,0.00015728,0.00015928,2274.0,1.5161799e+12,0.36205203,13.0,2255.0,0.35904787,0.0
7315,1.5161799e+12,0.00015947,0.00015958,0.00015947,0.00015958,40.0,1.5161802e+12,0.006381,2.0,40.0,0.006381,0.0
7316,1.5161802e+12,0.00016041,0.00016164,0.00015903,0.00015903,719.0,1.5161805e+12,0.11589371,8.0,659.0,0.10632761,0.0
7317,1.5161805e+12,0.00016167,0.00016167,0.00015937,0.0001594,2101.0,1.5161808e+12,0.33559929,11.0,1158.0,0.18477021,0.0
7318,1.5161808e+12,0.00015937,0.00016396,0.00015937,0.00016218,6206.0,1.5161811e+12,0.99586343,18.0,5214.0,0.83544987,0.0
7319,1.5161811e+12,0.00016222,0.0001638,0.00016222,0.00016234,3851.0,1.5161814e+12,0.62658376,12.0,2626.0,0.42772614,0.0
7320,1.5161814e+12,0.00016238,0.00016369,0.000162,0.00016366,553.0,1.5161817e+12,0.09012069,7.0,286.0,0.04680859,0.0
7321,1.5161817e+12,0.0001638,0.0001659,0.0001636,0.0001658,1221.0,1.516182e+12,0.20070268,13.0,1210.0,0.19890231,0.0
7322,1.516182e+12,0.0001658,0.00016676,0.00016508,0.00016515,3213.0,1.5161823e+12,0.53087128,12.0,1323.0,0.21858859,0.0
7323,1.5161823e+12,0.00016676,0.00016676,0.00016518,0.00016518,5133.0,1.5161826e+12,0.84819704,6.0,231.0,0.03848468,0.0
7324,1.5161826e+12,0.000166,0.00016676,0.00016518,0.00016518,1156.0,1.5161829e+12,0.19199431,12.0,730.0,0.12153739,0.0
7325,1.5161829e+12,0.00016518,0.00016675,0.000162,0.00016415,5700.0,1.5161832e+12,0.94089552,14.0,458.0,0.07549136,0.0
7326,1.5161832e+12,0.00016513,0.00016513,0.00016213,0.00016491,771.0,1.5161835e+12,0.12553869,6.0,71.0,0.01171103,0.0
7327,1.5161835e+12,0.00016463,0.00016463,0.00016278,0.00016278,396.0,1.5161838e+12,0.0645075,8.0,28.0,0.00458559,0.0
7328,1.5161838e+12,0.0001625,0.00016337,0.00016249,0.00016337,2394.0,1.5161841e+12,0.38935298,13.0,2060.0,0.33497126,0.0
7329,1.5161841e+12,0.0001643,0.0001643,0.0001626,0.0001626,4719.0,1.5161844e+12,0.77117171,20.0,3355.0,0.54815925,0.0
7330,1.5161844e+12,0.00016261,0.00016261,0.00016002,0.0001608,4323.0,1.5161847e+12,0.69910614,15.0,2227.0,0.36194218,0.0
7331,1.5161847e+12,0.00016258,0.00016258,0.00016006,0.0001604,7514.0,1.516185e+12,1.20818762,24.0,2839.0,0.45887135,0.0
7332,1.516185e+12,0.00016256,0.00016483,0.00016249,0.00016483,4885.0,1.5161853e+12,0.79474723,16.0,4885.0,0.79474723,0.0
7333,1.5161853e+12,0.00016483,0.00016483,0.00016483,0.00016483,40.0,1.5161856e+12,0.0065932,1.0,0.0,0.0,0.0
7334,1.5161856e+12,0.00016483,0.00016632,0.00016464,0.000165,2314.0,1.5161859e+12,0.38157627,13.0,325.0,0.05371901,0.0
7335,1.5161859e+12,0.00016655,0.00016884,0.00016433,0.00016884,1392.0,1.5161862e+12,0.23292329,13.0,1316.0,0.22035441,0.0
7336,1.5161862e+12,0.00016888,0.00017177,0.00016691,0.00017177,3505.0,1.5161865e+12,0.59535271,34.0,1761.0,0.29972455,0.0
7337,1.5161865e+12,0.00017177,0.00017177,0.00016802,0.00017109,3006.0,1.5161868e+12,0.51201016,24.0,112.0,0.01920678,0.0
7338,1.5161868e+12,0.00016915,0.00016915,0.00016692,0.00016692,464.0,1.5161871e+12,0.07775839,9.0,156.0,0.02631433,0.0
7339,1.5161871e+12,0.00016691,0.00016843,0.00016482,0.00016484,7488.0,1.5161874e+12,1.25430711,24.0,2744.0,0.45857287,0.0
7340,1.5161874e+12,0.00016484,0.00016484,0.00016484,0.00016484,0.0,1.5161877e+12,0.0,0.0,0.0,0.0,0.0
7341,1.5161877e+12,0.000165,0.00016785,0.00016,0.00016,3400.0,1.516188e+12,0.55422928,23.0,186.0,0.03081647,0.0
7342,1.516188e+12,0.00016768,0.00016768,0.00016473,0.000165,213.0,1.5161883e+12,0.03526862,5.0,91.0,0.01516328,0.0
7343,1.5161883e+12,0.000165,0.00016713,0.00016136,0.00016355,2540.0,1.5161886e+12,0.41371166,14.0,668.0,0.11099378,0.0
7344,1.5161886e+12,0.00016355,0.00016355,0.00016019,0.00016019,154.0,1.5161889e+12,0.02489774,4.0,0.0,0.0,0.0
7345,1.5161889e+12,0.00016446,0.00016448,0.00016314,0.00016317,2719.0,1.5161892e+12,0.44699269,9.0,2379.0,0.39127536,0.0
7346,1.5161892e+12,0.00016317,0.00016317,0.00016317,0.00016317,0.0,1.5161895e+12,0.0,0.0,0.0,0.0,0.0
7347,1.5161895e+12,0.00016379,0.00016379,0.00016203,0.00016203,265.0,1.5161898e+12,0.04306643,2.0,73.0,0.01195667,0.0
7348,1.5161898e+12,0.00016205,0.00016317,0.00016017,0.00016017,12879.0,1.5161901e+12,2.07007956,33.0,832.0,0.13363838,0.0
7349,1.5161901e+12,0.00016029,0.00016195,0.00016029,0.00016195,610.0,1.5161904e+12,0.09875298,8.0,332.0,0.0537674,0.0
7350,1.5161904e+12,0.00016188,0.00016244,0.00015885,0.00015885,7974.0,1.5161907e+12,1.27668842,18.0,1443.0,0.23210471,0.0
7351,1.5161907e+12,0.00015885,0.00016149,0.00015885,0.00016149,1594.0,1.516191e+12,0.25378229,8.0,955.0,0.15199904,0.0
7352,1.516191e+12,0.0001602,0.00016021,0.0001602,0.00016021,95.0,1.5161913e+12,0.01521985,2.0,0.0,0.0,0.0
7353,1.5161913e+12,0.00016021,0.00016021,0.00015406,0.00016019,449.0,1.5161916e+12,0.07128644,10.0,74.0,0.01185406,0.0
7354,1.5161916e+12,0.00016019,0.00016019,0.00016019,0.00016019,0.0,1.5161919e+12,0.0,0.0,0.0,0.0,0.0
7355,1.5161919e+12,0.00015672,0.00015672,0.00015672,0.00015672,80.0,1.5161922e+12,0.0125376,1.0,0.0,0.0,0.0
7356,1.5161922e+12,0.00015829,0.00016174,0.00015829,0.00016173,1386.0,1.5161925e+12,0.22090664,17.0,560.0,0.08906084,0.0
7357,1.5161925e+12,0.00016007,0.00016238,0.00016,0.00016226,3828.0,1.5161928e+12,0.61506694,14.0,366.0,0.05936418,0.0
7358,1.5161928e+12,0.000162,0.00016231,0.000162,0.000162,2003.0,1.5161931e+12,0.32480623,9.0,1033.0,0.16766623,0.0
7359,1.5161931e+12,0.00016199,0.00016199,0.00016199,0.00016199,44.0,1.5161934e+12,0.00712756,1.0,44.0,0.00712756,0.0
7360,1.5161934e+12,0.00016003,0.000161,0.00016002,0.000161,175.0,1.5161937e+12,0.02801944,3.0,0.0,0.0,0.0
7361,1.5161937e+12,0.00016236,0.00016237,0.00016191,0.00016191,232.0,1.516194e+12,0.03763333,4.0,232.0,0.03763333,0.0
7362,1.516194e+12,0.00016183,0.00016183,0.00016181,0.00016181,189.0,1.5161943e+12,0.03058289,5.0,189.0,0.03058289,0.0
7363,1.5161943e+12,0.00016102,0.00016102,0.00016102,0.00016102,124.0,1.5161946e+12,0.01996648,2.0,0.0,0.0,0.0
7364,1.5161946e+12,0.000161,0.00016216,0.000161,0.00016216,212.0,1.5161949e+12,0.03419116,4.0,51.0,0.00827016,0.0
7365,1.5161949e+12,0.000161,0.000161,0.000161,0.000161,7.0,1.5161952e+12,0.001127,1.0,0.0,0.0,0.0
7366,1.5161952e+12,0.00016005,0.00016005,0.00016,0.00016,1743.0,1.5161955e+12,0.27891783,11.0,0.0,0.0,0.0
7367,1.5161955e+12,0.00016,0.00016,0.00016,0.00016,0.0,1.5161958e+12,0.0,0.0,0.0,0.0,0.0
7368,1.5161958e+12,0.00015999,0.0001623,0.00015999,0.0001623,861.0,1.5161961e+12,0.13811996,8.0,861.0,0.13811996,0.0
7369,1.5161961e+12,0.0001623,0.00016244,0.0001623,0.00016244,441.0,1.5161964e+12,0.07158998,3.0,441.0,0.07158998,0.0
7370,1.5161964e+12,0.00016381,0.00016381,0.00016144,0.0001617,513.0,1.5161967e+12,0.0831256,8.0,102.0,0.01670862,0.0
7371,1.5161967e+12,0.00016324,0.00016324,0.00015968,0.00015968,354.0,1.516197e+12,0.05701528,4.0,2.0,0.00032648,0.0
7372,1.516197e+12,0.00016235,0.00016237,0.00016235,0.00016236,517.0,1.5161973e+12,0.08394039,4.0,452.0,0.07338699,0.0
7373,1.5161973e+12,0.00016236,0.00016236,0.00016231,0.00016232,78.0,1.5161976e+12,0.01266129,3.0,62.0,0.01006353,0.0
7374,1.5161976e+12,0.00016132,0.00016132,0.00015889,0.00015892,3231.0,1.5161979e+12,0.51724197,14.0,1407.0,0.2246428,0.0
7375,1.5161979e+12,0.00015919,0.00015919,0.00015659,0.00015659,1074.0,1.5161982e+12,0.17034381,5.0,0.0,0.0,0.0
7376,1.5161982e+12,0.00015776,0.00015776,0.00015774,0.00015774,220.0,1.5161985e+12,0.03470686,5.0,184.0,0.0290275,0.0
7377,1.5161985e+12,0.00015656,0.00015656,0.00015406,0.00015406,1137.0,1.5161988e+12,0.17695993,9.0,202.0,0.03112012,0.0
7378,1.5161988e+12,0.00015567,0.00015567,0.00015279,0.00015528,229.0,1.5161991e+12,0.0354653,4.0,168.0,0.02614476,0.0
7379,1.5161991e+12,0.00015501,0.00015502,0.00015164,0.0001542,3082.0,1.5161994e+12,0.47545774,15.0,1670.0,0.258712,0.0
7380,1.5161994e+12,0.00015411,0.00015419,0.0001522,0.00015307,5206.0,1.5161997e+12,0.79733073,27.0,3085.0,0.47331004,0.0
7381,1.5161997e+12,0.00015305,0.00015316,0.00015056,0.0001515,4205.0,1.5162e+12,0.6356565,22.0,1023.0,0.15474618,0.0
7382,1.5162e+12,0.00015056,0.00015189,0.00015001,0.00015112,7094.0,1.5162003e+12,1.06729317,22.0,1853.0,0.28079819,0.0
7383,1.5162003e+12,0.00015108,0.00015108,0.00015104,0.00015106,1334.0,1.5162006e+12,0.20150162,12.0,1005.0,0.15180542,0.0
7384,1.5162006e+12,0.00015105,0.00015768,0.00015105,0.0001559,4326.0,1.5162009e+12,0.65521758,19.0,2178.0,0.33007233,0.0
7385,1.5162009e+12,0.00015593,0.00015644,0.00015132,0.00015644,3467.0,1.5162012e+12,0.53056872,21.0,48.0,0.00749778,0.0
7386,1.5162012e+12,0.00015417,0.00015634,0.00015417,0.00015613,402.0,1.5162015e+12,0.06236064,6.0,183.0,0.02859741,0.0
7387,1.5162015e+12,0.00015416,0.00015468,0.00015105,0.00015468,3327.0,1.5162018e+12,0.50367819,11.0,4.0,0.00061872,0.0
7388,1.5162018e+12,0.0001539,0.0001539,0.00015111,0.00015349,5712.0,1.5162021e+12,0.87019727,22.0,4131.0,0.63120093,0.0
7389,1.5162021e+12,0.00015204,0.00015327,0.00015182,0.00015182,916.0,1.5162024e+12,0.13929884,4.0,130.0,0.0199251,0.0
7390,1.5162024e+12,0.00015119,0.00015204,0.00015119,0.00015119,454.0,1.5162027e+12,0.06865882,4.0,8.0,0.00121632,0.0
7391,1.5162027e+12,0.00015126,0.00015345,0.00015126,0.000152,8093.0,1.516203e+12,1.23106186,24.0,2188.0,0.33260778,0.0
7392,1.516203e+12,0.000152,0.000152,0.0001487,0.0001487,23709.0,1.5162033e+12,3.54422633,21.0,8158.0,1.21442379,0.0
7393,1.5162033e+12,0.00015093,0.00015093,0.00014814,0.0001505,2021.0,1.5162036e+12,0.30449295,16.0,1052.0,0.15853633,0.0
7394,1.5162036e+12,0.00015007,0.00015007,0.00014824,0.00014832,5165.0,1.5162039e+12,0.77235565,12.0,3961.0,0.59379904,0.0
7395,1.5162039e+12,0.00014987,0.00015078,0.00014899,0.00014963,1679.0,1.5162042e+12,0.25215277,7.0,1562.0,0.23468894,0.0
7396,1.5162042e+12,0.00014982,0.0001537,0.00014981,0.0001537,663.0,1.5162045e+12,0.09998281,8.0,313.0,0.04754581,0.0
7397,1.5162045e+12,0.00015592,0.00015592,0.00015164,0.00015165,859.0,1.5162048e+12,0.13234543,7.0,232.0,0.03617344,0.0
7398,1.5162048e+12,0.00015287,0.00015287,0.00015163,0.00015163,7135.0,1.5162051e+12,1.08199855,14.0,1462.0,0.22173615,0.0
7399,1.5162051e+12,0.00015288,0.00015288,0.00015164,0.00015265,53.0,1.5162054e+12,0.00805211,5.0,14.0,0.00213815,0.0
7400,1.5162054e+12,0.00015246,0.00015246,0.00015163,0.00015163,151.0,1.5162057e+12,0.02293846,2.0,51.0,0.00777546,0.0
7401,1.5162057e+12,0.00015214,0.00015214,0.00015163,0.00015163,544.0,1.516206e+12,0.08251987,3.0,65.0,0.0098891,0.0
7402,1.516206e+12,0.00015163,0.00015288,0.00015163,0.00015288,249.0,1.5162063e+12,0.03783578,5.0,150.0,0.02282441,0.0
7403,1.5162063e+12,0.00015279,0.00015287,0.00015167,0.00015287,898.0,1.5162066e+12,0.13701497,9.0,834.0,0.12730709,0.0
7404,1.5162066e+12,0.00015164,0.00015164,0.00015093,0.00015113,3388.0,1.5162069e+12,0.51219915,15.0,2975.0,0.44964269,0.0
7405,1.5162069e+12,0.00015104,0.00015104,0.00014994,0.00014994,64.0,1.5162072e+12,0.00965006,3.0,49.0,0.00738446,0.0
7406,1.5162072e+12,0.00014994,0.00015288,0.00014994,0.0001513,2778.0,1.5162075e+12,0.42064909,14.0,1978.0,0.29954752,0.0
7407,1.5162075e+12,0.00015135,0.000162,0.00015135,0.00015615,18334.0,1.5162078e+12,2.88878533,28.0,18226.0,2.87224449,0.0
7408,1.5162078e+12,0.00015686,0.0001584,0.00015685,0.0001578,1363.0,1.5162081e+12,0.2141929,9.0,0.0,0.0,0.0
7409,1.5162081e+12,0.00015791,0.00015943,0.00015765,0.00015765,999.0,1.5162084e+12,0.15793356,6.0,61.0,0.00972523,0.0
7410,1.5162084e+12,0.00015916,0.00016194,0.00015761,0.00015762,2181.0,1.5162087e+12,0.34610968,10.0,1834.0,0.29139631,0.0
7411,1.5162087e+12,0.00015338,0.00015772,0.00015338,0.00015772,362.0,1.516209e+12,0.05622664,3.0,162.0,0.02555064,0.0
7412,1.516209e+12,0.00015939,0.00016199,0.00015931,0.00016194,2229.0,1.5162093e+12,0.35967719,9.0,1114.0,0.18031036,0.0
7413,1.5162093e+12,0.00016194,0.000162,0.00016194,0.00016199,6574.0,1.5162096e+12,1.06460071,18.0,238.0,0.03854887,0.0
7414,1.5162096e+12,0.00015819,0.00016199,0.00015819,0.00015845,1407.0,1.5162099e+12,0.22300584,7.0,32.0,0.00518368,0.0
7415,1.5162099e+12,0.00015852,0.00015852,0.00015184,0.0001538,2442.0,1.5162102e+12,0.37921413,17.0,1094.0,0.1691069,0.0
7416,1.5162102e+12,0.00015379,0.0001556,0.00015185,0.0001556,2712.0,1.5162105e+12,0.4180714,17.0,240.0,0.03721278,0.0
7417,1.5162105e+12,0.00015558,0.00015558,0.00015558,0.00015558,1064.0,1.5162108e+12,0.16553712,2.0,1064.0,0.16553712,0.0
7418,1.5162108e+12,0.00015558,0.00015558,0.00015558,0.00015558,384.0,1.5162111e+12,0.05974272,2.0,384.0,0.05974272,0.0
7419,1.5162111e+12,0.00015566,0.00015816,0.00015566,0.00015603,591.0,1.5162114e+12,0.0929243,6.0,129.0,0.02008014,0.0
7420,1.5162114e+12,0.00015606,0.00015606,0.00015103,0.00015561,1481.0,1.5162117e+12,0.23037713,15.0,781.0,0.12150635,0.0
7421,1.5162117e+12,0.00015602,0.00015603,0.00015602,0.00015603,361.0,1.516212e+12,0.05632557,3.0,361.0,0.05632557,0.0
7422,1.516212e+12,0.000156,0.000156,0.00015559,0.00015559,1039.0,1.5162123e+12,0.16170598,4.0,100.0,0.0156,0.0
7423,1.5162123e+12,0.00015559,0.00015559,0.00015499,0.000155,806.0,1.5162126e+12,0.12509157,10.0,528.0,0.08183755,0.0
7424,1.5162126e+12,0.000155,0.000155,0.000155,0.000155,14.0,1.5162129e+12,0.00217,1.0,14.0,0.00217,0.0
7425,1.5162129e+12,0.00015348,0.00015608,0.00015348,0.00015608,9545.0,1.5162132e+12,1.48392237,35.0,3117.0,0.48331002,0.0
7426,1.5162132e+12,0.00015532,0.00015532,0.00015532,0.00015532,18.0,1.5162135e+12,0.00279576,1.0,0.0,0.0,0.0
7427,1.5162135e+12,0.00015643,0.00015745,0.00015618,0.00015619,1287.0,1.5162138e+12,0.20185657,5.0,650.0,0.10233688,0.0
7428,1.5162138e+12,0.00015675,0.0001569,0.00015675,0.0001569,182.0,1.5162141e+12,0.02853352,3.0,182.0,0.02853352,0.0
7429,1.5162141e+12,0.00015713,0.00015714,0.00015713,0.00015714,175.0,1.5162144e+12,0.02749847,2.0,175.0,0.02749847,0.0
7430,1.5162144e+12,0.00015713,0.00015761,0.00015713,0.0001576,225.0,1.5162147e+12,0.03543934,4.0,47.0,0.00738528,0.0
7431,1.5162147e+12,0.00015945,0.00015946,0.00015759,0.00015759,498.0,1.516215e+12,0.07931763,3.0,450.0,0.07175331,0.0
7432,1.516215e+12,0.00015937,0.00015949,0.00015932,0.00015949,9132.0,1.5162153e+12,1.45634275,30.0,4087.0,0.6517157,0.0
7433,1.5162153e+12,0.00015674,0.00015692,0.00015674,0.00015683,2100.0,1.5162156e+12,0.3294573,5.0,0.0,0.0,0.0
7434,1.5162156e+12,0.000157,0.00015957,0.000157,0.00015957,159.0,1.5162159e+12,0.02505038,2.0,34.0,0.00542538,0.0
7435,1.5162159e+12,0.00015913,0.00015913,0.00015704,0.00015704,632.0,1.5162162e+12,0.0995583,10.0,324.0,0.05118382,0.0
7436,1.5162162e+12,0.00015618,0.00015747,0.00015583,0.00015583,1498.0,1.5162165e+12,0.23419926,9.0,920.0,0.14395072,0.0
7437,1.5162165e+12,0.0001575,0.0001575,0.00015747,0.00015747,122.0,1.5162168e+12,0.0192117,2.0,122.0,0.0192117,0.0
7438,1.5162168e+12,0.00015579,0.00015579,0.00015579,0.00015579,20.0,1.5162171e+12,0.0031158,1.0,0.0,0.0,0.0
7439,1.5162171e+12,0.00015377,0.00015392,0.00015376,0.00015392,949.0,1.5162174e+12,0.1460218,10.0,0.0,0.0,0.0
7440,1.5162174e+12,0.00015392,0.00015498,0.00015379,0.00015481,1680.0,1.5162177e+12,0.25941869,12.0,991.0,0.15343788,0.0
7441,1.5162177e+12,0.0001569,0.00015692,0.0001569,0.00015692,174.0,1.516218e+12,0.02730133,3.0,145.0,0.02275065,0.0
7442,1.516218e+12,0.00015742,0.00015807,0.0001558,0.00015807,1492.0,1.5162183e+12,0.2333821,11.0,1108.0,0.17354802,0.0
7443,1.5162183e+12,0.00015802,0.00015813,0.00015802,0.00015813,543.0,1.5162186e+12,0.08583121,3.0,543.0,0.08583121,0.0
7444,1.5162186e+12,0.00015977,0.0001628,0.00015773,0.00015809,6003.0,1.5162189e+12,0.97045731,21.0,2229.0,0.36214155,0.0
7445,1.5162189e+12,0.00015813,0.00016239,0.00015813,0.00016239,924.0,1.5162192e+12,0.14618831,10.0,12.0,0.00194868,0.0
7446,1.5162192e+12,0.00016157,0.00016292,0.00015895,0.00016146,4051.0,1.5162195e+12,0.65804517,11.0,3923.0,0.63769957,0.0
7447,1.5162195e+12,0.00016045,0.00016045,0.00016045,0.00016045,80.0,1.5162198e+12,0.012836,1.0,0.0,0.0,0.0
7448,1.5162198e+12,0.00016108,0.00016201,0.00016108,0.00016201,464.0,1.5162201e+12,0.07502471,5.0,28.0,0.00451948,0.0
7449,1.5162201e+12,0.00016285,0.00016293,0.00016285,0.00016292,4370.0,1.5162204e+12,0.71195816,7.0,4370.0,0.71195816,0.0
7450,1.5162204e+12,0.00016292,0.00016293,0.00016292,0.00016293,1076.0,1.5162207e+12,0.1753122,6.0,1028.0,0.16749204,0.0
7451,1.5162207e+12,0.00016292,0.00016292,0.00016292,0.00016292,382.0,1.516221e+12,0.06223544,1.0,0.0,0.0,0.0
7452,1.516221e+12,0.00016291,0.00016293,0.0001628,0.0001628,1336.0,1.5162213e+12,0.21763549,7.0,1336.0,0.21763549,0.0
7453,1.5162213e+12,0.0001628,0.0001628,0.00015847,0.0001601,688.0,1.5162216e+12,0.11032695,6.0,200.0,0.03253943,0.0
7454,1.5162216e+12,0.0001618,0.00016192,0.0001601,0.0001602,474.0,1.5162219e+12,0.07639234,7.0,280.0,0.04531828,0.0
7455,1.5162219e+12,0.00016037,0.00016463,0.00016036,0.0001611,6381.0,1.5162222e+12,1.03042554,27.0,2708.0,0.43856227,0.0
7456,1.5162222e+12,0.00016105,0.00016118,0.00016104,0.00016105,1727.0,1.5162225e+12,0.27814397,12.0,1480.0,0.23836462,0.0
7457,1.5162225e+12,0.00016118,0.00016271,0.00016106,0.00016116,2247.0,1.5162228e+12,0.36221924,13.0,200.0,0.0324808,0.0
7458,1.5162228e+12,0.00016121,0.00016223,0.0001612,0.00016199,1197.0,1.5162231e+12,0.19390309,9.0,674.0,0.10927164,0.0
7459,1.5162231e+12,0.00016199,0.00016209,0.0001612,0.00016179,29871.0,1.5162234e+12,4.83561944,25.0,27005.0,4.37294733,0.0
7460,1.5162234e+12,0.00016192,0.00016747,0.00016192,0.00016747,28088.0,1.5162237e+12,4.62412851,33.0,26193.0,4.30838791,0.0
7461,1.5162237e+12,0.00016747,0.00016795,0.00016563,0.00016675,1854.0,1.516224e+12,0.31084314,15.0,1819.0,0.30503489,0.0
7462,1.516224e+12,0.00016794,0.00016799,0.00016675,0.00016678,4377.0,1.5162243e+12,0.73223406,17.0,1668.0,0.27912262,0.0
7463,1.5162243e+12,0.00016678,0.00016797,0.00016674,0.00016797,30286.0,1.5162246e+12,5.07439234,10.0,30060.0,5.03670648,0.0
7464,1.5162246e+12,0.00016796,0.00017399,0.00016682,0.00017121,17142.0,1.5162249e+12,2.95012613,43.0,13806.0,2.3840074,0.0
7465,1.5162249e+12,0.00017283,0.00017438,0.00017099,0.00017099,14705.0,1.5162252e+12,2.56003462,24.0,13804.0,2.40338869,0.0
7466,1.5162252e+12,0.00017399,0.00017437,0.0001713,0.00017435,1623.0,1.5162255e+12,0.28112766,12.0,1166.0,0.20280549,0.0
7467,1.5162255e+12,0.00017435,0.00017435,0.00017275,0.00017417,766.0,1.5162258e+12,0.13325733,14.0,487.0,0.08489393,0.0
7468,1.5162258e+12,0.00017417,0.00017417,0.00017283,0.00017293,3331.0,1.5162261e+12,0.57776947,23.0,1411.0,0.24573521,0.0
7469,1.5162261e+12,0.0001728,0.0001728,0.00017082,0.00017082,2236.0,1.5162264e+12,0.38509802,14.0,1325.0,0.22832034,0.0
7470,1.5162264e+12,0.00017069,0.00017069,0.0001703,0.0001703,5139.0,1.5162267e+12,0.87615533,19.0,2101.0,0.35854087,0.0
7471,1.5162267e+12,0.00017029,0.00017029,0.00016666,0.00016916,19629.0,1.516227e+12,3.28018532,55.0,3129.0,0.52491004,0.0
7472,1.516227e+12,0.00016932,0.00016933,0.00016669,0.00016672,5455.0,1.5162273e+12,0.91440138,28.0,2598.0,0.43800998,0.0
7473,1.5162273e+12,0.00016673,0.00016999,0.00016521,0.00016521,6435.0,1.5162276e+12,1.08228779,33.0,3320.0,0.56112747,0.0
7474,1.5162276e+12,0.00016521,0.00016684,0.00016519,0.00016519,9668.0,1.5162279e+12,1.60565457,34.0,1716.0,0.28588171,0.0
7475,1.5162279e+12,0.00016518,0.00017066,0.00016415,0.00016887,14474.0,1.5162282e+12,2.40670293,56.0,10095.0,1.67779638,0.0
7476,1.5162282e+12,0.0001689,0.0001722,0.0001689,0.0001722,4817.0,1.5162285e+12,0.82217327,25.0,4399.0,0.75087989,0.0
7477,1.5162285e+12,0.00017422,0.000175,0.00017206,0.00017304,5761.0,1.5162288e+12,1.00236804,33.0,4315.0,0.75258155,0.0
7478,1.5162288e+12,0.00017487,0.000175,0.00016734,0.00016748,26102.0,1.5162291e+12,4.54641057,49.0,21428.0,3.74479125,0.0
7479,1.5162291e+12,0.00016799,0.00017105,0.00016748,0.0001693,5972.0,1.5162294e+12,1.01495825,30.0,4455.0,0.75786314,0.0
7480,1.5162294e+12,0.00016931,0.00016931,0.00016847,0.0001692,3519.0,1.5162297e+12,0.59524656,14.0,343.0,0.05804246,0.0
7481,1.5162297e+12,0.000169,0.000169,0.000166,0.00016881,2480.0,1.51623e+12,0.41399087,22.0,734.0,0.12265596,0.0
7482,1.51623e+12,0.00016881,0.00016886,0.00016881,0.00016886,3971.0,1.5162303e+12,0.67034821,7.0,74.0,0.01249564,0.0
7483,1.5162303e+12,0.00016886,0.00016886,0.00016339,0.0001634,1213.0,1.5162306e+12,0.2031695,19.0,178.0,0.03005139,0.0
7484,1.5162306e+12,0.0001634,0.00016881,0.000163,0.00016528,10253.0,1.5162309e+12,1.70202072,46.0,2876.0,0.48229727,0.0
7485,1.5162309e+12,0.00016867,0.000171,0.00016852,0.000171,1791.0,1.5162312e+12,0.30263034,15.0,1607.0,0.2715693,0.0
7486,1.5162312e+12,0.00017101,0.00017101,0.000171,0.000171,792.0,1.5162315e+12,0.13543316,3.0,0.0,0.0,0.0
7487,1.5162315e+12,0.00016898,0.00017121,0.00016898,0.00016917,1282.0,1.5162318e+12,0.21912054,5.0,116.0,0.01960168,0.0
7488,1.5162318e+12,0.00016999,0.00017118,0.00016999,0.00017,4877.0,1.5162321e+12,0.82948782,22.0,3125.0,0.53131962,0.0
7489,1.5162321e+12,0.00017007,0.00017012,0.00016997,0.00017011,7260.0,1.5162324e+12,1.23434459,20.0,3537.0,0.60125278,0.0
7490,1.5162324e+12,0.00016993,0.00017195,0.00016993,0.00017191,1954.0,1.5162327e+12,0.3352503,10.0,1636.0,0.28058149,0.0
7491,1.5162327e+12,0.00017037,0.00017188,0.00016995,0.00017173,8214.0,1.516233e+12,1.40195349,24.0,3350.0,0.57329482,0.0
7492,1.516233e+12,0.00017168,0.00017189,0.00017167,0.00017168,1441.0,1.5162333e+12,0.24741422,12.0,798.0,0.13702398,0.0
7493,1.5162333e+12,0.00017189,0.00017198,0.00017162,0.00017162,5162.0,1.5162336e+12,0.88746236,15.0,1785.0,0.30682986,0.0
7494,1.5162336e+12,0.00017004,0.00017165,0.00017004,0.00017159,1661.0,1.5162339e+12,0.28494173,5.0,1603.0,0.27507797,0.0
7495,1.5162339e+12,0.00017008,0.00017009,0.00016505,0.00016508,7636.0,1.5162342e+12,1.28998857,35.0,427.0,0.0717784,0.0
7496,1.5162342e+12,0.00016528,0.0001707,0.0001635,0.00016694,5016.0,1.5162345e+12,0.82590282,40.0,2537.0,0.41746346,0.0
7497,1.5162345e+12,0.00016697,0.0001701,0.00016697,0.00016999,1327.0,1.5162348e+12,0.22488705,7.0,1085.0,0.18443117,0.0
7498,1.5162348e+12,0.00016793,0.00016951,0.00016694,0.00016951,5187.0,1.5162351e+12,0.8709511,13.0,4136.0,0.69452525,0.0
7499,1.5162351e+12,0.00016941,0.00016947,0.00016793,0.00016935,1000.0,1.5162354e+12,0.16918074,11.0,762.0,0.12908976,0.0
7500,1.5162354e+12,0.00016761,0.00016898,0.00016757,0.00016757,2066.0,1.5162357e+12,0.34750725,4.0,578.0,0.09767044,0.0
7501,1.5162357e+12,0.00016742,0.000169,0.0001635,0.00016898,3159.0,1.516236e+12,0.52954418,19.0,1999.0,0.33719751,0.0
7502,1.516236e+12,0.00016641,0.00016898,0.00016641,0.0001689,2289.0,1.5162363e+12,0.38614359,16.0,692.0,0.1168915,0.0
7503,1.5162363e+12,0.00016889,0.00016896,0.00016706,0.00016896,1728.0,1.5162366e+12,0.28946932,7.0,446.0,0.0752984,0.0
7504,1.5162366e+12,0.00016884,0.00017083,0.00016884,0.00017083,2982.0,1.5162369e+12,0.50591813,15.0,2605.0,0.44178666,0.0
7505,1.5162369e+12,0.0001704,0.00017083,0.00017014,0.00017083,3248.0,1.5162372e+12,0.55480252,5.0,3228.0,0.55139972,0.0
7506,1.5162372e+12,0.00017082,0.000174,0.00017082,0.000174,11113.0,1.5162375e+12,1.92510594,26.0,6481.0,1.12371594,0.0
7507,1.5162375e+12,0.000174,0.000174,0.00017365,0.00017365,2713.0,1.5162378e+12,0.47118612,24.0,213.0,0.03705758,0.0
7508,1.5162378e+12,0.00017114,0.00017499,0.00017114,0.00017403,1994.0,1.5162381e+12,0.34591214,25.0,1651.0,0.2869026,0.0
7509,1.5162381e+12,0.00017453,0.00017491,0.0001729,0.00017309,6039.0,1.5162384e+12,1.05289639,14.0,1201.0,0.20993218,0.0
7510,1.5162384e+12,0.00017309,0.00017479,0.00016912,0.00017479,902.0,1.5162387e+12,0.15617669,12.0,543.0,0.09432641,0.0
7511,1.5162387e+12,0.00017286,0.00017479,0.00017286,0.00017476,648.0,1.516239e+12,0.1131656,8.0,648.0,0.1131656,0.0
7512,1.516239e+12,0.00017476,0.00017481,0.00017154,0.00017209,4683.0,1.5162393e+12,0.8175212,20.0,1912.0,0.33356516,0.0
7513,1.5162393e+12,0.0001721,0.00017598,0.0001721,0.00017404,2198.0,1.5162396e+12,0.38545184,11.0,1675.0,0.29435326,0.0
7514,1.5162396e+12,0.00017416,0.00017585,0.00017416,0.00017485,303.0,1.5162399e+12,0.05282526,3.0,62.0,0.0108527,0.0
7515,1.5162399e+12,0.00017459,0.00017598,0.00017322,0.00017322,3048.0,1.5162402e+12,0.53125766,25.0,953.0,0.16644884,0.0
7516,1.5162402e+12,0.00017322,0.00017384,0.00017322,0.00017323,427.0,1.5162405e+12,0.0741982,6.0,394.0,0.06848176,0.0
7517,1.5162405e+12,0.00017324,0.00017385,0.00017322,0.00017384,710.0,1.5162408e+12,0.1231769,10.0,277.0,0.0481553,0.0
7518,1.5162408e+12,0.00017328,0.0001738,0.00017328,0.00017328,1544.0,1.5162411e+12,0.26819582,11.0,1228.0,0.21341979,0.0
7519,1.5162411e+12,0.00017328,0.00017898,0.00017328,0.00017898,11607.0,1.5162414e+12,2.03978547,31.0,11095.0,1.94900736,0.0
7520,1.5162414e+12,0.00017898,0.00017998,0.00017758,0.00017779,5885.0,1.5162417e+12,1.0519212,44.0,4492.0,0.80357975,0.0
7521,1.5162417e+12,0.00017779,0.00018376,0.00017553,0.00018376,3395.0,1.516242e+12,0.61696957,26.0,2163.0,0.39116463,0.0
7522,1.516242e+12,0.00018039,0.00018373,0.00018039,0.00018103,3136.0,1.5162423e+12,0.56931014,19.0,514.0,0.0944283,0.0
7523,1.5162423e+12,0.00018104,0.00018322,0.00017522,0.00018298,2035.0,1.5162426e+12,0.36810312,16.0,867.0,0.1586439,0.0
7524,1.5162426e+12,0.00018108,0.0001829,0.00017638,0.00018067,1166.0,1.5162429e+12,0.21088569,20.0,822.0,0.14925884,0.0
7525,1.5162429e+12,0.00017889,0.00017897,0.00017704,0.00017704,388.0,1.5162432e+12,0.06917168,13.0,76.0,0.01359522,0.0
7526,1.5162432e+12,0.00017455,0.00017478,0.00017206,0.00017208,5784.0,1.5162435e+12,1.0034097,27.0,666.0,0.11622794,0.0
7527,1.5162435e+12,0.00017408,0.00017408,0.00016887,0.00017344,8708.0,1.5162438e+12,1.49098166,32.0,1742.0,0.30262038,0.0
7528,1.5162438e+12,0.00017297,0.00017297,0.00017004,0.00017028,2787.0,1.5162441e+12,0.48113293,14.0,2490.0,0.43056505,0.0
7529,1.5162441e+12,0.00017043,0.00017043,0.00016,0.00016339,32070.0,1.5162444e+12,5.36366441,146.0,6803.0,1.14530454,0.0
7530,1.5162444e+12,0.00016342,0.00016674,0.00016339,0.00016674,28313.0,1.5162447e+12,4.68586933,179.0,13229.0,2.20216116,0.0
7531,1.5162447e+12,0.00016669,0.00016669,0.00016345,0.00016519,5186.0,1.516245e+12,0.8568633,38.0,2228.0,0.36933613,0.0
7532,1.516245e+12,0.00016519,0.00016926,0.00016444,0.00016926,11375.0,1.5162453e+12,1.8987595,68.0,8411.0,1.40837755,0.0
7533,1.5162453e+12,0.00016943,0.00017161,0.00016884,0.00016998,6486.0,1.5162456e+12,1.10221446,45.0,1475.0,0.25172063,0.0
7534,1.5162456e+12,0.00016998,0.00017311,0.00016889,0.00016932,11071.0,1.5162459e+12,1.89622221,61.0,7931.0,1.36118552,0.0
7535,1.5162459e+12,0.00017015,0.00017133,0.00016888,0.00017007,6100.0,1.5162462e+12,1.04192223,32.0,993.0,0.16978853,0.0
7536,1.5162462e+12,0.00017012,0.00017012,0.000167,0.0001672,4221.0,1.5162465e+12,0.71066115,33.0,849.0,0.14276567,0.0
7537,1.5162465e+12,0.00016791,0.00016895,0.00016513,0.00016727,3198.0,1.5162468e+12,0.53387537,18.0,1821.0,0.30493767,0.0
7538,1.5162468e+12,0.00016895,0.00016895,0.00016511,0.000168,2914.0,1.5162471e+12,0.48438368,27.0,235.0,0.03965158,0.0
7539,1.5162471e+12,0.00016679,0.00016685,0.00016518,0.00016519,1225.0,1.5162474e+12,0.20334603,16.0,926.0,0.15380021,0.0
7540,1.5162474e+12,0.00016519,0.0001652,0.00016519,0.0001652,2556.0,1.5162477e+12,0.42223445,11.0,651.0,0.1075452,0.0
7541,1.5162477e+12,0.0001652,0.00016718,0.00016519,0.00016718,1460.0,1.516248e+12,0.24167201,18.0,1218.0,0.20169603,0.0
7542,1.516248e+12,0.00016699,0.00016699,0.00016339,0.00016491,7012.0,1.5162483e+12,1.15204317,29.0,3338.0,0.55029676,0.0
7543,1.5162483e+12,0.00016491,0.00016513,0.00016341,0.00016341,2360.0,1.5162486e+12,0.38848177,9.0,1662.0,0.27422543,0.0
7544,1.5162486e+12,0.00016335,0.00016503,0.00016335,0.00016503,2328.0,1.5162489e+12,0.38350098,9.0,2165.0,0.35678297,0.0
7545,1.5162489e+12,0.00016892,0.00016893,0.00016731,0.00016758,3377.0,1.5162492e+12,0.56697477,23.0,1140.0,0.19199615,0.0
7546,1.5162492e+12,0.00016718,0.00016755,0.00016684,0.00016693,1680.0,1.5162495e+12,0.28054549,8.0,1410.0,0.23540689,0.0
7547,1.5162495e+12,0.00016754,0.00016755,0.00016546,0.00016618,5243.0,1.5162498e+12,0.87716132,23.0,3589.0,0.6007083,0.0
7548,1.5162498e+12,0.00016699,0.00016754,0.00016699,0.00016752,881.0,1.5162501e+12,0.14746537,8.0,881.0,0.14746537,0.0
7549,1.5162501e+12,0.00016751,0.00016893,0.00016451,0.00016689,14761.0,1.5162504e+12,2.47356936,45.0,5644.0,0.94578164,0.0
7550,1.5162504e+12,0.00016452,0.00016845,0.0001645,0.00016845,862.0,1.5162507e+12,0.14235431,9.0,280.0,0.04658508,0.0
7551,1.5162507e+12,0.000168,0.000168,0.000167,0.000167,126.0,1.516251e+12,0.021121,5.0,0.0,0.0,0.0
7552,1.516251e+12,0.00016665,0.00016665,0.00016664,0.00016664,279.0,1.5162513e+12,0.04649499,2.0,0.0,0.0,0.0
7553,1.5162513e+12,0.00016665,0.00016796,0.00016665,0.00016796,620.0,1.5162516e+12,0.10335063,4.0,386.0,0.06435048,0.0
7554,1.5162516e+12,0.00016668,0.00016668,0.00016663,0.00016664,4607.0,1.5162519e+12,0.76767795,18.0,327.0,0.05449848,0.0
7555,1.5162519e+12,0.00016664,0.00016737,0.00016663,0.00016663,1382.0,1.5162522e+12,0.23033164,10.0,65.0,0.01087905,0.0
7556,1.5162522e+12,0.00016737,0.0001679,0.0001667,0.00016737,314.0,1.5162525e+12,0.05254125,6.0,249.0,0.04170575,0.0
7557,1.5162525e+12,0.00016737,0.000169,0.00016737,0.00016737,6572.0,1.5162528e+12,1.10476745,16.0,3458.0,0.58353196,0.0
7558,1.5162528e+12,0.00016737,0.00016889,0.00016737,0.00016761,1208.0,1.5162531e+12,0.20370014,4.0,1000.0,0.1688543,0.0
7559,1.5162531e+12,0.00016774,0.00016888,0.00016774,0.00016805,3761.0,1.5162534e+12,0.63472228,23.0,3543.0,0.59809777,0.0
7560,1.5162534e+12,0.00016869,0.000169,0.00016743,0.00016749,5647.0,1.5162537e+12,0.95382543,21.0,5446.0,0.91999162,0.0
7561,1.5162537e+12,0.00016889,0.00017058,0.00016889,0.00017034,335.0,1.516254e+12,0.05680418,3.0,335.0,0.05680418,0.0
7562,1.516254e+12,0.00017028,0.00017029,0.00016762,0.00016762,2928.0,1.5162543e+12,0.49345412,18.0,208.0,0.03541986,0.0
7563,1.5162543e+12,0.00016766,0.00016885,0.00016749,0.00016885,1884.0,1.5162546e+12,0.31592606,8.0,253.0,0.04269476,0.0
7564,1.5162546e+12,0.00016883,0.00017183,0.00016863,0.00016903,3562.0,1.5162549e+12,0.60430914,19.0,3390.0,0.57513991,0.0
7565,1.5162549e+12,0.00017145,0.00017173,0.00016907,0.00016918,5083.0,1.5162552e+12,0.86928125,14.0,3653.0,0.62639317,0.0
7566,1.5162552e+12,0.00017008,0.00017174,0.00017,0.00017173,3308.0,1.5162555e+12,0.56496516,18.0,1502.0,0.25771743,0.0
7567,1.5162555e+12,0.00017033,0.00017171,0.0001673,0.00016917,3350.0,1.5162558e+12,0.56973548,9.0,202.0,0.03468542,0.0
7568,1.5162558e+12,0.0001699,0.0001699,0.00016743,0.00016754,471.0,1.5162561e+12,0.07963,5.0,251.0,0.04246167,0.0
7569,1.5162561e+12,0.00016766,0.000173,0.00016766,0.0001701,4328.0,1.5162564e+12,0.73372658,20.0,1841.0,0.31430872,0.0
7570,1.5162564e+12,0.00017008,0.00017028,0.00016905,0.00016905,3915.0,1.5162567e+12,0.66628242,10.0,2677.0,0.45569103,0.0
7571,1.5162567e+12,0.00017027,0.00017027,0.00017027,0.00017027,300.0,1.516257e+12,0.051081,2.0,77.0,0.01311079,0.0
7572,1.516257e+12,0.00017063,0.00017063,0.00016905,0.00016905,4161.0,1.5162573e+12,0.70965138,10.0,1217.0,0.20753348,0.0
7573,1.5162573e+12,0.00017024,0.00017049,0.00016877,0.00017049,567.0,1.5162576e+12,0.09637162,11.0,458.0,0.07796412,0.0
7574,1.5162576e+12,0.00016891,0.00017053,0.00016876,0.00017002,5852.0,1.5162579e+12,0.99318389,12.0,3172.0,0.54080268,0.0
7575,1.5162579e+12,0.00016888,0.00017046,0.0001688,0.0001688,4719.0,1.5162582e+12,0.7973886,12.0,1584.0,0.2675438,0.0
7576,1.5162582e+12,0.0001688,0.0001688,0.00016879,0.0001688,1158.0,1.5162585e+12,0.19546922,6.0,18.0,0.0030384,0.0
7577,1.5162585e+12,0.00016879,0.0001688,0.00016871,0.00016871,2722.0,1.5162588e+12,0.45937111,10.0,936.0,0.15793499,0.0
7578,1.5162588e+12,0.0001673,0.00016877,0.0001673,0.00016877,2540.0,1.5162591e+12,0.42775604,11.0,2064.0,0.3480742,0.0
7579,1.5162591e+12,0.00016877,0.00016877,0.00016763,0.00016765,1306.0,1.5162594e+12,0.21907529,9.0,124.0,0.02092453,0.0
7580,1.5162594e+12,0.00016767,0.00016874,0.00016751,0.00016874,2893.0,1.5162597e+12,0.48627856,8.0,1213.0,0.2046683,0.0
7581,1.5162597e+12,0.00016766,0.0001688,0.00016765,0.0001688,3462.0,1.51626e+12,0.58268133,15.0,2028.0,0.34220688,0.0
7582,1.51626e+12,0.00016873,0.00016873,0.0001675,0.00016752,3776.0,1.5162603e+12,0.63360565,11.0,387.0,0.06529234,0.0
7583,1.5162603e+12,0.00016752,0.00016752,0.00016729,0.00016729,1772.0,1.5162606e+12,0.29673497,11.0,245.0,0.04099925,0.0
7584,1.5162606e+12,0.00016729,0.00016874,0.00016671,0.00016749,3922.0,1.5162609e+12,0.65748246,14.0,1620.0,0.27196898,0.0
7585,1.5162609e+12,0.00016674,0.00016742,0.00016663,0.00016663,2073.0,1.5162612e+12,0.34553034,6.0,128.0,0.02142976,0.0
7586,1.5162612e+12,0.00016733,0.00016733,0.00016584,0.00016584,3711.0,1.5162615e+12,0.61640219,13.0,36.0,0.00602344,0.0
7587,1.5162615e+12,0.00016584,0.00016682,0.00016411,0.00016446,9609.0,1.5162618e+12,1.58466369,27.0,6940.0,1.14482069,0.0
7588,1.5162618e+12,0.00016444,0.000167,0.000164,0.00016588,3321.0,1.5162621e+12,0.55006911,16.0,3188.0,0.5279806,0.0
7589,1.5162621e+12,0.0001636,0.00016491,0.00016347,0.00016489,1806.0,1.5162624e+12,0.29552753,6.0,90.0,0.0148413,0.0
7590,1.5162624e+12,0.00016473,0.00016473,0.00015666,0.00016184,12678.0,1.5162627e+12,1.99427533,27.0,121.0,0.01978654,0.0
7591,1.5162627e+12,0.0001602,0.00016201,0.00015989,0.00016199,2752.0,1.516263e+12,0.44368503,19.0,1947.0,0.31489715,0.0
7592,1.516263e+12,0.00016199,0.00016202,0.00016199,0.00016202,102.0,1.5162633e+12,0.01652492,4.0,102.0,0.01652492,0.0
7593,1.5162633e+12,0.00016349,0.00016349,0.00016349,0.00016349,26.0,1.5162636e+12,0.00425074,1.0,26.0,0.00425074,0.0
7594,1.5162636e+12,0.00016253,0.00016253,0.00016252,0.00016252,704.0,1.5162639e+12,0.114421,4.0,569.0,0.09247957,0.0
7595,1.5162639e+12,0.00016253,0.00016445,0.00016253,0.00016261,2669.0,1.5162642e+12,0.43422629,5.0,218.0,0.0358501,0.0
7596,1.5162642e+12,0.00016262,0.00016427,0.00016262,0.00016427,62.0,1.5162645e+12,0.01018144,2.0,60.0,0.0098562,0.0
7597,1.5162645e+12,0.00016425,0.00016449,0.00016264,0.00016449,1120.0,1.5162648e+12,0.18295,7.0,148.0,0.0243294,0.0
7598,1.5162648e+12,0.0001645,0.0001645,0.0001645,0.0001645,479.0,1.5162651e+12,0.0787955,4.0,479.0,0.0787955,0.0
7599,1.5162651e+12,0.0001645,0.0001672,0.0001645,0.0001672,2387.0,1.5162654e+12,0.39327234,9.0,2387.0,0.39327234,0.0
7600,1.5162654e+12,0.0001672,0.0001672,0.00016564,0.00016564,176.0,1.5162657e+12,0.02924,4.0,32.0,0.0053504,0.0
7601,1.5162657e+12,0.000164,0.000164,0.00016384,0.00016387,3697.0,1.516266e+12,0.60616248,10.0,328.0,0.05374741,0.0
7602,1.516266e+12,0.00016499,0.00016548,0.00016389,0.00016411,4978.0,1.5162663e+12,0.82035005,11.0,4062.0,0.67018237,0.0
7603,1.5162663e+12,0.00016545,0.00016581,0.00016417,0.00016421,1939.0,1.5162666e+12,0.31993838,9.0,1064.0,0.17628583,0.0
7604,1.5162666e+12,0.0001642,0.0001642,0.00016111,0.00016295,6304.0,1.5162669e+12,1.03193736,12.0,2122.0,0.34579184,0.0
7605,1.5162669e+12,0.00016293,0.00016537,0.00016293,0.00016339,2147.0,1.5162672e+12,0.35205358,19.0,837.0,0.13758011,0.0
7606,1.5162672e+12,0.00016344,0.00016401,0.00016344,0.00016401,278.0,1.5162675e+12,0.04552017,4.0,0.0,0.0,0.0
7607,1.5162675e+12,0.00016511,0.00016553,0.00016461,0.00016553,1371.0,1.5162678e+12,0.22671256,15.0,1335.0,0.2207866,0.0
7608,1.5162678e+12,0.00016553,0.00016553,0.00016315,0.00016315,592.0,1.5162681e+12,0.09755458,7.0,312.0,0.05164432,0.0
7609,1.5162681e+12,0.0001646,0.00016732,0.0001646,0.00016732,1364.0,1.5162684e+12,0.22694391,15.0,962.0,0.16030866,0.0
7610,1.5162684e+12,0.00016623,0.00016876,0.00016623,0.00016864,1999.0,1.5162687e+12,0.33445322,14.0,406.0,0.06846472,0.0
7611,1.5162687e+12,0.0001685,0.00016876,0.00016551,0.00016557,1708.0,1.516269e+12,0.28667177,16.0,813.0,0.13701048,0.0
7612,1.516269e+12,0.00016688,0.00016688,0.0001655,0.0001655,465.0,1.5162693e+12,0.0775302,3.0,0.0,0.0,0.0
7613,1.5162693e+12,0.0001655,0.00016688,0.0001655,0.00016688,785.0,1.5162696e+12,0.13096083,5.0,764.0,0.12748533,0.0
7614,1.5162696e+12,0.00016604,0.00016604,0.0001655,0.0001655,528.0,1.5162699e+12,0.08743206,3.0,89.0,0.01477756,0.0
7615,1.5162699e+12,0.0001655,0.00016592,0.00016374,0.00016592,1992.0,1.5162702e+12,0.33044104,7.0,1455.0,0.2413952,0.0
7616,1.5162702e+12,0.00016593,0.00016687,0.00016592,0.00016687,105.0,1.5162705e+12,0.01744469,3.0,24.0,0.00400488,0.0
7617,1.5162705e+12,0.00016687,0.00017003,0.00016629,0.00016674,4025.0,1.5162708e+12,0.67720132,24.0,786.0,0.13287242,0.0
7618,1.5162708e+12,0.00016998,0.00016998,0.00016641,0.00016641,907.0,1.5162711e+12,0.15143834,13.0,383.0,0.06423433,0.0
7619,1.5162711e+12,0.0001663,0.000167,0.000166,0.00016632,1019.0,1.5162714e+12,0.16927276,7.0,102.0,0.01703346,0.0
7620,1.5162714e+12,0.00016699,0.000167,0.00016699,0.000167,680.0,1.5162717e+12,0.11355924,10.0,628.0,0.10487524,0.0
7621,1.5162717e+12,0.00016705,0.00016831,0.00016705,0.00016831,105.0,1.516272e+12,0.01764021,4.0,15.0,0.00252465,0.0
7622,1.516272e+12,0.00016857,0.00016864,0.00016856,0.00016856,2258.0,1.5162723e+12,0.380664,6.0,2258.0,0.380664,0.0
7623,1.5162723e+12,0.00016908,0.00017308,0.00016715,0.00017044,6391.0,1.5162726e+12,1.08527636,27.0,5471.0,0.92956764,0.0
7624,1.5162726e+12,0.00017057,0.00017061,0.00016782,0.0001695,4362.0,1.5162729e+12,0.74206192,34.0,250.0,0.04251765,0.0
7625,1.5162729e+12,0.0001695,0.00017308,0.00016942,0.00017308,6761.0,1.5162732e+12,1.16343478,16.0,6747.0,1.16106178,0.0
7626,1.5162732e+12,0.00017228,0.00017308,0.00017001,0.00017002,1735.0,1.5162735e+12,0.29868442,19.0,1065.0,0.18395252,0.0
7627,1.5162735e+12,0.00017007,0.00017218,0.00017007,0.000172,6558.0,1.5162738e+12,1.12825532,14.0,153.0,0.02633436,0.0
7628,1.5162738e+12,0.00017202,0.00017371,0.00017202,0.00017228,319.0,1.5162741e+12,0.05521565,6.0,188.0,0.03265087,0.0
7629,1.5162741e+12,0.00017227,0.00017342,0.00016903,0.00016933,3702.0,1.5162744e+12,0.63305003,21.0,523.0,0.09032444,0.0
7630,1.5162744e+12,0.00017164,0.00017164,0.000169,0.000169,2385.0,1.5162747e+12,0.40336127,12.0,262.0,0.04448901,0.0
7631,1.5162747e+12,0.00016919,0.00016976,0.00016802,0.00016909,3896.0,1.516275e+12,0.65799429,17.0,179.0,0.0302814,0.0
7632,1.516275e+12,0.00016914,0.000171,0.00016911,0.00017052,5069.0,1.5162753e+12,0.86351106,14.0,3487.0,0.59427836,0.0
7633,1.5162753e+12,0.00017172,0.00017185,0.00017172,0.00017174,797.0,1.5162756e+12,0.13690616,12.0,572.0,0.0982461,0.0
7634,1.5162756e+12,0.00017,0.00017155,0.00016921,0.00016957,701.0,1.5162759e+12,0.11940039,7.0,296.0,0.05077753,0.0
7635,1.5162759e+12,0.00016968,0.0001697,0.00016909,0.00016921,1831.0,1.5162762e+12,0.30981859,10.0,15.0,0.00253815,0.0
7636,1.5162762e+12,0.00016915,0.00017352,0.00016914,0.00017352,839.0,1.5162765e+12,0.14216607,12.0,496.0,0.08415105,0.0
7637,1.5162765e+12,0.00017183,0.00017194,0.00017183,0.00017194,2890.0,1.5162768e+12,0.49679123,20.0,0.0,0.0,0.0
7638,1.5162768e+12,0.00017004,0.00017217,0.00016961,0.00016962,1937.0,1.5162771e+12,0.32969949,15.0,404.0,0.06905813,0.0
7639,1.5162771e+12,0.00016963,0.00016963,0.0001662,0.0001662,311.0,1.5162774e+12,0.05246748,5.0,53.0,0.00898986,0.0
7640,1.5162774e+12,0.00016955,0.00016955,0.00016947,0.00016947,1029.0,1.5162777e+12,0.17442284,11.0,1029.0,0.17442284,0.0
7641,1.5162777e+12,0.00016947,0.00017355,0.00016876,0.00016917,478.0,1.516278e+12,0.08120206,12.0,238.0,0.04064346,0.0
7642,1.516278e+12,0.000171,0.00017284,0.00017098,0.00017284,4018.0,1.5162783e+12,0.687098,12.0,3354.0,0.57354354,0.0
7643,1.5162783e+12,0.0001727,0.00017602,0.0001727,0.00017602,6309.0,1.5162786e+12,1.09890819,38.0,2877.0,0.50380472,0.0
7644,1.5162786e+12,0.00017502,0.00017603,0.0001734,0.00017491,1850.0,1.5162789e+12,0.32272283,20.0,844.0,0.14797239,0.0
7645,1.5162789e+12,0.00017364,0.00017712,0.00017364,0.00017481,5733.0,1.5162792e+12,1.00401783,49.0,1924.0,0.3381077,0.0
7646,1.5162792e+12,0.00017481,0.00017577,0.00017363,0.0001738,1924.0,1.5162795e+12,0.33515083,30.0,888.0,0.15441693,0.0
7647,1.5162795e+12,0.000174,0.000174,0.00017362,0.00017367,1597.0,1.5162798e+12,0.277388,15.0,169.0,0.02936984,0.0
7648,1.5162798e+12,0.00017383,0.00017383,0.00017101,0.00017101,10375.0,1.5162801e+12,1.80272072,25.0,8448.0,1.4683509,0.0
7649,1.5162801e+12,0.00017363,0.00017363,0.00017153,0.00017287,921.0,1.5162804e+12,0.15892842,13.0,200.0,0.03457789,0.0
7650,1.5162804e+12,0.00017286,0.00017286,0.00017281,0.00017281,127.0,1.5162807e+12,0.02194972,2.0,127.0,0.02194972,0.0
7651,1.5162807e+12,0.00017205,0.00017236,0.00017099,0.000171,2138.0,1.516281e+12,0.36649206,25.0,430.0,0.07392266,0.0
7652,1.516281e+12,0.00017105,0.00017106,0.00017099,0.00017099,1153.0,1.5162813e+12,0.19718887,8.0,0.0,0.0,0.0
7653,1.5162813e+12,0.00017166,0.00017166,0.00017152,0.00017152,687.0,1.5162816e+12,0.11784086,4.0,687.0,0.11784086,0.0
7654,1.5162816e+12,0.000171,0.00017226,0.000171,0.00017226,257.0,1.5162819e+12,0.04411136,3.0,116.0,0.01998216,0.0
7655,1.5162819e+12,0.000173,0.00017349,0.000173,0.00017349,151.0,1.5162822e+12,0.02616465,2.0,151.0,0.02616465,0.0
7656,1.5162822e+12,0.00017305,0.00017305,0.00017006,0.00017006,532.0,1.5162825e+12,0.09070069,5.0,13.0,0.00224941,0.0
7657,1.5162825e+12,0.00017048,0.00017186,0.00016917,0.00017186,10317.0,1.5162828e+12,1.74773229,16.0,517.0,0.08838713,0.0
7658,1.5162828e+12,0.00017003,0.00017098,0.00016917,0.00016919,6428.0,1.5162831e+12,1.09296808,15.0,42.0,0.00718116,0.0
7659,1.5162831e+12,0.00016917,0.00017031,0.00016917,0.00017031,373.0,1.5162834e+12,0.06334551,5.0,41.0,0.00698271,0.0
7660,1.5162834e+12,0.00017151,0.00017186,0.00016964,0.00016993,5182.0,1.5162837e+12,0.8854971,14.0,4221.0,0.72198268,0.0
7661,1.5162837e+12,0.00017052,0.00017176,0.0001698,0.0001698,6395.0,1.516284e+12,1.09004423,17.0,1191.0,0.20447337,0.0
7662,1.516284e+12,0.00016981,0.00016981,0.00016902,0.00016902,636.0,1.5162843e+12,0.10788067,10.0,218.0,0.03701557,0.0
7663,1.5162843e+12,0.0001695,0.0001695,0.00016881,0.0001695,4519.0,1.5162846e+12,0.76348278,19.0,1708.0,0.28845114,0.0
7664,1.5162846e+12,0.00016948,0.00016949,0.00016799,0.0001694,3406.0,1.5162849e+12,0.57379132,20.0,2519.0,0.42404985,0.0
7665,1.5162849e+12,0.00016806,0.0001695,0.00016718,0.0001695,5394.0,1.5162852e+12,0.90886916,21.0,3877.0,0.65503234,0.0
7666,1.5162852e+12,0.0001692,0.0001692,0.00016768,0.0001677,4715.0,1.5162855e+12,0.79255548,17.0,2484.0,0.4171483,0.0
7667,1.5162855e+12,0.00016992,0.0001701,0.00016832,0.00016998,226.0,1.5162858e+12,0.03837682,5.0,208.0,0.03534706,0.0
7668,1.5162858e+12,0.00016912,0.00016995,0.00016769,0.00016864,1200.0,1.5162861e+12,0.20221001,9.0,62.0,0.01045801,0.0
7669,1.5162861e+12,0.00017,0.0001716,0.00016897,0.00017145,9382.0,1.5162864e+12,1.60727229,31.0,8315.0,1.42564432,0.0
7670,1.5162864e+12,0.00017132,0.00017202,0.00017008,0.00017202,4486.0,1.5162867e+12,0.76860027,26.0,1887.0,0.3236366,0.0
7671,1.5162867e+12,0.00017128,0.00017202,0.00017009,0.00017202,1486.0,1.516287e+12,0.25445642,18.0,406.0,0.069664,0.0
7672,1.516287e+12,0.00017046,0.00017383,0.00017014,0.00017383,4403.0,1.5162873e+12,0.7575002,28.0,3131.0,0.5409045,0.0
7673,1.5162873e+12,0.00017271,0.00017365,0.00016909,0.00017008,5065.0,1.5162876e+12,0.86514047,38.0,503.0,0.08643048,0.0
7674,1.5162876e+12,0.00017315,0.00017315,0.00017077,0.00017098,888.0,1.5162879e+12,0.15233492,9.0,420.0,0.07236773,0.0
7675,1.5162879e+12,0.00017101,0.00017352,0.000171,0.00017188,3299.0,1.5162882e+12,0.57003496,16.0,1589.0,0.27502354,0.0
7676,1.5162882e+12,0.00017354,0.0001737,0.00017354,0.0001737,2015.0,1.5162885e+12,0.34982773,8.0,277.0,0.04809355,0.0
7677,1.5162885e+12,0.00017361,0.00017922,0.00017361,0.0001771,5371.0,1.5162888e+12,0.94396325,64.0,2442.0,0.42758544,0.0
7678,1.5162888e+12,0.00017883,0.00017883,0.00017401,0.00017515,2296.0,1.5162891e+12,0.40632053,32.0,845.0,0.15003416,0.0
7679,1.5162891e+12,0.00017699,0.00017709,0.00017699,0.00017702,2123.0,1.5162894e+12,0.37583208,16.0,2123.0,0.37583208,0.0
7680,1.5162894e+12,0.00017604,0.00017702,0.0001742,0.0001742,1416.0,1.5162897e+12,0.24769803,14.0,710.0,0.12432344,0.0
7681,1.5162897e+12,0.000176,0.000176,0.00017466,0.00017469,503.0,1.51629e+12,0.08803968,9.0,70.0,0.0123112,0.0
7682,1.51629e+12,0.00017503,0.00017708,0.000175,0.00017708,3962.0,1.5162903e+12,0.69539894,11.0,1150.0,0.20317822,0.0
7683,1.5162903e+12,0.00017708,0.00017709,0.000175,0.000175,7974.0,1.5162906e+12,1.40253062,24.0,4504.0,0.7943013,0.0
7684,1.5162906e+12,0.00017499,0.000175,0.00017422,0.00017423,2557.0,1.5162909e+12,0.44680315,13.0,1448.0,0.25339356,0.0
7685,1.5162909e+12,0.00017494,0.00017494,0.00017422,0.00017481,1586.0,1.5162912e+12,0.27692117,17.0,1257.0,0.21960176,0.0
7686,1.5162912e+12,0.00017481,0.000175,0.00017424,0.00017491,5722.0,1.5162915e+12,0.99955561,25.0,3029.0,0.52938033,0.0
7687,1.5162915e+12,0.0001751,0.00017688,0.0001751,0.00017655,1969.0,1.5162918e+12,0.34711773,26.0,1148.0,0.20244803,0.0
7688,1.5162918e+12,0.00017655,0.000179,0.00017655,0.00017888,6120.0,1.5162921e+12,1.08278458,39.0,4058.0,0.71799386,0.0
7689,1.5162921e+12,0.00017887,0.00017887,0.00017694,0.00017694,5260.0,1.5162924e+12,0.93527568,23.0,727.0,0.12967538,0.0
7690,1.5162924e+12,0.00017693,0.0001792,0.00017688,0.00017798,8353.0,1.5162927e+12,1.48946055,27.0,3913.0,0.69822387,0.0
7691,1.5162927e+12,0.00017799,0.00017929,0.000177,0.000177,14500.0,1.516293e+12,2.58932687,44.0,5468.0,0.97824618,0.0
7692,1.516293e+12,0.00017601,0.00017736,0.00016971,0.00017559,10652.0,1.5162933e+12,1.8636799,39.0,1126.0,0.19834779,0.0
7693,1.5162933e+12,0.00017544,0.00017544,0.00017302,0.00017393,1953.0,1.5162936e+12,0.34067093,12.0,1838.0,0.32077363,0.0
7694,1.5162936e+12,0.00017391,0.000176,0.00017249,0.000176,1124.0,1.5162939e+12,0.1950806,10.0,570.0,0.0992625,0.0
7695,1.5162939e+12,0.000174,0.00017656,0.00017226,0.00017373,2280.0,1.5162942e+12,0.39760021,13.0,529.0,0.09320358,0.0
7696,1.5162942e+12,0.00017432,0.000177,0.00017432,0.000177,6039.0,1.5162945e+12,1.06051333,29.0,1892.0,0.33219314,0.0
7697,1.5162945e+12,0.0001763,0.0001763,0.0001755,0.0001755,646.0,1.5162948e+12,0.113653,6.0,0.0,0.0,0.0
7698,1.5162948e+12,0.0001755,0.0001755,0.00017062,0.00017062,5587.0,1.5162951e+12,0.96905789,18.0,0.0,0.0,0.0
7699,1.5162951e+12,0.0001738,0.0001738,0.0001721,0.00017329,249.0,1.5162954e+12,0.04319718,7.0,221.0,0.03837838,0.0
7700,1.5162954e+12,0.00017297,0.00017299,0.00017212,0.00017257,1180.0,1.5162957e+12,0.20352875,10.0,615.0,0.10628059,0.0
7701,1.5162957e+12,0.00017278,0.00017678,0.00017276,0.00017677,4230.0,1.516296e+12,0.73391387,19.0,3618.0,0.62576573,0.0
7702,1.516296e+12,0.00017677,0.00017678,0.00017415,0.00017677,1156.0,1.5162963e+12,0.20428421,6.0,1097.0,0.19386002,0.0
7703,1.5162963e+12,0.00017677,0.00017803,0.00017677,0.0001768,8087.0,1.5162966e+12,1.43794278,25.0,1844.0,0.32683259,0.0
7704,1.5162966e+12,0.00017803,0.00017803,0.000177,0.00017715,1253.0,1.5162969e+12,0.22288509,9.0,1082.0,0.19258518,0.0
7705,1.5162969e+12,0.00017715,0.00017999,0.00017703,0.00017705,6363.0,1.5162972e+12,1.13199557,44.0,948.0,0.17005684,0.0
7706,1.5162972e+12,0.00017721,0.00017721,0.000176,0.00017635,2181.0,1.5162975e+12,0.38504667,18.0,1368.0,0.24140202,0.0
7707,1.5162975e+12,0.00017638,0.0001798,0.00017638,0.0001794,5869.0,1.5162978e+12,1.04822008,27.0,2203.0,0.39476189,0.0
7708,1.5162978e+12,0.00017804,0.00017935,0.0001775,0.0001775,9074.0,1.5162981e+12,1.6141833,29.0,2962.0,0.52636161,0.0
7709,1.5162981e+12,0.0001775,0.0001779,0.000176,0.000176,2415.0,1.5162984e+12,0.42748263,14.0,95.0,0.0169005,0.0
7710,1.5162984e+12,0.00017599,0.000176,0.00017364,0.00017364,1220.0,1.5162987e+12,0.2133275,14.0,439.0,0.07714098,0.0
7711,1.5162987e+12,0.00017388,0.00017542,0.0001735,0.00017526,2161.0,1.516299e+12,0.37597904,16.0,697.0,0.12153876,0.0
7712,1.516299e+12,0.00017377,0.00017394,0.00017377,0.0001739,698.0,1.5162993e+12,0.1213807,6.0,0.0,0.0,0.0
7713,1.5162993e+12,0.00017387,0.00017387,0.00017364,0.00017387,403.0,1.5162996e+12,0.06999917,5.0,123.0,0.02137491,0.0
7714,1.5162996e+12,0.00017386,0.00017387,0.00017282,0.00017288,1018.0,1.5162999e+12,0.17650944,12.0,379.0,0.06581964,0.0
7715,1.5162999e+12,0.00017293,0.00017385,0.00017293,0.00017384,188.0,1.5163002e+12,0.03267159,8.0,176.0,0.03059641,0.0
7716,1.5163002e+12,0.00017384,0.00017385,0.00017314,0.00017383,203.0,1.5163005e+12,0.03526807,7.0,172.0,0.02990073,0.0
7717,1.5163005e+12,0.00017325,0.00017383,0.00017325,0.00017382,2362.0,1.5163008e+12,0.40976766,12.0,817.0,0.14201223,0.0
7718,1.5163008e+12,0.00017337,0.00017382,0.00017325,0.00017382,824.0,1.5163011e+12,0.14299648,8.0,351.0,0.06101017,0.0
7719,1.5163011e+12,0.00017382,0.00017382,0.00017342,0.00017382,1856.0,1.5163014e+12,0.32226212,12.0,979.0,0.17016978,0.0
7720,1.5163014e+12,0.00017382,0.00017526,0.00017382,0.00017526,1809.0,1.5163017e+12,0.3145815,10.0,1809.0,0.3145815,0.0
7721,1.5163017e+12,0.00017526,0.00017526,0.00017383,0.00017423,702.0,1.516302e+12,0.12229077,16.0,270.0,0.0470421,0.0
7722,1.516302e+12,0.00017423,0.000175,0.00017423,0.00017499,795.0,1.5163023e+12,0.13903144,6.0,680.0,0.11899499,0.0
7723,1.5163023e+12,0.0001741,0.00017605,0.0001741,0.00017605,1812.0,1.5163026e+12,0.3177926,10.0,1741.0,0.3054315,0.0
7724,1.5163026e+12,0.00017787,0.00017788,0.0001766,0.00017669,1688.0,1.5163029e+12,0.29977353,9.0,1290.0,0.22935683,0.0
7725,1.5163029e+12,0.00017669,0.00017768,0.0001754,0.00017694,2359.0,1.5163032e+12,0.41682309,16.0,787.0,0.13950889,0.0
7726,1.5163032e+12,0.00017727,0.00018,0.00017693,0.00017989,5951.0,1.5163035e+12,1.06103994,34.0,4749.0,0.84816292,0.0
7727,1.5163035e+12,0.00017975,0.00018,0.00017972,0.00018,1637.0,1.5163038e+12,0.29440167,15.0,1637.0,0.29440167,0.0
7728,1.5163038e+12,0.00018,0.00018,0.00017902,0.00017946,4096.0,1.5163041e+12,0.73551901,23.0,1452.0,0.26132134,0.0
7729,1.5163041e+12,0.00017915,0.00017947,0.00017801,0.00017947,610.0,1.5163044e+12,0.10920025,10.0,216.0,0.03876442,0.0
7730,1.5163044e+12,0.00017947,0.00018066,0.0001781,0.0001781,4022.0,1.5163047e+12,0.72106233,20.0,1357.0,0.24483209,0.0
7731,1.5163047e+12,0.00018033,0.00018033,0.00017817,0.00017817,1092.0,1.516305e+12,0.19565045,10.0,584.0,0.10512448,0.0
7732,1.516305e+12,0.00017952,0.00017952,0.00017819,0.0001795,112.0,1.5163053e+12,0.02008954,4.0,100.0,0.01795126,0.0
7733,1.5163053e+12,0.0001795,0.00017986,0.0001795,0.00017986,895.0,1.5163056e+12,0.16072968,9.0,895.0,0.16072968,0.0
7734,1.5163056e+12,0.00017951,0.00017998,0.00017845,0.00017998,602.0,1.5163059e+12,0.1078577,9.0,230.0,0.0413954,0.0
7735,1.5163059e+12,0.00017999,0.00018045,0.00017994,0.00018045,1131.0,1.5163062e+12,0.20359885,12.0,1131.0,0.20359885,0.0
7736,1.5163062e+12,0.00018045,0.0001818,0.00018045,0.00018053,15214.0,1.5163065e+12,2.76234838,21.0,13728.0,2.49410221,0.0
7737,1.5163065e+12,0.00018063,0.00018153,0.00018063,0.00018146,248.0,1.5163068e+12,0.04494196,5.0,153.0,0.02777024,0.0
7738,1.5163068e+12,0.00018146,0.00018146,0.00018082,0.00018099,405.0,1.5163071e+12,0.0733221,7.0,60.0,0.0108876,0.0
7739,1.5163071e+12,0.00018099,0.00018199,0.00018099,0.00018145,2335.0,1.5163074e+12,0.42349647,16.0,1335.0,0.24227021,0.0
7740,1.5163074e+12,0.00018198,0.0001828,0.00018064,0.00018261,3204.0,1.5163077e+12,0.58268788,29.0,1125.0,0.20510835,0.0
7741,1.5163077e+12,0.00018135,0.00018303,0.00018,0.000183,3341.0,1.516308e+12,0.60981794,23.0,2596.0,0.47500358,0.0
7742,1.516308e+12,0.000183,0.000183,0.0001818,0.00018184,4247.0,1.5163083e+12,0.77278404,13.0,184.0,0.0334512,0.0
7743,1.5163083e+12,0.00018184,0.000183,0.00018184,0.00018195,6902.0,1.5163086e+12,1.25962867,22.0,2620.0,0.47935703,0.0
7744,1.5163086e+12,0.0001818,0.00018269,0.00018002,0.00018067,3149.0,1.5163089e+12,0.57070504,10.0,864.0,0.15784157,0.0
7745,1.5163089e+12,0.00018071,0.00018293,0.00018071,0.00018253,3939.0,1.5163092e+12,0.71843957,14.0,2548.0,0.46579057,0.0
7746,1.5163092e+12,0.00018253,0.00018255,0.00018253,0.00018255,746.0,1.5163095e+12,0.13618095,16.0,746.0,0.13618095,0.0
7747,1.5163095e+12,0.00018255,0.00018255,0.00018151,0.0001824,2342.0,1.5163098e+12,0.42626936,17.0,592.0,0.10797545,0.0
7748,1.5163098e+12,0.00018239,0.00018239,0.00018,0.00018,2945.0,1.5163101e+12,0.53432967,21.0,644.0,0.11717704,0.0
7749,1.5163101e+12,0.00018,0.00018173,0.0001785,0.00018166,2778.0,1.5163104e+12,0.50062782,16.0,1300.0,0.23599012,0.0
7750,1.5163104e+12,0.0001816,0.0001824,0.00018003,0.00018233,1696.0,1.5163107e+12,0.30883646,20.0,1441.0,0.26268059,0.0
7751,1.5163107e+12,0.0001822,0.0001822,0.00017998,0.00017998,793.0,1.516311e+12,0.1432144,11.0,539.0,0.09734252,0.0
7752,1.516311e+12,0.00018223,0.00018233,0.00018156,0.00018156,577.0,1.5163113e+12,0.10516814,12.0,268.0,0.0488533,0.0
7753,1.5163113e+12,0.0001816,0.0001816,0.00018155,0.00018155,1390.0,1.5163116e+12,0.25237301,5.0,0.0,0.0,0.0
7754,1.5163116e+12,0.00018155,0.00018156,0.00017918,0.00017996,3066.0,1.5163119e+12,0.55062231,22.0,1533.0,0.27480138,0.0
7755,1.5163119e+12,0.00017996,0.00017996,0.00017854,0.00017865,597.0,1.5163122e+12,0.10665171,8.0,17.0,0.00305932,0.0
7756,1.5163122e+12,0.00017865,0.00017944,0.00017804,0.00017804,1660.0,1.5163125e+12,0.29628484,15.0,278.0,0.04973827,0.0
7757,1.5163125e+12,0.000178,0.000178,0.00017003,0.00017609,10839.0,1.5163128e+12,1.87813264,45.0,2223.0,0.39163484,0.0
7758,1.5163128e+12,0.00017615,0.00017615,0.00017408,0.00017413,261.0,1.5163131e+12,0.04546785,7.0,13.0,0.00228815,0.0
7759,1.5163131e+12,0.00017615,0.00017615,0.00017587,0.00017587,39.0,1.5163134e+12,0.00686501,3.0,39.0,0.00686501,0.0
7760,1.5163134e+12,0.00017401,0.00017566,0.00016806,0.00016806,4484.0,1.5163137e+12,0.77108128,26.0,602.0,0.10432651,0.0
7761,1.5163137e+12,0.00017284,0.00017285,0.00016811,0.00016821,5139.0,1.516314e+12,0.87342006,28.0,1526.0,0.26257419,0.0
7762,1.516314e+12,0.0001682,0.00017003,0.0001682,0.00016994,136.0,1.5163143e+12,0.02295241,5.0,43.0,0.00730895,0.0
7763,1.5163143e+12,0.00016828,0.00016977,0.00016828,0.0001697,4477.0,1.5163146e+12,0.75425719,8.0,4270.0,0.71942323,0.0
7764,1.5163146e+12,0.00016968,0.00016968,0.00016839,0.00016871,6156.0,1.5163149e+12,1.03836706,35.0,2760.0,0.46563974,0.0
7765,1.5163149e+12,0.00016839,0.00016839,0.00016839,0.00016839,1995.0,1.5163152e+12,0.33593805,16.0,1528.0,0.25729992,0.0
7766,1.5163152e+12,0.00016839,0.00016839,0.00016839,0.00016839,3183.0,1.5163155e+12,0.53598537,18.0,3175.0,0.53463825,0.0
7767,1.5163155e+12,0.00016838,0.00016839,0.00016838,0.00016839,1837.0,1.5163158e+12,0.30933176,13.0,1752.0,0.29501928,0.0
7768,1.5163158e+12,0.00016838,0.00016839,0.00016838,0.00016839,2844.0,1.5163161e+12,0.47888115,23.0,843.0,0.14195277,0.0
7769,1.5163161e+12,0.00016838,0.00017274,0.00016838,0.00017274,8557.0,1.5163164e+12,1.46047355,22.0,7102.0,1.20927925,0.0
7770,1.5163164e+12,0.00017358,0.00017358,0.00017145,0.00017336,1250.0,1.5163167e+12,0.2159484,6.0,88.0,0.0152662,0.0
7771,1.5163167e+12,0.00017315,0.00017315,0.00017183,0.00017183,350.0,1.516317e+12,0.06017025,6.0,22.0,0.0038089,0.0
7772,1.516317e+12,0.00017187,0.00017304,0.00017186,0.00017304,1325.0,1.5163173e+12,0.22830458,6.0,495.0,0.0856548,0.0
7773,1.5163173e+12,0.00017304,0.00017357,0.00017191,0.00017357,2375.0,1.5163176e+12,0.41091655,8.0,2288.0,0.3959386,0.0
7774,1.5163176e+12,0.00017357,0.00017381,0.00017357,0.0001736,4345.0,1.5163179e+12,0.75472824,14.0,263.0,0.04565098,0.0
7775,1.5163179e+12,0.00017397,0.00017652,0.00017364,0.00017642,3800.0,1.5163182e+12,0.66923983,13.0,3550.0,0.62582868,0.0
7776,1.5163182e+12,0.00017628,0.00017639,0.00017378,0.00017378,3427.0,1.5163185e+12,0.59912363,13.0,451.0,0.07929216,0.0
7777,1.5163185e+12,0.000175,0.000175,0.00017366,0.00017366,85.0,1.5163188e+12,0.01483748,2.0,57.0,0.009975,0.0
7778,1.5163188e+12,0.00017495,0.00017495,0.00017366,0.00017469,995.0,1.5163191e+12,0.17353375,15.0,610.0,0.10664994,0.0
7779,1.5163191e+12,0.00017469,0.00017469,0.00017469,0.00017469,0.0,1.5163194e+12,0.0,0.0,0.0,0.0,0.0
7780,1.5163194e+12,0.00017367,0.00017367,0.00017359,0.00017359,667.0,1.5163197e+12,0.11581989,3.0,0.0,0.0,0.0
7781,1.5163197e+12,0.00017398,0.00017446,0.00017183,0.00017183,2402.0,1.51632e+12,0.41586194,15.0,588.0,0.10130936,0.0
7782,1.51632e+12,0.00017077,0.0001718,0.00016829,0.00017178,3774.0,1.5163203e+12,0.63976997,27.0,626.0,0.10708706,0.0
7783,1.5163203e+12,0.00016903,0.00017161,0.00016903,0.00017154,1391.0,1.5163206e+12,0.23743556,9.0,956.0,0.16389111,0.0
7784,1.5163206e+12,0.00017144,0.00017144,0.00017139,0.00017139,678.0,1.5163209e+12,0.11621743,6.0,595.0,0.10199206,0.0
7785,1.5163209e+12,0.00017144,0.00017184,0.00017144,0.00017144,6507.0,1.5163212e+12,1.11557132,10.0,525.0,0.0900128,0.0
7786,1.5163212e+12,0.00017011,0.000171,0.00016901,0.000171,7679.0,1.5163215e+12,1.29941378,12.0,64.0,0.010944,0.0
7787,1.5163215e+12,0.00017077,0.00017094,0.00016907,0.00016908,942.0,1.5163218e+12,0.1596812,9.0,236.0,0.04030598,0.0
7788,1.5163218e+12,0.00016908,0.00017073,0.00016901,0.00017067,1137.0,1.5163221e+12,0.19287136,13.0,331.0,0.05650261,0.0
7789,1.5163221e+12,0.00017067,0.00017068,0.00016835,0.00017,6021.0,1.5163224e+12,1.01834498,31.0,2197.0,0.37380121,0.0
7790,1.5163224e+12,0.00017,0.00017068,0.00017,0.00017068,654.0,1.5163227e+12,0.11143704,8.0,654.0,0.11143704,0.0
7791,1.5163227e+12,0.00017068,0.00017288,0.00017068,0.00017083,1442.0,1.516323e+12,0.2466823,22.0,447.0,0.07657956,0.0
7792,1.516323e+12,0.00017242,0.00017253,0.00017083,0.00017247,2289.0,1.5163233e+12,0.39419985,12.0,1912.0,0.32979694,0.0
7793,1.5163233e+12,0.00017247,0.00017247,0.00017147,0.00017247,3295.0,1.5163236e+12,0.5682213,9.0,3255.0,0.5613625,0.0
7794,1.5163236e+12,0.00017246,0.00017246,0.00017145,0.0001719,230.0,1.5163239e+12,0.03951352,10.0,75.0,0.0129093,0.0
7795,1.5163239e+12,0.00017288,0.00017288,0.00017191,0.00017287,162.0,1.5163242e+12,0.0278745,3.0,26.0,0.00449474,0.0
7796,1.5163242e+12,0.00017279,0.00017279,0.0001719,0.0001725,249.0,1.5163245e+12,0.04295388,3.0,202.0,0.03487458,0.0
7797,1.5163245e+12,0.0001718,0.00017249,0.00017084,0.00017247,399.0,1.5163248e+12,0.06865485,7.0,222.0,0.0382905,0.0
7798,1.5163248e+12,0.00017151,0.00017151,0.0001715,0.0001715,221.0,1.5163251e+12,0.03790266,2.0,0.0,0.0,0.0
7799,1.5163251e+12,0.00017241,0.00017241,0.0001715,0.00017239,545.0,1.5163254e+12,0.0937956,9.0,364.0,0.06275294,0.0
7800,1.5163254e+12,0.00017169,0.00017169,0.00017169,0.00017169,18.0,1.5163257e+12,0.00309042,1.0,0.0,0.0,0.0
7801,1.5163257e+12,0.00017244,0.00017244,0.00017237,0.00017237,283.0,1.516326e+12,0.04878585,4.0,283.0,0.04878585,0.0
7802,1.516326e+12,0.00017225,0.00017225,0.00017151,0.00017207,4507.0,1.5163263e+12,0.77416107,12.0,1281.0,0.22036274,0.0
7803,1.5163263e+12,0.00017207,0.00017207,0.00017206,0.00017207,627.0,1.5163266e+12,0.10788528,7.0,366.0,0.06297762,0.0
7804,1.5163266e+12,0.00017207,0.00017207,0.00017153,0.00017153,3160.0,1.5163269e+12,0.54359605,17.0,2555.0,0.43962324,0.0
7805,1.5163269e+12,0.00017162,0.00017236,0.00017151,0.00017236,1910.0,1.5163272e+12,0.32895763,9.0,1638.0,0.28229405,0.0
7806,1.5163272e+12,0.00017167,0.00017236,0.00017151,0.00017151,4324.0,1.5163275e+12,0.74505099,15.0,1731.0,0.29835513,0.0
7807,1.5163275e+12,0.00017235,0.00017235,0.00017161,0.00017161,414.0,1.5163278e+12,0.07115252,6.0,144.0,0.02481782,0.0
7808,1.5163278e+12,0.00017165,0.00017165,0.00017165,0.00017165,100.0,1.5163281e+12,0.017165,1.0,0.0,0.0,0.0
7809,1.5163281e+12,0.000172,0.00017248,0.00017165,0.00017248,623.0,1.5163284e+12,0.10716437,6.0,448.0,0.07706437,0.0
7810,1.5163284e+12,0.00017246,0.000175,0.00017246,0.000175,2806.0,1.5163287e+12,0.48734323,22.0,1671.0,0.28960749,0.0
7811,1.5163287e+12,0.00017499,0.00017522,0.00017499,0.00017522,2758.0,1.516329e+12,0.48268985,20.0,109.0,0.01909854,0.0
7812,1.516329e+12,0.00017516,0.00017522,0.0001733,0.00017333,1791.0,1.5163293e+12,0.31286544,19.0,812.0,0.14224108,0.0
7813,1.5163293e+12,0.00017333,0.00017493,0.00017161,0.00017161,4687.0,1.5163296e+12,0.8092605,16.0,431.0,0.07458176,0.0
7814,1.5163296e+12,0.00017161,0.00017161,0.00016916,0.00016916,8268.0,1.5163299e+12,1.41250147,22.0,0.0,0.0,0.0
7815,1.5163299e+12,0.00016916,0.00017,0.000169,0.00016916,1035.0,1.5163302e+12,0.17511455,14.0,957.0,0.16192695,0.0
7816,1.5163302e+12,0.00016916,0.00016917,0.0001681,0.0001681,8814.0,1.5163305e+12,1.48466792,13.0,88.0,0.01488608,0.0
7817,1.5163305e+12,0.0001697,0.00016999,0.00016699,0.00016999,1551.0,1.5163308e+12,0.25998233,21.0,1055.0,0.17682675,0.0
7818,1.5163308e+12,0.00016803,0.00016803,0.000165,0.00016599,2291.0,1.5163311e+12,0.3815494,20.0,943.0,0.15645141,0.0
7819,1.5163311e+12,0.00016593,0.0001668,0.00016495,0.00016495,1804.0,1.5163314e+12,0.29780904,6.0,1462.0,0.24139614,0.0
7820,1.5163314e+12,0.00016491,0.00016491,0.0001639,0.00016391,1853.0,1.5163317e+12,0.30436106,11.0,359.0,0.05884369,0.0
7821,1.5163317e+12,0.00016465,0.00017211,0.00016393,0.0001668,4007.0,1.516332e+12,0.67378857,30.0,2279.0,0.38698598,0.0
7822,1.516332e+12,0.00017006,0.00017006,0.000164,0.00016535,6965.0,1.5163323e+12,1.15594101,28.0,2382.0,0.39443489,0.0
7823,1.5163323e+12,0.00016528,0.00016528,0.000164,0.00016401,916.0,1.5163326e+12,0.15042795,9.0,173.0,0.02856972,0.0
7824,1.5163326e+12,0.00016401,0.0001646,0.000164,0.0001646,3707.0,1.5163329e+12,0.60813333,10.0,468.0,0.07692685,0.0
7825,1.5163329e+12,0.00016403,0.00016468,0.00016403,0.00016468,211.0,1.5163332e+12,0.03474497,3.0,209.0,0.03441691,0.0
7826,1.5163332e+12,0.00016427,0.00016501,0.00016424,0.00016501,1930.0,1.5163335e+12,0.31705351,7.0,0.0,0.0,0.0
7827,1.5163335e+12,0.00016424,0.00016626,0.00016424,0.00016625,641.0,1.5163338e+12,0.10590786,10.0,455.0,0.07531588,0.0
7828,1.5163338e+12,0.00016477,0.0001679,0.00016474,0.00016541,4595.0,1.5163341e+12,0.76713087,16.0,1869.0,0.31368496,0.0
7829,1.5163341e+12,0.00016593,0.00016593,0.00016549,0.00016586,609.0,1.5163344e+12,0.10100704,6.0,489.0,0.08113872,0.0
7830,1.5163344e+12,0.0001655,0.00016598,0.00016545,0.00016598,1491.0,1.5163347e+12,0.24685887,13.0,266.0,0.04412487,0.0
7831,1.5163347e+12,0.00016545,0.00016605,0.00016545,0.00016605,101.0,1.516335e+12,0.01676087,4.0,84.0,0.0139482,0.0
7832,1.516335e+12,0.00016621,0.00016628,0.00016545,0.00016628,247.0,1.5163353e+12,0.04092396,5.0,72.0,0.01196901,0.0
7833,1.5163353e+12,0.00016545,0.00016597,0.00016498,0.00016498,1074.0,1.5163356e+12,0.17772514,9.0,185.0,0.03064955,0.0
7834,1.5163356e+12,0.00016498,0.00016498,0.0001639,0.0001639,4502.0,1.5163359e+12,0.73832713,13.0,56.0,0.00923676,0.0
7835,1.5163359e+12,0.00016466,0.00016467,0.0001639,0.00016461,1749.0,1.5163362e+12,0.28772173,10.0,1484.0,0.24428362,0.0
7836,1.5163362e+12,0.00016391,0.00016475,0.00016391,0.00016474,1202.0,1.5163365e+12,0.19776334,7.0,900.0,0.14826252,0.0
7837,1.5163365e+12,0.00016469,0.0001679,0.00016469,0.0001679,1704.0,1.5163368e+12,0.2812382,9.0,1704.0,0.2812382,0.0
7838,1.5163368e+12,0.00016579,0.00016619,0.00016579,0.00016619,959.0,1.5163371e+12,0.15921896,7.0,0.0,0.0,0.0
7839,1.5163371e+12,0.00016711,0.00016711,0.00016446,0.00016664,1502.0,1.5163374e+12,0.25026946,8.0,337.0,0.05629287,0.0
7840,1.5163374e+12,0.00016641,0.00017,0.00016524,0.00016539,6651.0,1.5163377e+12,1.11899007,19.0,6311.0,1.06275957,0.0
7841,1.5163377e+12,0.00016824,0.00016824,0.00016824,0.00016824,15.0,1.516338e+12,0.0025236,1.0,0.0,0.0,0.0
7842,1.516338e+12,0.00016846,0.00016846,0.00016771,0.00016771,165.0,1.5163383e+12,0.02778063,3.0,0.0,0.0,0.0
7843,1.5163383e+12,0.000167,0.00016833,0.000167,0.00016815,1090.0,1.5163386e+12,0.18206026,4.0,790.0,0.13196026,0.0
7844,1.5163386e+12,0.00016809,0.00016809,0.0001679,0.0001679,105.0,1.5163389e+12,0.01763006,3.0,105.0,0.01763006,0.0
7845,1.5163389e+12,0.00016773,0.00016933,0.00016765,0.00016933,661.0,1.5163392e+12,0.11091003,9.0,661.0,0.11091003,0.0
7846,1.5163392e+12,0.00016933,0.00016933,0.00016839,0.00016839,819.0,1.5163395e+12,0.13803455,6.0,131.0,0.02218223,0.0
7847,1.5163395e+12,0.00016763,0.0001691,0.00016763,0.0001691,34.0,1.5163398e+12,0.00572,2.0,14.0,0.0023674,0.0
7848,1.5163398e+12,0.00016892,0.0001691,0.00016785,0.0001691,792.0,1.5163401e+12,0.13383468,6.0,735.0,0.12426723,0.0
7849,1.5163401e+12,0.00016932,0.00017491,0.00016932,0.000172,1373.0,1.5163404e+12,0.23582659,11.0,457.0,0.07827459,0.0
7850,1.5163404e+12,0.00017027,0.00017177,0.00017007,0.00017177,742.0,1.5163407e+12,0.12633018,9.0,38.0,0.00652726,0.0
7851,1.5163407e+12,0.00017171,0.00017179,0.00016999,0.00017026,1869.0,1.516341e+12,0.31849282,13.0,294.0,0.05045557,0.0
7852,1.516341e+12,0.00017018,0.00017018,0.00016781,0.0001684,2656.0,1.5163413e+12,0.45093152,17.0,595.0,0.10114768,0.0
7853,1.5163413e+12,0.00016849,0.00017101,0.00016849,0.00016852,2172.0,1.5163416e+12,0.36784205,12.0,334.0,0.05671298,0.0
7854,1.5163416e+12,0.00016857,0.00016967,0.00016852,0.00016871,780.0,1.5163419e+12,0.13155211,9.0,654.0,0.11029983,0.0
7855,1.5163419e+12,0.00016871,0.00016871,0.00016871,0.00016871,73.0,1.5163422e+12,0.01231583,3.0,52.0,0.00877292,0.0
7856,1.5163422e+12,0.00016871,0.00016944,0.00016871,0.00016944,87.0,1.5163425e+12,0.01472303,2.0,62.0,0.01050528,0.0
7857,1.5163425e+12,0.000169,0.00016952,0.00016871,0.00016952,1453.0,1.5163428e+12,0.24614263,9.0,1410.0,0.23887853,0.0
7858,1.5163428e+12,0.00016871,0.0001695,0.00016801,0.00016804,1905.0,1.5163431e+12,0.32012139,8.0,1118.0,0.18785306,0.0
7859,1.5163431e+12,0.00016816,0.00016816,0.00016816,0.00016816,30.0,1.5163434e+12,0.0050448,1.0,0.0,0.0,0.0
7860,1.5163434e+12,0.0001695,0.0001695,0.00016949,0.00016949,338.0,1.5163437e+12,0.0572889,5.0,338.0,0.0572889,0.0
7861,1.5163437e+12,0.00016928,0.00016928,0.00016835,0.00016836,2325.0,1.516344e+12,0.39165871,6.0,2325.0,0.39165871,0.0
7862,1.516344e+12,0.00016944,0.00016944,0.000169,0.000169,357.0,1.5163443e+12,0.06034268,5.0,357.0,0.06034268,0.0
7863,1.5163443e+12,0.000169,0.000169,0.00016848,0.000169,446.0,1.5163446e+12,0.07529912,5.0,302.0,0.05103682,0.0
7864,1.5163446e+12,0.000169,0.00016949,0.00016849,0.0001687,2544.0,1.5163449e+12,0.42962685,13.0,720.0,0.12176597,0.0
7865,1.5163449e+12,0.00016959,0.0001696,0.00016959,0.0001696,307.0,1.5163452e+12,0.05206513,4.0,292.0,0.04952128,0.0
7866,1.5163452e+12,0.00017189,0.0001719,0.00016916,0.00017167,1306.0,1.5163455e+12,0.22321529,11.0,527.0,0.09054365,0.0
7867,1.5163455e+12,0.00017118,0.00017118,0.00017118,0.00017118,26.0,1.5163458e+12,0.00445068,1.0,26.0,0.00445068,0.0
7868,1.5163458e+12,0.00017086,0.00017086,0.00017086,0.00017086,193.0,1.5163461e+12,0.03297598,3.0,193.0,0.03297598,0.0
7869,1.5163461e+12,0.00017086,0.00017088,0.00017007,0.00017041,1837.0,1.5163464e+12,0.31307334,10.0,593.0,0.10124078,0.0
7870,1.5163464e+12,0.00017043,0.00017043,0.00016851,0.00016851,3510.0,1.5163467e+12,0.59284231,7.0,0.0,0.0,0.0
7871,1.5163467e+12,0.00017088,0.00017089,0.00016923,0.00016923,3272.0,1.516347e+12,0.55886652,7.0,3114.0,0.53212818,0.0
7872,1.516347e+12,0.00017088,0.00017222,0.00017088,0.00017222,823.0,1.5163473e+12,0.14150088,15.0,469.0,0.08060324,0.0
7873,1.5163473e+12,0.00017492,0.00017548,0.00016875,0.00017259,3456.0,1.5163476e+12,0.60012753,39.0,2193.0,0.3841341,0.0
7874,1.5163476e+12,0.0001725,0.0001725,0.00017232,0.00017234,140.0,1.5163479e+12,0.024131,6.0,140.0,0.024131,0.0
7875,1.5163479e+12,0.0001725,0.0001725,0.00017081,0.00017081,188.0,1.5163482e+12,0.03221636,3.0,57.0,0.0098325,0.0
7876,1.5163482e+12,0.00017081,0.00017081,0.00017057,0.00017057,1328.0,1.5163485e+12,0.22657555,12.0,7.0,0.00119567,0.0
7877,1.5163485e+12,0.00017191,0.00017191,0.00017,0.00017,1368.0,1.5163488e+12,0.23293687,10.0,542.0,0.0922355,0.0
7878,1.5163488e+12,0.0001695,0.00016998,0.00016866,0.00016866,2256.0,1.5163491e+12,0.38218284,8.0,413.0,0.07020174,0.0
7879,1.5163491e+12,0.00016961,0.0001703,0.00016961,0.0001703,966.0,1.5163494e+12,0.16441531,5.0,874.0,0.14881119,0.0
7880,1.5163494e+12,0.00016895,0.00017009,0.00016854,0.000169,3181.0,1.5163497e+12,0.53691463,15.0,1507.0,0.25418467,0.0
7881,1.5163497e+12,0.00017008,0.00017008,0.00017001,0.00017001,289.0,1.51635e+12,0.04913373,3.0,289.0,0.04913373,0.0
7882,1.51635e+12,0.0001701,0.00017022,0.0001701,0.00017022,307.0,1.5163503e+12,0.0522261,4.0,307.0,0.0522261,0.0
7883,1.5163503e+12,0.00016902,0.0001743,0.00016902,0.0001743,3485.0,1.5163506e+12,0.59636263,22.0,3058.0,0.52322147,0.0
7884,1.5163506e+12,0.00017424,0.00017424,0.00017247,0.00017247,240.0,1.5163509e+12,0.04148901,5.0,101.0,0.01751151,0.0
7885,1.5163509e+12,0.0001721,0.0001721,0.00017208,0.00017208,1770.0,1.5163512e+12,0.30461344,7.0,1770.0,0.30461344,0.0
7886,1.5163512e+12,0.00017244,0.00017476,0.00017244,0.00017426,7534.0,1.5163515e+12,1.3115827,26.0,5380.0,0.93761276,0.0
7887,1.5163515e+12,0.00017426,0.000175,0.00017364,0.000175,266.0,1.5163518e+12,0.046431,7.0,234.0,0.04087452,0.0
7888,1.5163518e+12,0.00017427,0.000175,0.00017364,0.00017465,1555.0,1.5163521e+12,0.27114433,16.0,1036.0,0.18067709,0.0
7889,1.5163521e+12,0.00017459,0.00017551,0.00017459,0.00017551,824.0,1.5163524e+12,0.14441869,10.0,569.0,0.09983035,0.0
7890,1.5163524e+12,0.00017551,0.00017785,0.00017483,0.00017557,5760.0,1.5163527e+12,1.01332637,25.0,1779.0,0.3136903,0.0
7891,1.5163527e+12,0.000176,0.00017787,0.0001758,0.00017594,3809.0,1.516353e+12,0.67394454,24.0,3119.0,0.55244705,0.0
7892,1.516353e+12,0.00017619,0.00017758,0.00017605,0.00017619,2363.0,1.5163533e+12,0.41624478,9.0,24.0,0.00426192,0.0
7893,1.5163533e+12,0.00017702,0.00017788,0.00017702,0.00017703,912.0,1.5163536e+12,0.16187341,10.0,645.0,0.11460455,0.0
7894,1.5163536e+12,0.00017704,0.00017786,0.00017704,0.00017786,1402.0,1.5163539e+12,0.2482314,6.0,26.0,0.00462436,0.0
7895,1.5163539e+12,0.00017779,0.00017785,0.00017778,0.00017785,194.0,1.5163542e+12,0.03449592,9.0,194.0,0.03449592,0.0
7896,1.5163542e+12,0.00017786,0.00017818,0.00017785,0.00017818,1097.0,1.5163545e+12,0.19511685,14.0,418.0,0.0743567,0.0
7897,1.5163545e+12,0.0001779,0.0001779,0.00017785,0.00017785,883.0,1.5163548e+12,0.1570427,3.0,0.0,0.0,0.0
7898,1.5163548e+12,0.00017868,0.00017892,0.00017868,0.00017877,481.0,1.5163551e+12,0.08597508,5.0,253.0,0.04521552,0.0
7899,1.5163551e+12,0.0001789,0.000179,0.00017877,0.00017877,160.0,1.5163554e+12,0.02863284,3.0,104.0,0.018616,0.0
7900,1.5163554e+12,0.000179,0.000179,0.000179,0.000179,79.0,1.5163557e+12,0.014141,2.0,79.0,0.014141,0.0
7901,1.5163557e+12,0.000179,0.000179,0.00017877,0.00017877,389.0,1.516356e+12,0.06956014,10.0,8.0,0.001432,0.0
7902,1.516356e+12,0.0001789,0.0001789,0.00017877,0.0001789,89.0,1.5163563e+12,0.01591417,5.0,28.0,0.0050092,0.0
7903,1.5163563e+12,0.000179,0.000179,0.0001789,0.000179,854.0,1.5163566e+12,0.152841,8.0,808.0,0.1446116,0.0
7904,1.5163566e+12,0.000179,0.00017928,0.00017877,0.00017928,307.0,1.5163569e+12,0.05493393,5.0,218.0,0.0390234,0.0
7905,1.5163569e+12,0.00017928,0.00017989,0.00017889,0.00017889,3382.0,1.5163572e+12,0.60769927,11.0,2368.0,0.4257955,0.0
7906,1.5163572e+12,0.00017976,0.00018,0.00017895,0.00018,3176.0,1.5163575e+12,0.57065344,26.0,2395.0,0.4307338,0.0
7907,1.5163575e+12,0.0001803,0.00018223,0.0001803,0.00018208,5852.0,1.5163578e+12,1.06407419,34.0,2658.0,0.48366743,0.0
7908,1.5163578e+12,0.00018229,0.00018236,0.00018208,0.00018236,2608.0,1.5163581e+12,0.47528146,17.0,1285.0,0.23424817,0.0
7909,1.5163581e+12,0.00018235,0.00018236,0.00018027,0.00018028,1696.0,1.5163584e+12,0.30673489,24.0,268.0,0.04881065,0.0
7910,1.5163584e+12,0.00018028,0.00018031,0.00017981,0.00017995,3176.0,1.5163587e+12,0.5714708,25.0,838.0,0.15077364,0.0
7911,1.5163587e+12,0.00017995,0.0001829,0.00017995,0.0001828,8073.0,1.516359e+12,1.4697543,32.0,5111.0,0.93289629,0.0
7912,1.516359e+12,0.00018278,0.00018288,0.00018106,0.00018106,2320.0,1.5163593e+12,0.4236128,15.0,1049.0,0.19172808,0.0
7913,1.5163593e+12,0.00018249,0.00018255,0.00018141,0.00018159,3359.0,1.5163596e+12,0.61084161,14.0,1366.0,0.24918936,0.0
7914,1.5163596e+12,0.00018237,0.00018289,0.00018153,0.00018202,5139.0,1.5163599e+12,0.93588003,23.0,971.0,0.17739719,0.0
7915,1.5163599e+12,0.00018202,0.0001834,0.00018202,0.0001834,9630.0,1.5163602e+12,1.76115728,21.0,7960.0,1.45635529,0.0
7916,1.5163602e+12,0.00018375,0.00018429,0.0001834,0.000184,2744.0,1.5163605e+12,0.50502618,35.0,1891.0,0.34810938,0.0
7917,1.5163605e+12,0.00018429,0.00018999,0.000184,0.0001882,20996.0,1.5163608e+12,3.92179975,135.0,11147.0,2.08082239,0.0
7918,1.5163608e+12,0.00018822,0.000193,0.00018684,0.00019185,32410.0,1.5163611e+12,6.1600759,169.0,14409.0,2.7386815,0.0
7919,1.5163611e+12,0.00018471,0.00018724,0.00018292,0.00018724,12112.0,1.5163614e+12,2.24490341,43.0,95.0,0.0177878,0.0
7920,1.5163614e+12,0.00018582,0.00018582,0.00018311,0.00018418,6638.0,1.5163617e+12,1.22140312,44.0,2542.0,0.47060938,0.0
7921,1.5163617e+12,0.00018418,0.0001856,0.00018416,0.0001856,2905.0,1.516362e+12,0.53804119,24.0,2159.0,0.40053644,0.0
7922,1.516362e+12,0.00018571,0.00018581,0.00018489,0.0001849,1852.0,1.5163623e+12,0.34349328,12.0,1422.0,0.263942,0.0
7923,1.5163623e+12,0.00018494,0.00018545,0.00018445,0.00018445,595.0,1.5163626e+12,0.11017872,9.0,500.0,0.0926153,0.0
7924,1.5163626e+12,0.00018445,0.00019,0.00018445,0.00018969,5055.0,1.5163629e+12,0.9434409,37.0,4462.0,0.8337365,0.0
7925,1.5163629e+12,0.00018746,0.00018891,0.00018746,0.00018891,112.0,1.5163632e+12,0.02109878,4.0,0.0,0.0,0.0
7926,1.5163632e+12,0.00018891,0.00018945,0.00018568,0.00018777,1809.0,1.5163635e+12,0.34038827,27.0,340.0,0.06386063,0.0
7927,1.5163635e+12,0.00018776,0.00018776,0.00018759,0.00018759,531.0,1.5163638e+12,0.0996573,7.0,459.0,0.08613858,0.0
7928,1.5163638e+12,0.00018668,0.00018746,0.00018565,0.00018722,6171.0,1.5163641e+12,1.15199227,28.0,3649.0,0.68305045,0.0
7929,1.5163641e+12,0.00018744,0.00018744,0.00018744,0.00018744,183.0,1.5163644e+12,0.03430152,1.0,183.0,0.03430152,0.0
7930,1.5163644e+12,0.00018659,0.00018759,0.00018351,0.00018648,10582.0,1.5163647e+12,1.95696092,17.0,583.0,0.10930614,0.0
7931,1.5163647e+12,0.00018431,0.00018632,0.00018431,0.00018448,3504.0,1.516365e+12,0.6513202,24.0,2266.0,0.42174041,0.0
7932,1.516365e+12,0.00018448,0.00018448,0.00018448,0.00018448,0.0,1.5163653e+12,0.0,0.0,0.0,0.0,0.0
7933,1.5163653e+12,0.00018618,0.00018637,0.00018618,0.00018635,2273.0,1.5163656e+12,0.42352016,8.0,870.0,0.16207111,0.0
7934,1.5163656e+12,0.00018635,0.00018635,0.00018635,0.00018635,3842.0,1.5163659e+12,0.7159567,7.0,0.0,0.0,0.0
7935,1.5163659e+12,0.00018537,0.00018537,0.00018364,0.00018364,2367.0,1.5163662e+12,0.43749518,14.0,0.0,0.0,0.0
7936,1.5163662e+12,0.00018487,0.00018632,0.00018471,0.00018602,567.0,1.5163665e+12,0.10523234,11.0,559.0,0.10375466,0.0
7937,1.5163665e+12,0.00018447,0.00018581,0.00018446,0.00018454,523.0,1.5163668e+12,0.09686555,10.0,323.0,0.05996959,0.0
7938,1.5163668e+12,0.00018467,0.00018759,0.00018467,0.00018759,1989.0,1.5163671e+12,0.37054902,21.0,1849.0,0.34453138,0.0
7939,1.5163671e+12,0.00018672,0.00018778,0.00018605,0.00018777,4946.0,1.5163674e+12,0.92631537,17.0,4394.0,0.82274636,0.0
7940,1.5163674e+12,0.00018723,0.00018724,0.00018723,0.00018723,458.0,1.5163677e+12,0.08575154,5.0,447.0,0.08369201,0.0
7941,1.5163677e+12,0.00018603,0.0001878,0.00018603,0.00018778,3583.0,1.516368e+12,0.67221532,14.0,2270.0,0.42590246,0.0
7942,1.516368e+12,0.00018778,0.00018778,0.00018777,0.00018778,2608.0,1.5163683e+12,0.48971953,8.0,2608.0,0.48971953,0.0
7943,1.5163683e+12,0.0001871,0.00018863,0.0001866,0.00018687,2640.0,1.5163686e+12,0.49350148,12.0,234.0,0.04397008,0.0
7944,1.5163686e+12,0.00018725,0.00018984,0.00018725,0.00018984,2233.0,1.5163689e+12,0.42129889,12.0,970.0,0.18314482,0.0
7945,1.5163689e+12,0.00018909,0.000194,0.00018909,0.000194,6894.0,1.5163692e+12,1.31801909,30.0,4331.0,0.83231205,0.0
7946,1.5163692e+12,0.000194,0.00019503,0.0001866,0.0001866,27119.0,1.5163695e+12,5.17498229,119.0,11055.0,2.10616995,0.0
7947,1.5163695e+12,0.00018653,0.00018653,0.000183,0.00018548,7286.0,1.5163698e+12,1.33979357,27.0,1876.0,0.3450359,0.0
7948,1.5163698e+12,0.00018497,0.00018497,0.00018291,0.0001831,2568.0,1.5163701e+12,0.47293944,21.0,1877.0,0.34637801,0.0
7949,1.5163701e+12,0.00018424,0.00018438,0.00018334,0.00018438,352.0,1.5163704e+12,0.06472114,8.0,187.0,0.03445624,0.0
7950,1.5163704e+12,0.00018361,0.00018486,0.00018291,0.00018486,4738.0,1.5163707e+12,0.87318858,27.0,3715.0,0.68556443,0.0
7951,1.5163707e+12,0.00018757,0.00018757,0.00018491,0.00018523,862.0,1.516371e+12,0.16049008,17.0,536.0,0.10018268,0.0
7952,1.516371e+12,0.00018521,0.00018539,0.00018485,0.00018485,1790.0,1.5163713e+12,0.33153354,13.0,423.0,0.07830228,0.0
7953,1.5163713e+12,0.00018307,0.00018523,0.00018307,0.00018523,4085.0,1.5163716e+12,0.75531158,21.0,4027.0,0.74469352,0.0
7954,1.5163716e+12,0.00018522,0.00018522,0.00018368,0.00018394,2546.0,1.5163719e+12,0.46871529,14.0,896.0,0.16503663,0.0
7955,1.5163719e+12,0.00018394,0.00018394,0.00018206,0.00018206,4566.0,1.5163722e+12,0.83459755,21.0,1207.0,0.22060413,0.0
7956,1.5163722e+12,0.00018342,0.00018398,0.00018206,0.00018345,3043.0,1.5163725e+12,0.55565373,14.0,528.0,0.09693457,0.0
7957,1.5163725e+12,0.00018208,0.00018208,0.00018067,0.00018208,595.0,1.5163728e+12,0.1082375,12.0,0.0,0.0,0.0
7958,1.5163728e+12,0.00018237,0.00018341,0.00018237,0.00018341,491.0,1.5163731e+12,0.08980829,5.0,491.0,0.08980829,0.0
7959,1.5163731e+12,0.00018346,0.00018349,0.00018331,0.00018349,1331.0,1.5163734e+12,0.24403848,7.0,1331.0,0.24403848,0.0
7960,1.5163734e+12,0.00018349,0.00018526,0.00018209,0.00018526,7083.0,1.5163737e+12,1.30652008,17.0,5329.0,0.98642574,0.0
7961,1.5163737e+12,0.00018281,0.00018324,0.00018213,0.00018226,2087.0,1.516374e+12,0.38160147,13.0,242.0,0.04409509,0.0
7962,1.516374e+12,0.0001813,0.0001826,0.000179,0.000179,11879.0,1.5163743e+12,2.13913389,35.0,2633.0,0.47437266,0.0
7963,1.5163743e+12,0.00017877,0.00018428,0.00017877,0.00018036,10862.0,1.5163746e+12,1.97176592,37.0,9905.0,1.79992466,0.0
7964,1.5163746e+12,0.00018045,0.00018299,0.00018045,0.00018282,3621.0,1.5163749e+12,0.65753349,19.0,1321.0,0.24145741,0.0
7965,1.5163749e+12,0.00018299,0.000183,0.00018208,0.0001824,1422.0,1.5163752e+12,0.25958494,17.0,967.0,0.17664894,0.0
7966,1.5163752e+12,0.000183,0.00018626,0.00018271,0.00018431,5040.0,1.5163755e+12,0.93398433,17.0,4804.0,0.89080161,0.0
7967,1.5163755e+12,0.00018574,0.00018649,0.0001838,0.00018385,8160.0,1.5163758e+12,1.51309994,42.0,2834.0,0.52819794,0.0
7968,1.5163758e+12,0.00018503,0.00018503,0.00018385,0.00018385,413.0,1.5163761e+12,0.07594807,4.0,14.0,0.00259042,0.0
7969,1.5163761e+12,0.00018385,0.00018484,0.00018278,0.00018484,1723.0,1.5163764e+12,0.31561187,13.0,282.0,0.05170488,0.0
7970,1.5163764e+12,0.00018484,0.00018503,0.00018429,0.00018429,150.0,1.5163767e+12,0.02773579,5.0,104.0,0.0192425,0.0
7971,1.5163767e+12,0.00018434,0.00018492,0.00018434,0.00018492,557.0,1.516377e+12,0.10273479,7.0,44.0,0.00813597,0.0
7972,1.516377e+12,0.00018492,0.00018581,0.00018442,0.00018442,5524.0,1.5163773e+12,1.02199901,18.0,2347.0,0.435862,0.0
7973,1.5163773e+12,0.00018442,0.00018442,0.00018442,0.00018442,219.0,1.5163776e+12,0.04038798,3.0,0.0,0.0,0.0
7974,1.5163776e+12,0.00018309,0.0001856,0.00018309,0.00018367,932.0,1.5163779e+12,0.17210209,14.0,917.0,0.16935516,0.0
7975,1.5163779e+12,0.00018559,0.00018559,0.00018558,0.00018559,248.0,1.5163782e+12,0.04602572,6.0,248.0,0.04602572,0.0
7976,1.5163782e+12,0.00018378,0.00018559,0.00018378,0.00018559,1217.0,1.5163785e+12,0.22580603,6.0,1199.0,0.22249799,0.0
7977,1.5163785e+12,0.00018557,0.00018557,0.00018555,0.00018555,521.0,1.5163788e+12,0.09667337,6.0,442.0,0.08201492,0.0
7978,1.5163788e+12,0.00018557,0.00018557,0.00018387,0.00018387,219.0,1.5163791e+12,0.04058227,7.0,185.0,0.03433011,0.0
7979,1.5163791e+12,0.00018559,0.0001856,0.00018366,0.00018366,5696.0,1.5163794e+12,1.05078141,17.0,2288.0,0.42463191,0.0
7980,1.5163794e+12,0.00018537,0.00018537,0.00018272,0.00018494,2985.0,1.5163797e+12,0.54964279,21.0,1518.0,0.28083359,0.0
7981,1.5163797e+12,0.00018492,0.00018494,0.00018285,0.00018478,1934.0,1.51638e+12,0.35509366,26.0,546.0,0.10092649,0.0
7982,1.51638e+12,0.00018475,0.00018478,0.00018475,0.00018478,724.0,1.5163803e+12,0.13377549,6.0,272.0,0.05025493,0.0
7983,1.5163803e+12,0.00018492,0.00018717,0.00018492,0.00018529,699.0,1.5163806e+12,0.12979555,13.0,277.0,0.05131343,0.0
7984,1.5163806e+12,0.00018712,0.00018712,0.00018575,0.00018699,230.0,1.5163809e+12,0.04299863,5.0,217.0,0.04058388,0.0
7985,1.5163809e+12,0.000187,0.00018717,0.00018611,0.00018717,470.0,1.5163812e+12,0.08775848,13.0,227.0,0.04248294,0.0
7986,1.5163812e+12,0.00018605,0.00018717,0.00018605,0.00018717,162.0,1.5163815e+12,0.03031594,4.0,157.0,0.02938569,0.0
7987,1.5163815e+12,0.00018717,0.00018977,0.00018717,0.00018976,10149.0,1.5163818e+12,1.92453055,22.0,1452.0,0.27487196,0.0
7988,1.5163818e+12,0.00018977,0.0001915,0.00018717,0.00018717,3156.0,1.5163821e+12,0.59776102,40.0,1100.0,0.20858159,0.0
7989,1.5163821e+12,0.00018718,0.00018718,0.0001856,0.0001856,8997.0,1.5163824e+12,1.67618799,20.0,1651.0,0.30646273,0.0
7990,1.5163824e+12,0.00018552,0.00018552,0.00018304,0.00018304,1135.0,1.5163827e+12,0.20802039,12.0,38.0,0.00704934,0.0
7991,1.5163827e+12,0.00018425,0.000185,0.00018259,0.00018259,1348.0,1.516383e+12,0.24698747,13.0,371.0,0.06822573,0.0
7992,1.516383e+12,0.0001826,0.00018491,0.0001826,0.00018491,1188.0,1.5163833e+12,0.21880144,13.0,637.0,0.11692705,0.0
7993,1.5163833e+12,0.000184,0.00018489,0.000184,0.00018489,1066.0,1.5163836e+12,0.19617817,7.0,931.0,0.17131846,0.0
7994,1.5163836e+12,0.00018481,0.00018554,0.00018405,0.00018406,3088.0,1.5163839e+12,0.57140635,21.0,2898.0,0.53627894,0.0
7995,1.5163839e+12,0.00018406,0.00018406,0.00018406,0.00018406,1134.0,1.5163842e+12,0.20872404,3.0,0.0,0.0,0.0
7996,1.5163842e+12,0.00018405,0.00018406,0.00018261,0.00018376,1118.0,1.5163845e+12,0.20539758,14.0,703.0,0.12934706,0.0
7997,1.5163845e+12,0.00018356,0.00018392,0.00018265,0.00018392,73.0,1.5163848e+12,0.01341204,3.0,65.0,0.01195084,0.0
7998,1.5163848e+12,0.00018271,0.00018556,0.00018249,0.00018556,3766.0,1.5163851e+12,0.69280179,16.0,2771.0,0.51093923,0.0
7999,1.5163851e+12,0.00018408,0.00018556,0.00018366,0.00018366,418.0,1.5163854e+12,0.07695042,8.0,0.0,0.0,0.0
8000,1.5163854e+12,0.00018366,0.00018366,0.00018303,0.00018312,1691.0,1.5163857e+12,0.31006413,11.0,745.0,0.1367969,0.0
8001,1.5163857e+12,0.00018354,0.00018355,0.0001831,0.0001831,3777.0,1.516386e+12,0.69252639,14.0,150.0,0.02752535,0.0
8002,1.516386e+12,0.0001831,0.0001836,0.0001831,0.0001836,2043.0,1.5163863e+12,0.37470961,9.0,1512.0,0.27747251,0.0
8003,1.5163863e+12,0.00018367,0.00018463,0.00018332,0.00018333,2319.0,1.5163866e+12,0.42571,14.0,102.0,0.01870096,0.0
8004,1.5163866e+12,0.00018334,0.00018334,0.00018334,0.00018334,75.0,1.5163869e+12,0.0137505,1.0,0.0,0.0,0.0
8005,1.5163869e+12,0.00018334,0.00018334,0.00018334,0.00018334,350.0,1.5163872e+12,0.064169,2.0,0.0,0.0,0.0
8006,1.5163872e+12,0.00018464,0.00018464,0.00018455,0.00018455,448.0,1.5163875e+12,0.08270929,3.0,448.0,0.08270929,0.0
8007,1.5163875e+12,0.00018334,0.00018344,0.00018334,0.00018344,168.0,1.5163878e+12,0.03081552,2.0,0.0,0.0,0.0
8008,1.5163878e+12,0.00018344,0.00018344,0.00018344,0.00018344,0.0,1.5163881e+12,0.0,0.0,0.0,0.0,0.0
8009,1.5163881e+12,0.00018341,0.00018341,0.0001833,0.0001833,1593.0,1.5163884e+12,0.29200615,8.0,31.0,0.00568571,0.0
8010,1.5163884e+12,0.0001833,0.00018341,0.0001833,0.00018341,542.0,1.5163887e+12,0.09935113,6.0,23.0,0.00421843,0.0
8011,1.5163887e+12,0.0001833,0.00018341,0.0001833,0.00018331,114.0,1.516389e+12,0.02089913,5.0,23.0,0.00421843,0.0
8012,1.516389e+12,0.00018341,0.00018341,0.00018311,0.00018341,4883.0,1.5163893e+12,0.89495741,8.0,539.0,0.09885799,0.0
8013,1.5163893e+12,0.00018341,0.00018341,0.00018341,0.00018341,0.0,1.5163896e+12,0.0,0.0,0.0,0.0,0.0
8014,1.5163896e+12,0.00018312,0.00018341,0.00018311,0.0001833,2313.0,1.5163899e+12,0.42394429,6.0,1383.0,0.25364535,0.0
8015,1.5163899e+12,0.00018311,0.00018312,0.00018311,0.00018311,697.0,1.5163902e+12,0.12762778,4.0,0.0,0.0,0.0
8016,1.5163902e+12,0.00018311,0.0001833,0.00018311,0.00018311,356.0,1.5163905e+12,0.06518868,3.0,342.0,0.06262514,0.0
8017,1.5163905e+12,0.0001832,0.0001832,0.0001832,0.0001832,80.0,1.5163908e+12,0.014656,3.0,0.0,0.0,0.0
8018,1.5163908e+12,0.0001832,0.0001832,0.00018279,0.00018279,1357.0,1.5163911e+12,0.24831435,12.0,4.0,0.000732,0.0
8019,1.5163911e+12,0.00018279,0.00018279,0.00018279,0.00018279,293.0,1.5163914e+12,0.05355747,3.0,293.0,0.05355747,0.0
8020,1.5163914e+12,0.00018288,0.00018288,0.00018208,0.00018282,346.0,1.5163917e+12,0.06308789,10.0,98.0,0.0179196,0.0
8021,1.5163917e+12,0.00018254,0.00018254,0.00018217,0.00018217,224.0,1.516392e+12,0.04087165,5.0,224.0,0.04087165,0.0
8022,1.516392e+12,0.00018208,0.00018208,0.00018208,0.00018208,50.0,1.5163923e+12,0.009104,2.0,0.0,0.0,0.0
8023,1.5163923e+12,0.00018209,0.0001832,0.00018209,0.0001832,1254.0,1.5163926e+12,0.22907937,10.0,1017.0,0.18569652,0.0
8024,1.5163926e+12,0.0001832,0.00018324,0.0001832,0.00018324,283.0,1.5163929e+12,0.05185416,4.0,283.0,0.05185416,0.0
8025,1.5163929e+12,0.0001833,0.00018344,0.0001833,0.00018344,1084.0,1.5163932e+12,0.19880416,8.0,1084.0,0.19880416,0.0
8026,1.5163932e+12,0.00018306,0.00018343,0.00018306,0.00018343,183.0,1.5163935e+12,0.03352622,4.0,74.0,0.01357268,0.0
8027,1.5163935e+12,0.00018343,0.00018343,0.00018307,0.00018343,1821.0,1.5163938e+12,0.33399903,11.0,1746.0,0.32026878,0.0
8028,1.5163938e+12,0.00018343,0.00018343,0.00018335,0.00018335,198.0,1.5163941e+12,0.03630906,3.0,198.0,0.03630906,0.0
8029,1.5163941e+12,0.00018335,0.00018344,0.00018308,0.00018344,769.0,1.5163944e+12,0.14091488,9.0,396.0,0.07262604,0.0
8030,1.5163944e+12,0.00018344,0.00018344,0.00018344,0.00018344,45.0,1.5163947e+12,0.0082548,2.0,45.0,0.0082548,0.0
8031,1.5163947e+12,0.00018344,0.00018344,0.00018342,0.00018344,228.0,1.516395e+12,0.04182292,6.0,228.0,0.04182292,0.0
8032,1.516395e+12,0.00018308,0.00018368,0.00018307,0.00018368,1300.0,1.5163953e+12,0.23820798,7.0,500.0,0.09175108,0.0
8033,1.5163953e+12,0.00018369,0.00018556,0.00018357,0.00018556,1216.0,1.5163956e+12,0.22341888,4.0,1209.0,0.22213389,0.0
8034,1.5163956e+12,0.00018441,0.00018562,0.00018274,0.00018371,5683.0,1.5163959e+12,1.04477041,23.0,2147.0,0.3946139,0.0
8035,1.5163959e+12,0.0001837,0.00018654,0.0001837,0.00018435,1822.0,1.5163962e+12,0.33631782,16.0,1657.0,0.30579328,0.0
8036,1.5163962e+12,0.0001866,0.00019135,0.000186,0.00019061,1105.0,1.5163965e+12,0.20730708,20.0,1105.0,0.20730708,0.0
8037,1.5163965e+12,0.00018717,0.00019255,0.00018715,0.00019255,4195.0,1.5163968e+12,0.80436101,60.0,3368.0,0.64597485,0.0
8038,1.5163968e+12,0.00019212,0.00019402,0.00018537,0.00018537,6970.0,1.5163971e+12,1.31824298,87.0,1804.0,0.3421836,0.0
8039,1.5163971e+12,0.00018659,0.00018668,0.00018537,0.00018668,3586.0,1.5163974e+12,0.66745409,23.0,1631.0,0.30374062,0.0
8040,1.5163974e+12,0.00018532,0.00018816,0.00018531,0.00018816,2447.0,1.5163977e+12,0.45605633,22.0,1963.0,0.36635753,0.0
8041,1.5163977e+12,0.00018815,0.000195,0.00018813,0.00018855,3197.0,1.516398e+12,0.60838307,35.0,3064.0,0.5833038,0.0
8042,1.516398e+12,0.0001888,0.00019568,0.0001888,0.00019568,5994.0,1.5163983e+12,1.16543847,79.0,4833.0,0.94327582,0.0
8043,1.5163983e+12,0.00019568,0.00019601,0.00019351,0.00019557,9955.0,1.5163986e+12,1.94021978,79.0,2639.0,0.51660357,0.0
8044,1.5163986e+12,0.00019557,0.0001969,0.00019556,0.0001969,9656.0,1.5163989e+12,1.89527503,45.0,2247.0,0.44225792,0.0
8045,1.5163989e+12,0.00019689,0.0001969,0.000193,0.00019685,16307.0,1.5163992e+12,3.19651944,103.0,6224.0,1.22433994,0.0
8046,1.5163992e+12,0.00019685,0.00020318,0.0001957,0.00020004,34090.0,1.5163995e+12,6.78888101,179.0,18811.0,3.74363209,0.0
8047,1.5163995e+12,0.00020242,0.000203,0.00019397,0.00019605,24359.0,1.5163998e+12,4.84033211,147.0,8720.0,1.73841319,0.0
8048,1.5163998e+12,0.00019419,0.00019709,0.00019396,0.00019415,14438.0,1.5164001e+12,2.8129562,87.0,6048.0,1.18219174,0.0
8049,1.5164001e+12,0.00019466,0.00019709,0.00019394,0.0001945,9442.0,1.5164004e+12,1.83553037,45.0,1796.0,0.3520819,0.0
8050,1.5164004e+12,0.00019436,0.00019457,0.00018979,0.00019199,4046.0,1.5164007e+12,0.77715282,41.0,2086.0,0.3998648,0.0
8051,1.5164007e+12,0.0001912,0.00019196,0.00019,0.00019098,2132.0,1.516401e+12,0.40710743,24.0,534.0,0.10202981,0.0
8052,1.516401e+12,0.000191,0.00019583,0.0001891,0.00018973,10910.0,1.5164013e+12,2.07808854,56.0,3996.0,0.76075157,0.0
8053,1.5164013e+12,0.00019003,0.00019566,0.00018929,0.00018995,13352.0,1.5164016e+12,2.53756676,70.0,6619.0,1.26001749,0.0
8054,1.5164016e+12,0.00018932,0.00018964,0.0001893,0.00018931,3964.0,1.5164019e+12,0.75061559,25.0,1389.0,0.26312309,0.0
8055,1.5164019e+12,0.0001893,0.00018931,0.000189,0.000189,334.0,1.5164022e+12,0.06322519,8.0,151.0,0.02858569,0.0
8056,1.5164022e+12,0.00018931,0.00018931,0.00018905,0.00018905,167.0,1.5164025e+12,0.03157603,4.0,18.0,0.00340758,0.0
8057,1.5164025e+12,0.00018905,0.00018934,0.00018905,0.00018905,340.0,1.5164028e+12,0.06432423,10.0,159.0,0.03010077,0.0
8058,1.5164028e+12,0.00018934,0.00019324,0.00018934,0.00019324,1554.0,1.5164031e+12,0.29778542,18.0,706.0,0.13407308,0.0
8059,1.5164031e+12,0.00019354,0.00019583,0.00019354,0.000195,2533.0,1.5164034e+12,0.49470844,21.0,1728.0,0.33826995,0.0
8060,1.5164034e+12,0.000195,0.00019554,0.000195,0.00019501,1607.0,1.5164037e+12,0.31379265,20.0,841.0,0.16441499,0.0
8061,1.5164037e+12,0.00019551,0.00019552,0.00019502,0.00019552,634.0,1.516404e+12,0.12395555,7.0,627.0,0.12259041,0.0
8062,1.516404e+12,0.00019552,0.00019552,0.00019501,0.00019502,2232.0,1.5164043e+12,0.43530197,15.0,1446.0,0.28201627,0.0
8063,1.5164043e+12,0.00019502,0.00019709,0.00019502,0.00019549,2612.0,1.5164046e+12,0.51404213,19.0,2042.0,0.40236892,0.0
8064,1.5164046e+12,0.00019595,0.00019709,0.00019525,0.00019709,1625.0,1.5164049e+12,0.31904272,19.0,679.0,0.1336648,0.0
8065,1.5164049e+12,0.00019708,0.00019709,0.00019708,0.00019709,620.0,1.5164052e+12,0.12219478,6.0,620.0,0.12219478,0.0
8066,1.5164052e+12,0.000196,0.00019709,0.000196,0.00019671,66.0,1.5164055e+12,0.01296569,4.0,11.0,0.00216799,0.0
8067,1.5164055e+12,0.00019709,0.00019709,0.00019602,0.00019699,820.0,1.5164058e+12,0.16093112,10.0,169.0,0.03329731,0.0
8068,1.5164058e+12,0.00019678,0.00019678,0.000193,0.000195,1080.0,1.5164061e+12,0.20967726,15.0,121.0,0.02368624,0.0
8069,1.5164061e+12,0.000195,0.000195,0.00019465,0.00019465,69.0,1.5164064e+12,0.01343918,3.0,63.0,0.01227128,0.0
8070,1.5164064e+12,0.00019455,0.00019455,0.00019011,0.00019382,1672.0,1.5164067e+12,0.32402915,15.0,647.0,0.12571126,0.0
8071,1.5164067e+12,0.00018937,0.00019318,0.00018937,0.00019318,367.0,1.516407e+12,0.07075393,7.0,304.0,0.0587119,0.0
8072,1.516407e+12,0.00019327,0.00019699,0.00019327,0.00019539,639.0,1.5164073e+12,0.12524198,11.0,388.0,0.07631763,0.0
8073,1.5164073e+12,0.00019567,0.0001988,0.00019567,0.00019765,2491.0,1.5164076e+12,0.49205328,27.0,1081.0,0.21350607,0.0
8074,1.5164076e+12,0.00019777,0.00019777,0.00019766,0.00019777,1373.0,1.5164079e+12,0.27149443,17.0,142.0,0.02808286,0.0
8075,1.5164079e+12,0.00019777,0.00019879,0.00019766,0.00019766,2431.0,1.5164082e+12,0.48083523,12.0,41.0,0.00815039,0.0
8076,1.5164082e+12,0.00019766,0.00019879,0.00019765,0.00019879,548.0,1.5164085e+12,0.1084867,10.0,238.0,0.04721425,0.0
8077,1.5164085e+12,0.00019879,0.0001988,0.0001975,0.00019753,3126.0,1.5164088e+12,0.61962883,23.0,1661.0,0.32994549,0.0
8078,1.5164088e+12,0.00019886,0.00020091,0.00019755,0.0001985,2841.0,1.5164091e+12,0.56737492,33.0,1389.0,0.27734117,0.0
8079,1.5164091e+12,0.00019849,0.000199,0.00019746,0.0001976,3253.0,1.5164094e+12,0.64481254,26.0,662.0,0.13099512,0.0
8080,1.5164094e+12,0.00019759,0.0001976,0.0001956,0.0001976,4342.0,1.5164097e+12,0.85703466,15.0,3532.0,0.69771264,0.0
8081,1.5164097e+12,0.00020081,0.00020098,0.00020026,0.00020026,6021.0,1.51641e+12,1.20823423,27.0,2722.0,0.54585524,0.0
8082,1.51641e+12,0.00020028,0.0002044,0.00020028,0.00020101,3363.0,1.5164103e+12,0.67850136,43.0,606.0,0.12271508,0.0
8083,1.5164103e+12,0.00020107,0.000205,0.00020107,0.00020246,11435.0,1.5164106e+12,2.32637833,55.0,3252.0,0.66240712,0.0
8084,1.5164106e+12,0.00020129,0.00020372,0.00020026,0.00020036,1856.0,1.5164109e+12,0.37287515,27.0,85.0,0.01724022,0.0
8085,1.5164109e+12,0.00020108,0.00020289,0.00020046,0.00020115,3509.0,1.5164112e+12,0.70599839,46.0,2576.0,0.5189426,0.0
8086,1.5164112e+12,0.0002015,0.00020321,0.0002015,0.00020233,2614.0,1.5164115e+12,0.52861337,19.0,755.0,0.15304406,0.0
8087,1.5164115e+12,0.00020235,0.00020318,0.000202,0.000202,4012.0,1.5164118e+12,0.81139106,43.0,330.0,0.06701191,0.0
8088,1.5164118e+12,0.00020274,0.00020274,0.000202,0.00020206,985.0,1.5164121e+12,0.19918253,22.0,617.0,0.12484538,0.0
8089,1.5164121e+12,0.00020206,0.00020502,0.00020206,0.00020355,6745.0,1.5164124e+12,1.3782974,57.0,5662.0,1.1578947,0.0
8090,1.5164124e+12,0.00020363,0.00021138,0.00020363,0.00021138,30309.0,1.5164127e+12,6.29805207,121.0,15988.0,3.34404517,0.0
8091,1.5164127e+12,0.00021138,0.00021471,0.00020888,0.00020888,45893.0,1.516413e+12,9.7604702,164.0,16320.0,3.48708521,0.0
8092,1.516413e+12,0.00020524,0.00020796,0.000202,0.0002055,5816.0,1.5164133e+12,1.1922959,63.0,1809.0,0.37270066,0.0
8093,1.5164133e+12,0.000207,0.00021528,0.00020499,0.00021507,16750.0,1.5164136e+12,3.5575772,78.0,7098.0,1.50779165,0.0
8094,1.5164136e+12,0.00020942,0.00021507,0.000207,0.00020932,6147.0,1.5164139e+12,1.29929643,48.0,2574.0,0.5491892,0.0
8095,1.5164139e+12,0.00020927,0.0002098,0.00020704,0.00020842,4444.0,1.5164142e+12,0.92522836,37.0,1971.0,0.41134783,0.0
8096,1.5164142e+12,0.0002097,0.00020997,0.00020859,0.00020991,5792.0,1.5164145e+12,1.21564657,29.0,3828.0,0.8035365,0.0
8097,1.5164145e+12,0.00020921,0.0002149,0.00020921,0.000214,9633.0,1.5164148e+12,2.04570099,58.0,3399.0,0.72007734,0.0
8098,1.5164148e+12,0.000214,0.00021993,0.000214,0.00021718,26938.0,1.5164151e+12,5.86199012,147.0,12774.0,2.77911412,0.0
8099,1.5164151e+12,0.00021741,0.00021978,0.00021718,0.00021933,16761.0,1.5164154e+12,3.66269451,82.0,3231.0,0.70683852,0.0
8100,1.5164154e+12,0.00021924,0.00021938,0.00020746,0.0002136,17714.0,1.5164157e+12,3.83651145,112.0,2497.0,0.54636356,0.0
8101,1.5164157e+12,0.00021061,0.00021803,0.00021061,0.00021489,14187.0,1.516416e+12,3.03973365,47.0,2198.0,0.46931925,0.0
8102,1.516416e+12,0.00021689,0.00022073,0.00021689,0.0002202,13896.0,1.5164163e+12,3.04663533,113.0,11660.0,2.55658486,0.0
8103,1.5164163e+12,0.00022073,0.00022073,0.00021696,0.00022067,5779.0,1.5164166e+12,1.2715318,56.0,2617.0,0.57609613,0.0
8104,1.5164166e+12,0.00022,0.00023,0.00021998,0.0002256,32118.0,1.5164169e+12,7.17533792,165.0,17936.0,4.01254259,0.0
8105,1.5164169e+12,0.0002279,0.00023492,0.00022554,0.00022616,58407.0,1.5164172e+12,13.49156421,242.0,22589.0,5.22930838,0.0
8106,1.5164172e+12,0.00022642,0.00022851,0.00020939,0.00021835,29835.0,1.5164175e+12,6.5364614,194.0,10505.0,2.30350017,0.0
8107,1.5164175e+12,0.00021935,0.00021986,0.00021171,0.00021586,10808.0,1.5164178e+12,2.34546527,83.0,1795.0,0.39151638,0.0
8108,1.5164178e+12,0.00021537,0.000216,0.00020798,0.00020883,22762.0,1.5164181e+12,4.82108337,104.0,6726.0,1.43986132,0.0
8109,1.5164181e+12,0.00021,0.000215,0.00020907,0.00021393,21736.0,1.5164184e+12,4.58398715,102.0,13732.0,2.89537144,0.0
8110,1.5164184e+12,0.00021488,0.00021948,0.000213,0.00021592,11113.0,1.5164187e+12,2.4010142,77.0,5321.0,1.15229904,0.0
8111,1.5164187e+12,0.0002154,0.00021584,0.00021332,0.00021391,2872.0,1.516419e+12,0.61482405,26.0,1997.0,0.4280146,0.0
8112,1.516419e+12,0.00021409,0.00021914,0.00021407,0.00021914,8721.0,1.5164193e+12,1.88769439,53.0,4952.0,1.07093529,0.0
8113,1.5164193e+12,0.00021914,0.000229,0.00021912,0.00022365,16333.0,1.5164196e+12,3.66222116,109.0,8730.0,1.96972263,0.0
8114,1.5164196e+12,0.00022365,0.00022463,0.00021893,0.00022026,14224.0,1.5164199e+12,3.13327289,62.0,2192.0,0.48945877,0.0
8115,1.5164199e+12,0.00022009,0.00022023,0.00021567,0.00021582,3058.0,1.5164202e+12,0.66508793,53.0,1418.0,0.3084165,0.0
8116,1.5164202e+12,0.00021582,0.00021693,0.00021423,0.00021693,4267.0,1.5164205e+12,0.91917577,42.0,2451.0,0.52867625,0.0
8117,1.5164205e+12,0.000217,0.00021881,0.00021599,0.00021838,4238.0,1.5164208e+12,0.9183789,56.0,2441.0,0.52907272,0.0
8118,1.5164208e+12,0.00021836,0.00021836,0.000215,0.000215,4817.0,1.5164211e+12,1.04508907,61.0,2814.0,0.61086111,0.0
8119,1.5164211e+12,0.000215,0.00021711,0.00021333,0.00021498,24754.0,1.5164214e+12,5.30091501,57.0,9137.0,1.95425354,0.0
8120,1.5164214e+12,0.00021498,0.00021502,0.00021335,0.00021335,1318.0,1.5164217e+12,0.28332744,17.0,297.0,0.06385782,0.0
8121,1.5164217e+12,0.000214,0.00021495,0.00021,0.00021023,3498.0,1.516422e+12,0.74273614,28.0,276.0,0.05907656,0.0
8122,1.516422e+12,0.00021028,0.00021294,0.00021028,0.0002128,1757.0,1.5164223e+12,0.37151013,19.0,416.0,0.08801797,0.0
8123,1.5164223e+12,0.00021273,0.000214,0.0002125,0.00021257,2193.0,1.5164226e+12,0.46779688,33.0,1292.0,0.27627205,0.0
8124,1.5164226e+12,0.00021259,0.00021397,0.00020962,0.00020962,5236.0,1.5164229e+12,1.1100277,38.0,2367.0,0.50316417,0.0
8125,1.5164229e+12,0.00020963,0.00021109,0.00020851,0.00020905,6537.0,1.5164232e+12,1.3721764,29.0,2294.0,0.48229171,0.0
8126,1.5164232e+12,0.00020905,0.00020905,0.000205,0.00020774,13434.0,1.5164235e+12,2.78123153,54.0,2347.0,0.48581976,0.0
8127,1.5164235e+12,0.00020774,0.00020794,0.0002022,0.00020237,5440.0,1.5164238e+12,1.11375305,44.0,2217.0,0.4553042,0.0
8128,1.5164238e+12,0.00020238,0.0002024,0.000195,0.000195,21782.0,1.5164241e+12,4.35992007,100.0,9776.0,1.95350935,0.0
8129,1.5164241e+12,0.00019494,0.00020201,0.00019409,0.00020188,18024.0,1.5164244e+12,3.53915632,99.0,11816.0,2.32184668,0.0
8130,1.5164244e+12,0.00020179,0.00020179,0.00018888,0.00019198,10827.0,1.5164247e+12,2.1023455,69.0,2267.0,0.4406546,0.0
8131,1.5164247e+12,0.00019199,0.00019493,0.00018971,0.00019108,5499.0,1.516425e+12,1.04808811,42.0,2582.0,0.49322382,0.0
8132,1.516425e+12,0.00019108,0.00019108,0.00018893,0.00019103,5112.0,1.5164253e+12,0.96903579,27.0,1703.0,0.3230991,0.0
8133,1.5164253e+12,0.00019102,0.00019758,0.00019102,0.00019274,9112.0,1.5164256e+12,1.77676714,41.0,6636.0,1.29392826,0.0
8134,1.5164256e+12,0.00019861,0.00019861,0.00019307,0.00019832,4471.0,1.5164259e+12,0.87610483,34.0,1904.0,0.37508457,0.0
8135,1.5164259e+12,0.00019833,0.00020205,0.00019833,0.00020001,6481.0,1.5164262e+12,1.30238445,50.0,3307.0,0.66694687,0.0
8136,1.5164262e+12,0.0002002,0.00020025,0.00019061,0.000196,4047.0,1.5164265e+12,0.79783824,30.0,1021.0,0.20025671,0.0
8137,1.5164265e+12,0.00019721,0.00019721,0.0001962,0.0001962,733.0,1.5164268e+12,0.1440076,11.0,147.0,0.02898976,0.0
8138,1.5164268e+12,0.00019621,0.00019621,0.00018666,0.00019076,12981.0,1.5164271e+12,2.47791576,55.0,4098.0,0.78891174,0.0
8139,1.5164271e+12,0.00018994,0.00018999,0.00018802,0.00018987,4251.0,1.5164274e+12,0.80615738,36.0,3563.0,0.67659939,0.0
8140,1.5164274e+12,0.00018854,0.0001898,0.00018854,0.0001886,3519.0,1.5164277e+12,0.66717564,9.0,150.0,0.02846724,0.0
8141,1.5164277e+12,0.00018866,0.00019088,0.00018861,0.00019088,3499.0,1.516428e+12,0.66118348,26.0,2686.0,0.50777578,0.0
8142,1.516428e+12,0.00019455,0.00019455,0.00018998,0.00018999,6004.0,1.5164283e+12,1.15498933,36.0,2251.0,0.43272966,0.0
8143,1.5164283e+12,0.00018891,0.00019124,0.00018891,0.00019123,1051.0,1.5164286e+12,0.2006905,13.0,860.0,0.16417237,0.0
8144,1.5164286e+12,0.00019257,0.0001942,0.00019214,0.00019355,3858.0,1.5164289e+12,0.74413732,20.0,1428.0,0.2766604,0.0
8145,1.5164289e+12,0.00019355,0.00019468,0.00019314,0.0001945,1270.0,1.5164292e+12,0.24696333,14.0,1257.0,0.24445251,0.0
8146,1.5164292e+12,0.0001945,0.00019721,0.00019371,0.00019531,1872.0,1.5164295e+12,0.36566887,24.0,735.0,0.14345841,0.0
8147,1.5164295e+12,0.00019514,0.00019612,0.00019494,0.00019494,3410.0,1.5164298e+12,0.66654246,14.0,3147.0,0.6152543,0.0
8148,1.5164298e+12,0.00019493,0.0001991,0.00019493,0.00019762,4598.0,1.5164301e+12,0.9010899,27.0,2478.0,0.486177,0.0
8149,1.5164301e+12,0.0001975,0.0001975,0.0001947,0.0001947,528.0,1.5164304e+12,0.10326569,9.0,151.0,0.0297175,0.0
8150,1.5164304e+12,0.00019471,0.00019589,0.0001947,0.00019566,6810.0,1.5164307e+12,1.33192194,22.0,4269.0,0.83483047,0.0
8151,1.5164307e+12,0.00019566,0.00019718,0.00019566,0.00019718,7331.0,1.516431e+12,1.43739246,16.0,2493.0,0.48949114,0.0
8152,1.516431e+12,0.0001957,0.00019571,0.0001956,0.0001956,6514.0,1.5164313e+12,1.27451505,23.0,2624.0,0.51344811,0.0
8153,1.5164313e+12,0.0001956,0.00019717,0.0001947,0.00019666,7840.0,1.5164316e+12,1.53814286,33.0,4640.0,0.91143191,0.0
8154,1.5164316e+12,0.00019666,0.0002,0.00019475,0.00019695,1951.0,1.5164319e+12,0.38547121,31.0,940.0,0.18657557,0.0
8155,1.5164319e+12,0.00019985,0.0002,0.00019706,0.00019706,5609.0,1.5164322e+12,1.11098138,23.0,1724.0,0.3441847,0.0
8156,1.5164322e+12,0.00019687,0.0001995,0.00019685,0.00019857,1899.0,1.5164325e+12,0.37536331,16.0,882.0,0.17516186,0.0
8157,1.5164325e+12,0.00019879,0.00019885,0.0001947,0.0001947,5761.0,1.5164328e+12,1.13670948,16.0,2224.0,0.44214898,0.0
8158,1.5164328e+12,0.00019593,0.00019593,0.000195,0.00019593,252.0,1.5164331e+12,0.04927917,6.0,165.0,0.03231417,0.0
8159,1.5164331e+12,0.00019592,0.00019702,0.00019592,0.00019655,454.0,1.5164334e+12,0.08937437,9.0,353.0,0.06952282,0.0
8160,1.5164334e+12,0.00019702,0.00019702,0.00019446,0.00019446,235.0,1.5164337e+12,0.04624787,3.0,215.0,0.04235867,0.0
8161,1.5164337e+12,0.00019451,0.00019566,0.00019238,0.00019238,1236.0,1.516434e+12,0.2403533,12.0,676.0,0.13206133,0.0
8162,1.516434e+12,0.00019245,0.00019499,0.00019245,0.00019409,1690.0,1.5164343e+12,0.32783728,8.0,360.0,0.06988309,0.0
8163,1.5164343e+12,0.00019376,0.00019498,0.00019232,0.00019498,2449.0,1.5164346e+12,0.47411174,23.0,1576.0,0.30534297,0.0
8164,1.5164346e+12,0.0001958,0.0001958,0.000192,0.000192,5910.0,1.5164349e+12,1.15375312,18.0,3139.0,0.6146162,0.0
8165,1.5164349e+12,0.00019459,0.00019459,0.0001904,0.000191,3466.0,1.5164352e+12,0.66284681,28.0,1308.0,0.25120032,0.0
8166,1.5164352e+12,0.00019051,0.00019163,0.00019,0.00019099,8924.0,1.5164355e+12,1.7024766,37.0,3596.0,0.68813565,0.0
8167,1.5164355e+12,0.00019098,0.00019098,0.000188,0.00019089,3735.0,1.5164358e+12,0.70381119,26.0,1556.0,0.29371873,0.0
8168,1.5164358e+12,0.00019088,0.0001909,0.000185,0.0001888,8455.0,1.5164361e+12,1.58482015,48.0,2083.0,0.39378163,0.0
8169,1.5164361e+12,0.00018879,0.0001888,0.000185,0.00018609,5868.0,1.5164364e+12,1.09452764,46.0,1269.0,0.23825023,0.0
8170,1.5164364e+12,0.00018789,0.00018789,0.000185,0.0001874,4528.0,1.5164367e+12,0.84009928,39.0,1582.0,0.29397414,0.0
8171,1.5164367e+12,0.00018733,0.0001914,0.00018567,0.0001914,8902.0,1.516437e+12,1.67808594,54.0,6799.0,1.28520679,0.0
8172,1.516437e+12,0.00019094,0.00019447,0.00018891,0.00019447,2670.0,1.5164373e+12,0.50900046,21.0,2418.0,0.4612352,0.0
8173,1.5164373e+12,0.00019333,0.00019434,0.00018653,0.00018965,5486.0,1.5164376e+12,1.0535793,63.0,928.0,0.17759867,0.0
8174,1.5164376e+12,0.00018958,0.00018958,0.00018757,0.0001895,363.0,1.5164379e+12,0.06828829,6.0,354.0,0.06659917,0.0
8175,1.5164379e+12,0.00018949,0.0001895,0.00018789,0.00018789,1448.0,1.5164382e+12,0.27285534,15.0,260.0,0.04926958,0.0
8176,1.5164382e+12,0.00018776,0.0001895,0.000185,0.000185,5812.0,1.5164385e+12,1.08164794,40.0,960.0,0.17878991,0.0
8177,1.5164385e+12,0.00018561,0.00018804,0.000184,0.0001843,5755.0,1.5164388e+12,1.0637511,29.0,1256.0,0.23271639,0.0
8178,1.5164388e+12,0.00018776,0.00018902,0.00018564,0.00018567,2830.0,1.5164391e+12,0.52781135,33.0,1189.0,0.22299374,0.0
8179,1.5164391e+12,0.00018566,0.00018987,0.00018566,0.00018987,2441.0,1.5164394e+12,0.45659796,23.0,1054.0,0.19752379,0.0
8180,1.5164394e+12,0.00018997,0.00019441,0.00018786,0.0001944,6154.0,1.5164397e+12,1.18374739,39.0,5210.0,1.00530261,0.0
8181,1.5164397e+12,0.00019391,0.00019441,0.00018973,0.00019018,6103.0,1.51644e+12,1.17586393,26.0,2371.0,0.45985888,0.0
8182,1.51644e+12,0.00019052,0.000199,0.00019052,0.00019429,9798.0,1.5164403e+12,1.91273643,33.0,6900.0,1.34993882,0.0
8183,1.5164403e+12,0.00019628,0.00019628,0.00019186,0.00019186,5767.0,1.5164406e+12,1.12296767,33.0,2628.0,0.51401662,0.0
8184,1.5164406e+12,0.00019174,0.00019174,0.00019057,0.00019057,567.0,1.5164409e+12,0.1082632,8.0,567.0,0.1082632,0.0
8185,1.5164409e+12,0.00019001,0.00019001,0.00018917,0.00018917,1098.0,1.5164412e+12,0.20852683,11.0,522.0,0.09915043,0.0
8186,1.5164412e+12,0.00018993,0.0001937,0.0001897,0.00019027,3114.0,1.5164415e+12,0.59532026,32.0,1344.0,0.25692656,0.0
8187,1.5164415e+12,0.00019027,0.00019027,0.00018866,0.00018866,4333.0,1.5164418e+12,0.82138637,13.0,1952.0,0.37095512,0.0
8188,1.5164418e+12,0.00018901,0.00018901,0.00018866,0.00018866,7732.0,1.5164421e+12,1.45909511,19.0,806.0,0.15209696,0.0
8189,1.5164421e+12,0.00018867,0.00018867,0.00018668,0.00018668,7908.0,1.5164424e+12,1.48765683,29.0,1135.0,0.21348584,0.0
8190,1.5164424e+12,0.00018669,0.000188,0.00018564,0.000188,4425.0,1.5164427e+12,0.82268606,23.0,3929.0,0.73038394,0.0
8191,1.5164427e+12,0.000188,0.000188,0.00018666,0.00018707,1766.0,1.516443e+12,0.33108808,25.0,988.0,0.18559148,0.0
8192,1.516443e+12,0.00018875,0.00018875,0.00018875,0.00018875,82.0,1.5164433e+12,0.0154775,3.0,82.0,0.0154775,0.0
8193,1.5164433e+12,0.00018815,0.00018875,0.00018815,0.00018875,428.0,1.5164436e+12,0.0807592,6.0,385.0,0.07266875,0.0
8194,1.5164436e+12,0.00018875,0.00019049,0.00018875,0.00019049,2344.0,1.5164439e+12,0.4460134,12.0,1609.0,0.3060547,0.0
8195,1.5164439e+12,0.00019042,0.00019042,0.00018903,0.00018903,394.0,1.5164442e+12,0.07491428,4.0,0.0,0.0,0.0
8196,1.5164442e+12,0.00018904,0.0001904,0.00018904,0.0001898,1275.0,1.5164445e+12,0.24198637,11.0,34.0,0.0064736,0.0
8197,1.5164445e+12,0.0001898,0.00019042,0.0001898,0.00018999,907.0,1.5164448e+12,0.17226345,8.0,478.0,0.09083894,0.0
8198,1.5164448e+12,0.00019013,0.00019013,0.00019013,0.00019013,1923.0,1.5164451e+12,0.36561999,3.0,632.0,0.12016216,0.0
8199,1.5164451e+12,0.00019042,0.00019042,0.00019013,0.00019013,3300.0,1.5164454e+12,0.62789314,16.0,1928.0,0.36693125,0.0
8200,1.5164454e+12,0.00019013,0.00019013,0.00018981,0.00018981,2419.0,1.5164457e+12,0.45927983,10.0,53.0,0.01007689,0.0
8201,1.5164457e+12,0.00019001,0.00019001,0.00018981,0.00019001,680.0,1.516446e+12,0.1291826,7.0,559.0,0.10621559,0.0
8202,1.516446e+12,0.00019,0.00019,0.00018981,0.00018982,31.0,1.5164463e+12,0.00588457,3.0,1.0,0.00019,0.0
8203,1.5164463e+12,0.00018987,0.00018987,0.00018848,0.00018848,2697.0,1.5164466e+12,0.51138095,12.0,322.0,0.06069366,0.0
8204,1.5164466e+12,0.00018848,0.00018848,0.00018718,0.00018718,2554.0,1.5164469e+12,0.4782103,10.0,62.0,0.01166912,0.0
8205,1.5164469e+12,0.0001872,0.00018942,0.000186,0.00018942,4213.0,1.5164472e+12,0.78644772,19.0,3280.0,0.61185065,0.0
8206,1.5164472e+12,0.00018924,0.00018924,0.00018675,0.00018675,161.0,1.5164475e+12,0.03027942,3.0,83.0,0.01570692,0.0
8207,1.5164475e+12,0.00018729,0.00018877,0.00018713,0.0001875,3402.0,1.5164478e+12,0.63771125,18.0,424.0,0.08003848,0.0
8208,1.5164478e+12,0.00018854,0.00018854,0.00018754,0.00018754,2405.0,1.5164481e+12,0.45147139,9.0,441.0,0.08312059,0.0
8209,1.5164481e+12,0.00018828,0.00018828,0.000187,0.000187,1811.0,1.5164484e+12,0.33930458,16.0,951.0,0.17807958,0.0
8210,1.5164484e+12,0.00018633,0.00018692,0.00018496,0.00018496,7731.0,1.5164487e+12,1.43373949,50.0,3008.0,0.55765275,0.0
8211,1.5164487e+12,0.00018496,0.00018692,0.00018259,0.000185,7430.0,1.516449e+12,1.36865978,50.0,1740.0,0.32170018,0.0
8212,1.516449e+12,0.00018356,0.00018498,0.00018262,0.00018267,3732.0,1.5164493e+12,0.68423875,38.0,2133.0,0.39197429,0.0
8213,1.5164493e+12,0.00018266,0.00018576,0.00018262,0.00018497,3705.0,1.5164496e+12,0.67954659,24.0,3072.0,0.56394149,0.0
8214,1.5164496e+12,0.00018559,0.00018559,0.00018478,0.00018511,527.0,1.5164499e+12,0.09778253,11.0,491.0,0.09112451,0.0
8215,1.5164499e+12,0.00018547,0.00018717,0.00018452,0.00018452,1097.0,1.5164502e+12,0.2035742,13.0,675.0,0.125341,0.0
8216,1.5164502e+12,0.00018487,0.00018636,0.00018486,0.0001855,2312.0,1.5164505e+12,0.42892953,11.0,716.0,0.13321383,0.0
8217,1.5164505e+12,0.00018511,0.00018535,0.00018401,0.00018406,645.0,1.5164508e+12,0.11898332,14.0,61.0,0.01129036,0.0
8218,1.5164508e+12,0.00018406,0.00018406,0.00018406,0.00018406,0.0,1.5164511e+12,0.0,0.0,0.0,0.0,0.0
8219,1.5164511e+12,0.00018565,0.00018565,0.00018211,0.00018268,10923.0,1.5164514e+12,1.99594153,35.0,2918.0,0.53349656,0.0
8220,1.5164514e+12,0.00018268,0.00018862,0.00018268,0.00018601,9887.0,1.5164517e+12,1.83064239,37.0,8869.0,1.64203046,0.0
8221,1.5164517e+12,0.00018604,0.00018777,0.00018536,0.00018579,2655.0,1.516452e+12,0.49508999,22.0,692.0,0.12861497,0.0
8222,1.516452e+12,0.00018433,0.00018491,0.00018288,0.0001829,10038.0,1.5164523e+12,1.84478131,35.0,3430.0,0.63057642,0.0
8223,1.5164523e+12,0.00018299,0.000184,0.0001829,0.000184,3319.0,1.5164526e+12,0.6091669,13.0,2331.0,0.42845524,0.0
8224,1.5164526e+12,0.000184,0.00018472,0.00018323,0.00018472,105.0,1.5164529e+12,0.01930615,5.0,45.0,0.00830232,0.0
8225,1.5164529e+12,0.00018468,0.00018774,0.00018468,0.00018597,10328.0,1.5164532e+12,1.91752785,24.0,7804.0,1.44794866,0.0
8226,1.5164532e+12,0.00018415,0.00018705,0.00018415,0.00018705,1921.0,1.5164535e+12,0.35465363,11.0,607.0,0.11265394,0.0
8227,1.5164535e+12,0.00018621,0.00018621,0.00018466,0.00018466,451.0,1.5164538e+12,0.08380965,5.0,378.0,0.07032947,0.0
8228,1.5164538e+12,0.00018635,0.00018635,0.00018502,0.00018633,418.0,1.5164541e+12,0.07774762,5.0,310.0,0.05776546,0.0
8229,1.5164541e+12,0.00018499,0.00018621,0.00018498,0.00018506,4235.0,1.5164544e+12,0.78551036,23.0,1100.0,0.2045593,0.0
8230,1.5164544e+12,0.00018499,0.00018499,0.00018476,0.00018498,2162.0,1.5164547e+12,0.3999096,10.0,62.0,0.01146938,0.0
8231,1.5164547e+12,0.00018498,0.00018498,0.00018498,0.00018498,0.0,1.516455e+12,0.0,0.0,0.0,0.0,0.0
8232,1.516455e+12,0.00018497,0.00018705,0.00018497,0.00018498,1080.0,1.5164553e+12,0.20013621,17.0,747.0,0.13851285,0.0
8233,1.5164553e+12,0.00018498,0.00018498,0.00018453,0.00018453,443.0,1.5164556e+12,0.08187335,8.0,19.0,0.00351367,0.0
8234,1.5164556e+12,0.00018493,0.00018493,0.0001825,0.00018426,8044.0,1.5164559e+12,1.47815337,37.0,776.0,0.14342787,0.0
8235,1.5164559e+12,0.00018426,0.00018426,0.00018426,0.00018426,0.0,1.5164562e+12,0.0,0.0,0.0,0.0,0.0
8236,1.5164562e+12,0.00018424,0.00018424,0.00018,0.0001803,12320.0,1.5164565e+12,2.23582169,65.0,690.0,0.1257171,0.0
8237,1.5164565e+12,0.00018027,0.00018028,0.00018,0.0001802,3562.0,1.5164568e+12,0.64165456,35.0,2166.0,0.39037058,0.0
8238,1.5164568e+12,0.0001802,0.00018237,0.0001802,0.00018222,2085.0,1.5164571e+12,0.37785483,34.0,1579.0,0.28665709,0.0
8239,1.5164571e+12,0.00018228,0.0001871,0.00018222,0.00018463,13898.0,1.5164574e+12,2.56004065,59.0,6687.0,1.22496039,0.0
8240,1.5164574e+12,0.00018463,0.00018665,0.00018463,0.0001858,1388.0,1.5164577e+12,0.25760716,14.0,855.0,0.15917829,0.0
8241,1.5164577e+12,0.00018468,0.00018592,0.00018467,0.00018514,3601.0,1.516458e+12,0.66628671,24.0,2432.0,0.45004066,0.0
8242,1.516458e+12,0.0001853,0.00018709,0.00018526,0.00018565,13069.0,1.5164583e+12,2.43071016,52.0,4396.0,0.82053674,0.0
8243,1.5164583e+12,0.00018567,0.00018702,0.000185,0.000186,27219.0,1.5164586e+12,5.04873554,41.0,1463.0,0.27337856,0.0
8244,1.5164586e+12,0.00018599,0.0001889,0.00018556,0.00018701,5223.0,1.5164589e+12,0.97866092,49.0,3249.0,0.61011693,0.0
8245,1.5164589e+12,0.000187,0.000189,0.00018601,0.00018721,5617.0,1.5164592e+12,1.05750278,23.0,4404.0,0.83050397,0.0
8246,1.5164592e+12,0.00018724,0.00018851,0.00018724,0.00018851,222.0,1.5164595e+12,0.04164189,6.0,163.0,0.03057473,0.0
8247,1.5164595e+12,0.00018851,0.00019113,0.00018771,0.00018834,7536.0,1.5164598e+12,1.43429359,58.0,3756.0,0.71554848,0.0
8248,1.5164598e+12,0.00018877,0.00019293,0.00018877,0.00019165,5539.0,1.5164601e+12,1.06071447,24.0,1215.0,0.23250815,0.0
8249,1.5164601e+12,0.00019172,0.00019254,0.00019047,0.00019092,8339.0,1.5164604e+12,1.59393291,65.0,782.0,0.14986152,0.0
8250,1.5164604e+12,0.000191,0.00019106,0.00018835,0.00019,12349.0,1.5164607e+12,2.34247925,34.0,1401.0,0.26741592,0.0
8251,1.5164607e+12,0.00019004,0.00019199,0.00019,0.00019,4857.0,1.516461e+12,0.92318908,31.0,3798.0,0.721827,0.0
8252,1.516461e+12,0.00019003,0.00019143,0.00019003,0.00019042,9232.0,1.5164613e+12,1.75820289,28.0,5467.0,1.04132624,0.0
8253,1.5164613e+12,0.00019043,0.00019248,0.00019042,0.0001922,17233.0,1.5164616e+12,3.30301849,63.0,9405.0,1.80225819,0.0
8254,1.5164616e+12,0.00019222,0.00019407,0.0001922,0.00019404,20128.0,1.5164619e+12,3.88707146,68.0,7738.0,1.49437649,0.0
8255,1.5164619e+12,0.00019404,0.0001966,0.00019404,0.0001966,21645.0,1.5164622e+12,4.23460908,79.0,10179.0,1.99069426,0.0
8256,1.5164622e+12,0.00019628,0.000197,0.0001955,0.0001969,19501.0,1.5164625e+12,3.82638454,84.0,9563.0,1.87856502,0.0
8257,1.5164625e+12,0.00019691,0.000199,0.00019683,0.00019752,19510.0,1.5164628e+12,3.85979106,99.0,9358.0,1.8537112,0.0
8258,1.5164628e+12,0.00019775,0.00019945,0.000197,0.00019944,21971.0,1.5164631e+12,4.37148766,88.0,10651.0,2.11841132,0.0
8259,1.5164631e+12,0.00019945,0.00019959,0.00019798,0.00019801,26640.0,1.5164634e+12,5.29092986,85.0,16300.0,3.23956754,0.0
8260,1.5164634e+12,0.000198,0.00019801,0.00019315,0.00019437,18317.0,1.5164637e+12,3.56489187,97.0,11814.0,2.30096719,0.0
8261,1.5164637e+12,0.0001949,0.0001988,0.00019447,0.0001987,15360.0,1.516464e+12,3.02682395,69.0,10022.0,1.97364637,0.0
8262,1.516464e+12,0.00019881,0.000199,0.000198,0.00019835,12030.0,1.5164643e+12,2.38710323,61.0,5205.0,1.03282562,0.0
8263,1.5164643e+12,0.00019841,0.00019841,0.00019557,0.00019616,11163.0,1.5164646e+12,2.20563595,45.0,3923.0,0.77478076,0.0
8264,1.5164646e+12,0.00019571,0.00019833,0.00019386,0.00019624,13297.0,1.5164649e+12,2.60418912,77.0,4845.0,0.94997422,0.0
8265,1.5164649e+12,0.0001963,0.00020177,0.00019542,0.00020177,26062.0,1.5164652e+12,5.17874073,87.0,17344.0,3.44485786,0.0
8266,1.5164652e+12,0.0002015,0.00020394,0.00020051,0.00020151,18630.0,1.5164655e+12,3.76925512,103.0,9939.0,2.01094767,0.0
8267,1.5164655e+12,0.00020205,0.0002078,0.00020151,0.000203,26853.0,1.5164658e+12,5.49224468,134.0,14563.0,2.97643994,0.0
8268,1.5164658e+12,0.00020289,0.00020294,0.00019579,0.00019582,27807.0,1.5164661e+12,5.50369698,104.0,5883.0,1.16160737,0.0
8269,1.5164661e+12,0.00019583,0.00020201,0.00019581,0.00020077,16616.0,1.5164664e+12,3.30063754,73.0,8598.0,1.70758479,0.0
8270,1.5164664e+12,0.00020077,0.000203,0.00020077,0.00020276,18605.0,1.5164667e+12,3.75395151,65.0,4609.0,0.93011569,0.0
8271,1.5164667e+12,0.00020274,0.00020286,0.0001956,0.00020008,16606.0,1.516467e+12,3.33039766,66.0,6002.0,1.20220426,0.0
8272,1.516467e+12,0.00020007,0.00020098,0.00019908,0.00020031,21732.0,1.5164673e+12,4.34121451,58.0,15079.0,3.01191466,0.0
8273,1.5164673e+12,0.00020039,0.00020202,0.00019949,0.00019949,19232.0,1.5164676e+12,3.86182112,57.0,10255.0,2.06229528,0.0
8274,1.5164676e+12,0.00019953,0.00020182,0.000199,0.00019992,21762.0,1.5164679e+12,4.34495167,63.0,5434.0,1.08597018,0.0
8275,1.5164679e+12,0.00019985,0.00020102,0.0001992,0.00019963,13473.0,1.5164682e+12,2.69473959,63.0,7776.0,1.55490957,0.0
8276,1.5164682e+12,0.00019985,0.00020199,0.0001992,0.00019942,19842.0,1.5164685e+12,3.98337854,66.0,12405.0,2.4931825,0.0
8277,1.5164685e+12,0.00019943,0.00019944,0.00019141,0.00019277,14084.0,1.5164688e+12,2.78154566,58.0,4114.0,0.81728473,0.0
8278,1.5164688e+12,0.00019553,0.00019553,0.00019404,0.00019529,2960.0,1.5164691e+12,0.5759724,32.0,2439.0,0.47469629,0.0
8279,1.5164691e+12,0.00019748,0.000205,0.00019657,0.00019745,20054.0,1.5164694e+12,4.02889142,86.0,16657.0,3.35795292,0.0
8280,1.5164694e+12,0.00020068,0.00020499,0.00020066,0.00020315,15009.0,1.5164697e+12,3.04196212,102.0,4899.0,0.99413123,0.0
8281,1.5164697e+12,0.00020327,0.000205,0.00020152,0.0002039,18005.0,1.51647e+12,3.66645191,71.0,11472.0,2.33622558,0.0
8282,1.51647e+12,0.00020391,0.00020493,0.00020304,0.0002041,17008.0,1.5164703e+12,3.46490465,64.0,8773.0,1.78801218,0.0
8283,1.5164703e+12,0.00020416,0.00020489,0.00020413,0.00020462,15256.0,1.5164706e+12,3.12250738,49.0,8423.0,1.7240999,0.0
8284,1.5164706e+12,0.00020463,0.00020464,0.00020304,0.00020304,17060.0,1.5164709e+12,3.47104957,57.0,4459.0,0.90746837,0.0
8285,1.5164709e+12,0.00020304,0.00020312,0.00020304,0.00020311,14441.0,1.5164712e+12,2.93296107,57.0,4836.0,0.98222233,0.0
8286,1.5164712e+12,0.00020311,0.00028,0.00020311,0.00025755,755330.0,1.5164715e+12,194.17216016,4508.0,451262.0,116.41178803,0.0
8287,1.5164715e+12,0.00025755,0.00026406,0.0002305,0.00023911,347823.0,1.5164718e+12,84.16265643,1865.0,160962.0,38.90192917,0.0
8288,1.5164718e+12,0.00023804,0.00023911,0.0002242,0.00023298,146109.0,1.5164721e+12,33.70255808,842.0,56069.0,12.97547953,0.0
8289,1.5164721e+12,0.00022883,0.000233,0.0002288,0.0002288,73813.0,1.5164724e+12,17.05034287,449.0,25810.0,5.9770517,0.0
8290,1.5164724e+12,0.0002288,0.00022899,0.0002137,0.000221,97556.0,1.5164727e+12,21.37970466,576.0,46371.0,10.13859,0.0
8291,1.5164727e+12,0.000221,0.000228,0.00022,0.00022251,58632.0,1.516473e+12,13.09780024,372.0,28042.0,6.27398282,0.0
8292,1.516473e+12,0.00022251,0.00022251,0.00021201,0.00021235,57446.0,1.5164733e+12,12.43229358,308.0,13512.0,2.91307686,0.0
8293,1.5164733e+12,0.00021241,0.00021548,0.00021241,0.00021548,65799.0,1.5164736e+12,14.08269983,257.0,31673.0,6.77788551,0.0
8294,1.5164736e+12,0.00021609,0.000225,0.00021511,0.000225,65286.0,1.5164739e+12,14.39766213,324.0,35811.0,7.90031913,0.0
8295,1.5164739e+12,0.00022499,0.0002327,0.0002249,0.00023228,78881.0,1.5164742e+12,18.00378346,477.0,37733.0,8.63254702,0.0
8296,1.5164742e+12,0.00023262,0.00025647,0.00023228,0.00023899,228717.0,1.5164745e+12,55.84367721,1031.0,125960.0,30.75391543,0.0
8297,1.5164745e+12,0.000238,0.00025,0.000233,0.00023802,148116.0,1.5164748e+12,35.65088664,837.0,66361.0,16.08686516,0.0
8298,1.5164748e+12,0.00023887,0.00023898,0.000224,0.00022602,121539.0,1.5164751e+12,27.84258934,575.0,39641.0,9.09282552,0.0
8299,1.5164751e+12,0.00022795,0.0002346,0.00022594,0.00022763,65089.0,1.5164754e+12,14.9817708,377.0,29313.0,6.740162,0.0
8300,1.5164754e+12,0.00022753,0.00022903,0.0002201,0.00022434,50633.0,1.5164757e+12,11.35213833,261.0,17387.0,3.90249738,0.0
8301,1.5164757e+12,0.00022399,0.00022788,0.00022,0.0002274,40260.0,1.516476e+12,9.02072794,216.0,20560.0,4.63063071,0.0
8302,1.516476e+12,0.0002276,0.00023146,0.00022444,0.00022536,26087.0,1.5164763e+12,5.94017877,169.0,12980.0,2.96253294,0.0
8303,1.5164763e+12,0.00022536,0.00022565,0.00021889,0.00022275,43865.0,1.5164766e+12,9.7284854,232.0,14128.0,3.14428579,0.0
8304,1.5164766e+12,0.0002221,0.0002221,0.00021934,0.00022194,22250.0,1.5164769e+12,4.90735075,130.0,6963.0,1.53739334,0.0
8305,1.5164769e+12,0.00022188,0.00022946,0.00022133,0.00022566,23768.0,1.5164772e+12,5.33222054,156.0,9621.0,2.15998732,0.0
8306,1.5164772e+12,0.00022568,0.00022773,0.00022062,0.0002229,12891.0,1.5164775e+12,2.88462249,98.0,5353.0,1.1976946,0.0
8307,1.5164775e+12,0.00022272,0.00022273,0.00021936,0.00021968,29833.0,1.5164778e+12,6.58941345,140.0,12162.0,2.68546796,0.0
8308,1.5164778e+12,0.00022031,0.00022079,0.00021354,0.00021431,24838.0,1.5164781e+12,5.39625201,181.0,9986.0,2.1735643,0.0
8309,1.5164781e+12,0.00021431,0.00022003,0.00021284,0.00021809,22973.0,1.5164784e+12,4.97976777,225.0,12096.0,2.61725741,0.0
8310,1.5164784e+12,0.00021809,0.00021953,0.00021727,0.00021875,14650.0,1.5164787e+12,3.20562011,117.0,9225.0,2.01910261,0.0
8311,1.5164787e+12,0.00021885,0.00021904,0.00021771,0.00021771,16511.0,1.516479e+12,3.60108249,124.0,7277.0,1.58875219,0.0
8312,1.516479e+12,0.00021788,0.00021788,0.0002123,0.00021549,21130.0,1.5164793e+12,4.56494854,141.0,11282.0,2.43587309,0.0
8313,1.5164793e+12,0.00021556,0.00022106,0.00021524,0.000218,33084.0,1.5164796e+12,7.20012088,212.0,20801.0,4.53030587,0.0
8314,1.5164796e+12,0.000218,0.00022849,0.00021624,0.0002258,57620.0,1.5164799e+12,12.89951288,420.0,30631.0,6.8623715,0.0
8315,1.5164799e+12,0.0002258,0.00023777,0.00022502,0.0002358,50522.0,1.5164802e+12,11.69367158,332.0,32678.0,7.57474426,0.0
8316,1.5164802e+12,0.00023644,0.00023645,0.000224,0.00022481,66432.0,1.5164805e+12,15.277689,330.0,26836.0,6.16032193,0.0
8317,1.5164805e+12,0.00022442,0.00023138,0.0002241,0.00022879,29549.0,1.5164808e+12,6.72610849,177.0,17307.0,3.93976574,0.0
8318,1.5164808e+12,0.00022883,0.00023451,0.00022764,0.00023044,37376.0,1.5164811e+12,8.66452443,219.0,20747.0,4.80703763,0.0
8319,1.5164811e+12,0.00023049,0.00023052,0.000226,0.00022619,23657.0,1.5164814e+12,5.41059489,147.0,11308.0,2.59151114,0.0
8320,1.5164814e+12,0.00022605,0.00022839,0.000224,0.00022838,18915.0,1.5164817e+12,4.29179234,122.0,8601.0,1.95263484,0.0
8321,1.5164817e+12,0.00022839,0.00023454,0.00022839,0.00023338,31582.0,1.516482e+12,7.28742528,149.0,18265.0,4.21634097,0.0
8322,1.516482e+12,0.00023318,0.00023337,0.00022769,0.00022769,41458.0,1.5164823e+12,9.56367431,129.0,6793.0,1.57649358,0.0
8323,1.5164823e+12,0.00022769,0.000232,0.000225,0.00022695,27005.0,1.5164826e+12,6.14124654,138.0,12134.0,2.76501048,0.0
8324,1.5164826e+12,0.00022606,0.00022787,0.000225,0.00022714,24634.0,1.5164829e+12,5.57914969,103.0,11847.0,2.68618275,0.0
8325,1.5164829e+12,0.00022634,0.00022634,0.00022095,0.00022403,21741.0,1.5164832e+12,4.85534005,156.0,12195.0,2.72383139,0.0
8326,1.5164832e+12,0.00022404,0.00022787,0.00022255,0.00022646,26284.0,1.5164835e+12,5.92179188,134.0,16544.0,3.72317545,0.0
8327,1.5164835e+12,0.0002269,0.00023051,0.00022255,0.00022578,22964.0,1.5164838e+12,5.24098929,172.0,11285.0,2.58066223,0.0
8328,1.5164838e+12,0.00022358,0.0002309,0.00022358,0.00023051,26398.0,1.5164841e+12,6.00851032,146.0,13576.0,3.09588285,0.0
8329,1.5164841e+12,0.0002307,0.00023155,0.00022808,0.00022889,15202.0,1.5164844e+12,3.48572573,100.0,6861.0,1.57403934,0.0
8330,1.5164844e+12,0.0002294,0.00023,0.00022889,0.00022995,11870.0,1.5164847e+12,2.72919963,63.0,7028.0,1.6160761,0.0
8331,1.5164847e+12,0.00022995,0.00022995,0.0002205,0.00022559,19100.0,1.516485e+12,4.31348426,115.0,6938.0,1.57477468,0.0
8332,1.516485e+12,0.00022551,0.00022553,0.0002251,0.00022535,13229.0,1.5164853e+12,2.98017579,79.0,7557.0,1.70239747,0.0
8333,1.5164853e+12,0.00022551,0.00022551,0.00022101,0.00022413,17442.0,1.5164856e+12,3.91085387,97.0,8066.0,1.81064848,0.0
8334,1.5164856e+12,0.00022435,0.00022454,0.00021901,0.00022281,28123.0,1.5164859e+12,6.23023513,136.0,7565.0,1.68378921,0.0
8335,1.5164859e+12,0.00022281,0.00022281,0.00022098,0.00022224,11642.0,1.5164862e+12,2.58988245,103.0,5086.0,1.13181508,0.0
8336,1.5164862e+12,0.00022225,0.000231,0.00022194,0.00022418,29326.0,1.5164865e+12,6.6485521,136.0,25031.0,5.68865237,0.0
8337,1.5164865e+12,0.00022417,0.00022417,0.00021901,0.00022226,20994.0,1.5164868e+12,4.64790937,165.0,7585.0,1.67675662,0.0
8338,1.5164868e+12,0.00022226,0.00022234,0.00022184,0.00022197,11262.0,1.5164871e+12,2.50114701,125.0,5081.0,1.12891717,0.0
8339,1.5164871e+12,0.00022196,0.00022202,0.00021956,0.00022134,17075.0,1.5164874e+12,3.7797751,99.0,7393.0,1.6374726,0.0
8340,1.5164874e+12,0.00022147,0.0002237,0.00022134,0.0002237,11778.0,1.5164877e+12,2.61721378,89.0,4902.0,1.08902387,0.0
8341,1.5164877e+12,0.00022321,0.00022496,0.00022252,0.00022381,16982.0,1.516488e+12,3.79481004,78.0,10759.0,2.40734414,0.0
8342,1.516488e+12,0.00022378,0.00022383,0.00022181,0.00022245,15292.0,1.5164883e+12,3.40878344,80.0,6833.0,1.52261098,0.0
8343,1.5164883e+12,0.00022244,0.00022254,0.00022217,0.00022235,16446.0,1.5164886e+12,3.65581743,65.0,11041.0,2.45431447,0.0
8344,1.5164886e+12,0.00022235,0.00022288,0.00021967,0.00022092,18013.0,1.5164889e+12,3.98871289,103.0,11076.0,2.45731442,0.0
8345,1.5164889e+12,0.00022088,0.00022092,0.00021954,0.00022009,13496.0,1.5164892e+12,2.97524235,83.0,7009.0,1.54502067,0.0
8346,1.5164892e+12,0.00021989,0.00021989,0.000218,0.00021901,14364.0,1.5164895e+12,3.14153605,76.0,7221.0,1.57953322,0.0
8347,1.5164895e+12,0.00021901,0.00022029,0.00021802,0.00022029,15163.0,1.5164898e+12,3.31701586,162.0,7869.0,1.72264402,0.0
8348,1.5164898e+12,0.00022029,0.00022085,0.00021962,0.00022085,11437.0,1.5164901e+12,2.52158583,71.0,5071.0,1.11806843,0.0
8349,1.5164901e+12,0.0002206,0.00022073,0.0002176,0.00021958,16184.0,1.5164904e+12,3.54948673,111.0,6538.0,1.43375003,0.0
8350,1.5164904e+12,0.00021969,0.00022,0.00021917,0.00022,11970.0,1.5164907e+12,2.63123251,55.0,4954.0,1.08905162,0.0
8351,1.5164907e+12,0.00021995,0.00021996,0.00021623,0.00021896,14806.0,1.516491e+12,3.24442953,68.0,3202.0,0.70253767,0.0
8352,1.516491e+12,0.00021852,0.00021978,0.000215,0.000219,20400.0,1.5164913e+12,4.45001567,85.0,6401.0,1.39942949,0.0
8353,1.5164913e+12,0.000219,0.0002198,0.00021874,0.00021897,6835.0,1.5164916e+12,1.49575037,48.0,1967.0,0.43077013,0.0
8354,1.5164916e+12,0.00021898,0.00021977,0.00021867,0.00021911,597.0,1.5164919e+12,0.1307093,16.0,66.0,0.01449778,0.0
8355,1.5164919e+12,0.00021867,0.00021871,0.00021754,0.00021865,1707.0,1.5164922e+12,0.37310875,26.0,258.0,0.05642073,0.0
8356,1.5164922e+12,0.00021865,0.00021865,0.00020947,0.00021099,42140.0,1.5164925e+12,8.89249453,295.0,32969.0,6.95570852,0.0
8357,1.5164925e+12,0.00021098,0.000211,0.00021091,0.000211,29249.0,1.5164928e+12,6.17089837,177.0,22765.0,4.80302833,0.0
8358,1.5164928e+12,0.000211,0.000211,0.000206,0.000211,18899.0,1.5164931e+12,3.96972076,199.0,13194.0,2.77216137,0.0
8359,1.5164931e+12,0.00021094,0.000211,0.00020777,0.000211,23808.0,1.5164934e+12,5.00432111,216.0,15800.0,3.3258582,0.0
8360,1.5164934e+12,0.00021044,0.000211,0.00020904,0.0002104,28484.0,1.5164937e+12,5.99000496,126.0,17677.0,3.72149401,0.0
8361,1.5164937e+12,0.00021021,0.000211,0.00021021,0.00021093,30223.0,1.516494e+12,6.37360958,131.0,16145.0,3.40555238,0.0
8362,1.516494e+12,0.00021093,0.000211,0.000209,0.00021096,27629.0,1.5164943e+12,5.82600601,147.0,16259.0,3.42888541,0.0
8363,1.5164943e+12,0.000211,0.00021317,0.00021072,0.00021212,32894.0,1.5164946e+12,6.94936973,166.0,24769.0,5.23143907,0.0
8364,1.5164946e+12,0.00021212,0.00021289,0.00021083,0.00021218,29006.0,1.5164949e+12,6.14532451,111.0,17902.0,3.79315712,0.0
8365,1.5164949e+12,0.00021238,0.00021439,0.0002107,0.00021236,22513.0,1.5164952e+12,4.78283177,139.0,9476.0,2.01521889,0.0
8366,1.5164952e+12,0.00021239,0.00021865,0.00021193,0.00021605,58821.0,1.5164955e+12,12.64121428,353.0,21759.0,4.68200999,0.0
8367,1.5164955e+12,0.00021605,0.00021927,0.00021164,0.00021264,79723.0,1.5164958e+12,17.32358895,387.0,17751.0,3.86131249,0.0
8368,1.5164958e+12,0.00021247,0.00021248,0.00020701,0.0002105,24036.0,1.5164961e+12,5.05916175,123.0,11042.0,2.32552541,0.0
8369,1.5164961e+12,0.00021007,0.00021404,0.00021007,0.00021286,18209.0,1.5164964e+12,3.869315,94.0,13377.0,2.84199248,0.0
8370,1.5164964e+12,0.00021281,0.00021316,0.00021007,0.000211,23233.0,1.5164967e+12,4.93893256,95.0,11906.0,2.5309066,0.0
8371,1.5164967e+12,0.00021189,0.00021197,0.000205,0.00020898,32996.0,1.516497e+12,6.89390576,123.0,18959.0,3.96775184,0.0
8372,1.516497e+12,0.00020963,0.00021812,0.00020963,0.00021443,48212.0,1.5164973e+12,10.27346788,174.0,29411.0,6.26785796,0.0
8373,1.5164973e+12,0.00021459,0.00021636,0.00021288,0.00021335,18714.0,1.5164976e+12,4.0163475,99.0,9884.0,2.12055719,0.0
8374,1.5164976e+12,0.00021332,0.00021633,0.00021331,0.00021447,27576.0,1.5164979e+12,5.91237169,100.0,12973.0,2.77997118,0.0
8375,1.5164979e+12,0.00021451,0.00021734,0.0002136,0.00021734,27608.0,1.5164982e+12,5.95480412,126.0,17296.0,3.72506242,0.0
8376,1.5164982e+12,0.00021712,0.00021809,0.00021425,0.00021765,27032.0,1.5164985e+12,5.86928206,132.0,10386.0,2.25792214,0.0
8377,1.5164985e+12,0.00021764,0.0002181,0.00021289,0.000218,22029.0,1.5164988e+12,4.78310497,111.0,13881.0,3.02018332,0.0
8378,1.5164988e+12,0.00021713,0.0002193,0.00021702,0.00021921,22503.0,1.5164991e+12,4.91498653,105.0,15117.0,3.30278391,0.0
8379,1.5164991e+12,0.00021923,0.00022663,0.0002165,0.00022311,43851.0,1.5164994e+12,9.70968925,323.0,22490.0,4.98159833,0.0
8380,1.5164994e+12,0.00022373,0.00022375,0.00021555,0.00021556,24813.0,1.5164997e+12,5.46742552,192.0,6452.0,1.42054791,0.0
8381,1.5164997e+12,0.0002156,0.000227,0.0002156,0.000227,14143.0,1.5165e+12,3.13437206,79.0,12678.0,2.81355779,0.0
8382,1.5165e+12,0.00022318,0.000227,0.0002165,0.00021997,19848.0,1.5165003e+12,4.4108932,134.0,5792.0,1.28929665,0.0
8383,1.5165003e+12,0.00021817,0.000224,0.0002165,0.00022207,9850.0,1.5165006e+12,2.16647668,69.0,3621.0,0.79233395,0.0
8384,1.5165006e+12,0.00022001,0.00022202,0.00021863,0.00021945,5106.0,1.5165009e+12,1.12083645,23.0,543.0,0.11947166,0.0
8385,1.5165009e+12,0.00021863,0.00021863,0.00021516,0.0002154,2278.0,1.5165012e+12,0.49140874,31.0,378.0,0.08181978,0.0
8386,1.5165012e+12,0.00021539,0.00021609,0.0002151,0.000216,2321.0,1.5165015e+12,0.50046641,52.0,1394.0,0.3008222,0.0
8387,1.5165015e+12,0.00021609,0.0002161,0.0002151,0.00021605,2361.0,1.5165018e+12,0.50923121,30.0,1182.0,0.25542699,0.0
8388,1.5165018e+12,0.0002151,0.0002161,0.000215,0.0002161,6632.0,1.5165021e+12,1.42784545,39.0,1696.0,0.36611412,0.0
8389,1.5165021e+12,0.000216,0.00021755,0.00021194,0.00021258,6717.0,1.5165024e+12,1.43995543,58.0,2967.0,0.63677058,0.0
8390,1.5165024e+12,0.00021258,0.00021614,0.00021112,0.00021499,12735.0,1.5165027e+12,2.71072159,66.0,8753.0,1.86517552,0.0
8391,1.5165027e+12,0.00021402,0.00021585,0.00021359,0.00021585,2353.0,1.516503e+12,0.50398284,40.0,1206.0,0.25856437,0.0
8392,1.516503e+12,0.00021407,0.00021604,0.0002113,0.0002113,3357.0,1.5165033e+12,0.71547708,29.0,439.0,0.09418277,0.0
8393,1.5165033e+12,0.00021348,0.00021348,0.00021037,0.00021037,2626.0,1.5165036e+12,0.556899,46.0,1307.0,0.27834568,0.0
8394,1.5165036e+12,0.00021223,0.00022212,0.00021041,0.000215,10894.0,1.5165039e+12,2.34639939,99.0,5307.0,1.14816806,0.0
8395,1.5165039e+12,0.00021402,0.000222,0.0002112,0.00021595,5099.0,1.5165042e+12,1.09598206,55.0,3279.0,0.70619485,0.0
8396,1.5165042e+12,0.00021418,0.00021589,0.00021417,0.00021417,1773.0,1.5165045e+12,0.3811107,19.0,1308.0,0.28151826,0.0
8397,1.5165045e+12,0.00021423,0.00021572,0.00021413,0.00021413,328.0,1.5165048e+12,0.07040778,11.0,121.0,0.02606903,0.0
8398,1.5165048e+12,0.00021413,0.00021422,0.0002121,0.00021328,4005.0,1.5165051e+12,0.85192085,18.0,1824.0,0.38809889,0.0
8399,1.5165051e+12,0.00021341,0.000219,0.00021252,0.00021252,5647.0,1.5165054e+12,1.20857546,62.0,2186.0,0.46976048,0.0
8400,1.5165054e+12,0.00021252,0.00021681,0.00021117,0.0002168,18580.0,1.5165057e+12,3.98924888,87.0,5934.0,1.26724087,0.0
8401,1.5165057e+12,0.00021675,0.00021675,0.0002151,0.00021585,2911.0,1.516506e+12,0.62888023,61.0,2860.0,0.61791013,0.0
8402,1.516506e+12,0.00021584,0.00021992,0.0002154,0.00021902,6279.0,1.5165063e+12,1.3588792,44.0,5041.0,1.09197074,0.0
8403,1.5165063e+12,0.0002155,0.00021561,0.00021142,0.00021408,6303.0,1.5165066e+12,1.35363941,73.0,269.0,0.05758923,0.0
8404,1.5165066e+12,0.00021399,0.00021399,0.0002105,0.0002105,20072.0,1.5165069e+12,4.24616014,41.0,2735.0,0.58140694,0.0
8405,1.5165069e+12,0.00021024,0.00021257,0.00020753,0.00020753,5310.0,1.5165072e+12,1.11322614,58.0,1514.0,0.31919085,0.0
8406,1.5165072e+12,0.00020822,0.00021067,0.0002055,0.00020652,28043.0,1.5165075e+12,5.79575031,179.0,7139.0,1.48060642,0.0
8407,1.5165075e+12,0.00020649,0.00020649,0.0002,0.00020498,26101.0,1.5165078e+12,5.31164676,131.0,11788.0,2.4092398,0.0
8408,1.5165078e+12,0.00020519,0.00021067,0.0002,0.00020201,18616.0,1.5165081e+12,3.78173322,115.0,4512.0,0.92173967,0.0
8409,1.5165081e+12,0.00020202,0.00020968,0.000202,0.00020406,10663.0,1.5165084e+12,2.17795946,122.0,7171.0,1.46586727,0.0
8410,1.5165084e+12,0.00020494,0.00020698,0.00020461,0.00020637,4302.0,1.5165087e+12,0.88362263,39.0,1876.0,0.38569002,0.0
8411,1.5165087e+12,0.0002061,0.00020896,0.00020201,0.00020306,8915.0,1.516509e+12,1.83919965,61.0,3053.0,0.63223696,0.0
8412,1.516509e+12,0.00020306,0.00020634,0.000202,0.00020318,6439.0,1.5165093e+12,1.3074852,55.0,1808.0,0.36963743,0.0
8413,1.5165093e+12,0.00020216,0.00020523,0.00020216,0.00020221,5601.0,1.5165096e+12,1.13477642,58.0,2127.0,0.43217281,0.0
8414,1.5165096e+12,0.00020221,0.00020384,0.00020002,0.00020168,5027.0,1.5165099e+12,1.01447433,59.0,1332.0,0.26994404,0.0
8415,1.5165099e+12,0.00020168,0.0002018,0.00019678,0.0001978,12297.0,1.5165102e+12,2.44271625,51.0,5870.0,1.17147975,0.0
8416,1.5165102e+12,0.0001977,0.00019942,0.000195,0.000195,10453.0,1.5165105e+12,2.06079525,71.0,3918.0,0.77692768,0.0
8417,1.5165105e+12,0.00019501,0.00019726,0.000195,0.00019638,10975.0,1.5165108e+12,2.15147157,127.0,6889.0,1.35366758,0.0
8418,1.5165108e+12,0.00019636,0.00019642,0.000187,0.00019207,52703.0,1.5165111e+12,10.02589496,209.0,13415.0,2.57281273,0.0
8419,1.5165111e+12,0.00019541,0.00019558,0.00019307,0.00019358,7307.0,1.5165114e+12,1.42373947,64.0,4801.0,0.93765439,0.0
8420,1.5165114e+12,0.00019359,0.00019688,0.00018901,0.00019562,40821.0,1.5165117e+12,7.91081066,97.0,28453.0,5.53251378,0.0
8421,1.5165117e+12,0.00019641,0.00019944,0.00019554,0.0001988,11163.0,1.516512e+12,2.20263071,70.0,4139.0,0.81805571,0.0
8422,1.516512e+12,0.00019742,0.00019947,0.00019557,0.00019811,13392.0,1.5165123e+12,2.65527238,50.0,12359.0,2.45153097,0.0
8423,1.5165123e+12,0.0001996,0.0002067,0.0001996,0.00020048,22345.0,1.5165126e+12,4.51464396,169.0,8336.0,1.67673533,0.0
8424,1.5165126e+12,0.00020048,0.00020048,0.00019742,0.00019813,8528.0,1.5165129e+12,1.69603605,58.0,2266.0,0.45150831,0.0
8425,1.5165129e+12,0.00019812,0.00019812,0.000193,0.000193,8303.0,1.5165132e+12,1.62437522,35.0,1324.0,0.25987313,0.0
8426,1.5165132e+12,0.00019522,0.00019522,0.000193,0.00019309,6745.0,1.5165135e+12,1.30442763,47.0,2311.0,0.44753056,0.0
8427,1.5165135e+12,0.00019251,0.00019522,0.0001925,0.00019499,4350.0,1.5165138e+12,0.84070394,68.0,3474.0,0.67180571,0.0
8428,1.5165138e+12,0.00019471,0.00019479,0.00019319,0.00019479,587.0,1.5165141e+12,0.1139754,12.0,390.0,0.07591432,0.0
8429,1.5165141e+12,0.00019404,0.00019404,0.00019396,0.00019399,2780.0,1.5165144e+12,0.53929225,20.0,319.0,0.06189478,0.0
8430,1.5165144e+12,0.00019399,0.00019402,0.00019308,0.00019396,7083.0,1.5165147e+12,1.3734198,39.0,2923.0,0.56697437,0.0
8431,1.5165147e+12,0.00019396,0.00019482,0.00019309,0.0001943,7653.0,1.516515e+12,1.48014058,38.0,759.0,0.14767146,0.0
8432,1.516515e+12,0.00019316,0.00019316,0.00019,0.000191,7095.0,1.5165153e+12,1.3632238,60.0,1377.0,0.26501361,0.0
8433,1.5165153e+12,0.00019119,0.00019233,0.00019111,0.00019114,7031.0,1.5165156e+12,1.34444499,24.0,1480.0,0.28292973,0.0
8434,1.5165156e+12,0.00019211,0.00019211,0.00019005,0.00019005,1930.0,1.5165159e+12,0.36899802,21.0,810.0,0.15523525,0.0
8435,1.5165159e+12,0.00019138,0.00019139,0.00019003,0.00019049,998.0,1.5165162e+12,0.19019315,18.0,354.0,0.06765714,0.0
8436,1.5165162e+12,0.00019078,0.00019319,0.00019004,0.00019027,11005.0,1.5165165e+12,2.1040446,47.0,1367.0,0.26143035,0.0
8437,1.5165165e+12,0.00019034,0.00019463,0.00019027,0.00019408,3876.0,1.5165168e+12,0.74104729,26.0,1465.0,0.28225244,0.0
8438,1.5165168e+12,0.00019193,0.00019345,0.00019193,0.00019299,402.0,1.5165171e+12,0.07741217,7.0,192.0,0.03710431,0.0
8439,1.5165171e+12,0.0001924,0.00019414,0.00019051,0.00019414,4286.0,1.5165174e+12,0.82515301,27.0,3379.0,0.65083445,0.0
8440,1.5165174e+12,0.00019246,0.00019401,0.00019246,0.00019339,3310.0,1.5165177e+12,0.63905272,25.0,1641.0,0.31699412,0.0
8441,1.5165177e+12,0.00019368,0.00019475,0.00019321,0.00019321,6914.0,1.516518e+12,1.34024393,29.0,2633.0,0.51099912,0.0
8442,1.516518e+12,0.00019321,0.0001939,0.00019205,0.00019205,12985.0,1.5165183e+12,2.50758048,26.0,3601.0,0.696361,0.0
8443,1.5165183e+12,0.00019204,0.00019204,0.00018998,0.00019029,11157.0,1.5165186e+12,2.12300644,51.0,4747.0,0.90314353,0.0
8444,1.5165186e+12,0.00018953,0.00019237,0.00018932,0.0001907,9555.0,1.5165189e+12,1.8190204,28.0,6459.0,1.22899732,0.0
8445,1.5165189e+12,0.00019208,0.00019208,0.00019034,0.00019168,1244.0,1.5165192e+12,0.2374028,17.0,303.0,0.0581318,0.0
8446,1.5165192e+12,0.00019034,0.00019101,0.00019,0.00019,3289.0,1.5165195e+12,0.62551145,15.0,36.0,0.00687636,0.0
8447,1.5165195e+12,0.00018923,0.00018923,0.000185,0.000185,14380.0,1.5165198e+12,2.68712846,59.0,656.0,0.12257186,0.0
8448,1.5165198e+12,0.00018556,0.00018915,0.000185,0.0001875,9344.0,1.5165201e+12,1.75011612,60.0,6665.0,1.2484099,0.0
8449,1.5165201e+12,0.00018749,0.0001875,0.000185,0.00018744,6307.0,1.5165204e+12,1.1760026,45.0,3745.0,0.69794228,0.0
8450,1.5165204e+12,0.0001859,0.00018737,0.00018309,0.00018725,9095.0,1.5165207e+12,1.68193419,49.0,3134.0,0.58095432,0.0
8451,1.5165207e+12,0.00018744,0.00018821,0.000183,0.00018583,4654.0,1.516521e+12,0.85961169,35.0,634.0,0.11883713,0.0
8452,1.516521e+12,0.00018411,0.00018583,0.00018411,0.00018583,5361.0,1.5165213e+12,0.99109933,44.0,3926.0,0.7263553,0.0
8453,1.5165213e+12,0.00018588,0.000193,0.00018588,0.00019255,10107.0,1.5165216e+12,1.93706641,34.0,4969.0,0.94825841,0.0
8454,1.5165216e+12,0.00019243,0.00019283,0.00018906,0.00019018,2787.0,1.5165219e+12,0.53334646,55.0,1407.0,0.27086842,0.0
8455,1.5165219e+12,0.00019018,0.0001903,0.00019018,0.0001903,3066.0,1.5165222e+12,0.58309732,17.0,232.0,0.04412408,0.0
8456,1.5165222e+12,0.00019186,0.00019272,0.00019061,0.00019264,254.0,1.5165225e+12,0.04872997,12.0,142.0,0.02728925,0.0
8457,1.5165225e+12,0.00019269,0.00019293,0.00019091,0.00019241,3731.0,1.5165228e+12,0.71664426,31.0,1349.0,0.25973341,0.0
8458,1.5165228e+12,0.00019241,0.00019294,0.00019241,0.00019292,4254.0,1.5165231e+12,0.81950294,18.0,1838.0,0.3545418,0.0
8459,1.5165231e+12,0.00019292,0.00019293,0.0001915,0.0001915,1722.0,1.5165234e+12,0.33093918,16.0,140.0,0.02700939,0.0
8460,1.5165234e+12,0.00019212,0.00019275,0.00019212,0.00019272,733.0,1.5165237e+12,0.14117119,12.0,550.0,0.10589977,0.0
8461,1.5165237e+12,0.00019267,0.00019271,0.00019221,0.00019221,1865.0,1.516524e+12,0.35932,11.0,1705.0,0.3285664,0.0
8462,1.516524e+12,0.00019221,0.00019226,0.0001922,0.00019226,833.0,1.5165243e+12,0.16014539,11.0,729.0,0.14015659,0.0
8463,1.5165243e+12,0.00019221,0.00019294,0.000192,0.00019291,5020.0,1.5165246e+12,0.96770436,24.0,4579.0,0.88300122,0.0
8464,1.5165246e+12,0.00019291,0.0002,0.00019291,0.00019602,5788.0,1.5165249e+12,1.13211061,36.0,5101.0,0.99850212,0.0
8465,1.5165249e+12,0.00019707,0.00020499,0.00019707,0.00020382,20010.0,1.5165252e+12,4.03156298,135.0,7234.0,1.45936903,0.0
8466,1.5165252e+12,0.00020387,0.00021,0.00020049,0.00020578,44367.0,1.5165255e+12,9.14282398,278.0,13099.0,2.71848949,0.0
8467,1.5165255e+12,0.00020578,0.00020618,0.00019968,0.00019969,15084.0,1.5165258e+12,3.05511243,91.0,4593.0,0.92143469,0.0
8468,1.5165258e+12,0.00019691,0.000199,0.000196,0.000196,2734.0,1.5165261e+12,0.54181922,31.0,294.0,0.05839813,0.0
8469,1.5165261e+12,0.000196,0.000196,0.00019302,0.000196,9299.0,1.5165264e+12,1.80674429,59.0,4221.0,0.81991453,0.0
8470,1.5165264e+12,0.00019614,0.00019825,0.000196,0.000196,1005.0,1.5165267e+12,0.1973289,10.0,12.0,0.002379,0.0
8471,1.5165267e+12,0.00019604,0.00019697,0.00019402,0.00019413,6539.0,1.516527e+12,1.28193815,21.0,439.0,0.08634123,0.0
8472,1.516527e+12,0.00019447,0.00020331,0.00019447,0.00019756,2934.0,1.5165273e+12,0.58451657,22.0,2305.0,0.46159128,0.0
8473,1.5165273e+12,0.00019909,0.00020076,0.00019909,0.0002002,941.0,1.5165276e+12,0.18833883,21.0,614.0,0.1229627,0.0
8474,1.5165276e+12,0.0002002,0.00020104,0.00019823,0.00019966,5066.0,1.5165279e+12,1.0101806,30.0,1902.0,0.37841303,0.0
8475,1.5165279e+12,0.00019967,0.00019967,0.00019862,0.00019862,2458.0,1.5165282e+12,0.48968917,14.0,262.0,0.05227223,0.0
8476,1.5165282e+12,0.00019924,0.0002019,0.00019924,0.00020089,632.0,1.5165285e+12,0.12672724,13.0,622.0,0.12471834,0.0
8477,1.5165285e+12,0.00020089,0.00020164,0.00019959,0.00020044,2141.0,1.5165288e+12,0.43093485,15.0,1872.0,0.37703221,0.0
8478,1.5165288e+12,0.00020044,0.00020496,0.00020044,0.00020398,3186.0,1.5165291e+12,0.64385907,30.0,2685.0,0.54283824,0.0
8479,1.5165291e+12,0.00020404,0.00021239,0.00020384,0.00020391,20523.0,1.5165294e+12,4.27336343,174.0,6186.0,1.28864023,0.0
8480,1.5165294e+12,0.00020492,0.00020519,0.00020034,0.00020146,8454.0,1.5165297e+12,1.71884776,53.0,5842.0,1.18853602,0.0
8481,1.5165297e+12,0.00020147,0.000207,0.00020147,0.00020233,2751.0,1.51653e+12,0.55919715,33.0,1554.0,0.31628634,0.0
8482,1.51653e+12,0.00020506,0.00020888,0.00020506,0.00020783,10287.0,1.5165303e+12,2.13418533,70.0,7041.0,1.46308143,0.0
8483,1.5165303e+12,0.00020688,0.00020758,0.000205,0.000205,2773.0,1.5165306e+12,0.57110698,28.0,899.0,0.18556254,0.0
8484,1.5165306e+12,0.000205,0.0002064,0.00020405,0.000206,1013.0,1.5165309e+12,0.20816169,13.0,398.0,0.08203209,0.0
8485,1.5165309e+12,0.0002059,0.00020885,0.0002059,0.00020656,5774.0,1.5165312e+12,1.19843645,29.0,3576.0,0.74363658,0.0
8486,1.5165312e+12,0.00020658,0.00020885,0.00020658,0.00020885,1730.0,1.5165315e+12,0.35964198,31.0,1409.0,0.29320867,0.0
8487,1.5165315e+12,0.00020885,0.00020887,0.00020696,0.0002073,5871.0,1.5165318e+12,1.22021342,29.0,808.0,0.16818831,0.0
8488,1.5165318e+12,0.0002073,0.00020742,0.00020446,0.00020588,2931.0,1.5165321e+12,0.60431181,27.0,1301.0,0.26754726,0.0
8489,1.5165321e+12,0.00020574,0.00020574,0.00020333,0.0002042,1210.0,1.5165324e+12,0.24771849,24.0,837.0,0.17142457,0.0
8490,1.5165324e+12,0.0002042,0.00020446,0.00020382,0.00020382,2592.0,1.5165327e+12,0.52972203,27.0,2082.0,0.42559105,0.0
8491,1.5165327e+12,0.00020418,0.00020438,0.0002027,0.0002027,1841.0,1.516533e+12,0.37575884,15.0,210.0,0.04281242,0.0
8492,1.516533e+12,0.0002027,0.00020321,0.00020075,0.00020076,4885.0,1.5165333e+12,0.98735123,30.0,2791.0,0.56506194,0.0
8493,1.5165333e+12,0.00020252,0.00020342,0.00020102,0.0002026,1641.0,1.5165336e+12,0.33283625,22.0,861.0,0.17477559,0.0
8494,1.5165336e+12,0.00020342,0.00020419,0.00020263,0.00020394,881.0,1.5165339e+12,0.17931175,7.0,119.0,0.02427424,0.0
8495,1.5165339e+12,0.00020394,0.000204,0.00020244,0.00020244,2170.0,1.5165342e+12,0.44147867,23.0,253.0,0.05149338,0.0
8496,1.5165342e+12,0.00020238,0.00020238,0.00020081,0.00020221,1307.0,1.5165345e+12,0.26329059,16.0,30.0,0.0060674,0.0
8497,1.5165345e+12,0.00020221,0.00020352,0.0002015,0.00020264,1723.0,1.5165348e+12,0.34841299,27.0,507.0,0.10272305,0.0
8498,1.5165348e+12,0.00020265,0.00020266,0.00020184,0.00020184,806.0,1.5165351e+12,0.16328051,12.0,0.0,0.0,0.0
8499,1.5165351e+12,0.00020181,0.00020296,0.0002018,0.00020276,527.0,1.5165354e+12,0.10638368,8.0,33.0,0.00669308,0.0
8500,1.5165354e+12,0.00020266,0.00020266,0.00020183,0.00020183,470.0,1.5165357e+12,0.09495846,9.0,130.0,0.02633626,0.0
8501,1.5165357e+12,0.00020183,0.00020241,0.00020183,0.00020186,819.0,1.516536e+12,0.16560104,16.0,327.0,0.06616493,0.0
8502,1.516536e+12,0.00020232,0.00020232,0.0002,0.00020008,2127.0,1.5165363e+12,0.42703528,39.0,750.0,0.15048412,0.0
8503,1.5165363e+12,0.00020164,0.00020164,0.00020002,0.0002005,1889.0,1.5165366e+12,0.37861354,34.0,796.0,0.15956315,0.0
8504,1.5165366e+12,0.0002005,0.00020209,0.00020047,0.00020047,4702.0,1.5165369e+12,0.94525603,41.0,1251.0,0.25262564,0.0
8505,1.5165369e+12,0.00020186,0.00020194,0.0002,0.00020194,4034.0,1.5165372e+12,0.81166256,26.0,3050.0,0.61470029,0.0
8506,1.5165372e+12,0.00020195,0.00020434,0.00020195,0.00020434,16626.0,1.5165375e+12,3.3874724,35.0,12714.0,2.59061421,0.0
8507,1.5165375e+12,0.00020475,0.00021487,0.00020475,0.00021487,11022.0,1.5165378e+12,2.31313991,165.0,6392.0,1.3433161,0.0
8508,1.5165378e+12,0.00021527,0.00022,0.00021167,0.00021501,58460.0,1.5165381e+12,12.6616932,322.0,26206.0,5.70335261,0.0
8509,1.5165381e+12,0.00021509,0.00021567,0.00020648,0.0002089,18937.0,1.5165384e+12,4.03521972,110.0,3435.0,0.73622844,0.0
8510,1.5165384e+12,0.00020877,0.00021254,0.00020513,0.00021196,9149.0,1.5165387e+12,1.90392805,69.0,4501.0,0.9401716,0.0
8511,1.5165387e+12,0.00021196,0.00021196,0.000201,0.00020676,8984.0,1.516539e+12,1.85724763,82.0,2971.0,0.61313671,0.0
8512,1.516539e+12,0.00020607,0.0002077,0.00020347,0.00020551,6753.0,1.5165393e+12,1.39233465,45.0,2545.0,0.52711117,0.0
8513,1.5165393e+12,0.00020566,0.00020566,0.0002035,0.00020559,6105.0,1.5165396e+12,1.24724325,40.0,3953.0,0.80823862,0.0
8514,1.5165396e+12,0.00020421,0.00020488,0.0002035,0.00020472,6724.0,1.5165399e+12,1.37240361,51.0,3051.0,0.62302921,0.0
8515,1.5165399e+12,0.00020472,0.0002118,0.00020368,0.00021147,9785.0,1.5165402e+12,2.04406173,65.0,6507.0,1.3570606,0.0
8516,1.5165402e+12,0.00021159,0.00021356,0.00020758,0.00021356,12881.0,1.5165405e+12,2.71911081,93.0,5231.0,1.10558368,0.0
8517,1.5165405e+12,0.00021097,0.000215,0.00021037,0.00021447,6087.0,1.5165408e+12,1.29927705,66.0,2891.0,0.6183553,0.0
8518,1.5165408e+12,0.00021447,0.00021955,0.00021447,0.000216,17576.0,1.5165411e+12,3.83300789,138.0,9833.0,2.14607309,0.0
8519,1.5165411e+12,0.000216,0.000216,0.00021226,0.00021243,10040.0,1.5165414e+12,2.14902588,77.0,2455.0,0.52434365,0.0
8520,1.5165414e+12,0.00021289,0.00021498,0.00021226,0.00021302,5959.0,1.5165417e+12,1.27022503,49.0,2923.0,0.62310677,0.0
8521,1.5165417e+12,0.00021302,0.000214,0.00021127,0.00021231,3877.0,1.516542e+12,0.82308171,42.0,1315.0,0.28003216,0.0
8522,1.516542e+12,0.00021221,0.00021437,0.00021161,0.00021437,2569.0,1.5165423e+12,0.54588894,20.0,1465.0,0.31190059,0.0
8523,1.5165423e+12,0.00021332,0.00021435,0.00021201,0.0002133,3314.0,1.5165426e+12,0.70722721,47.0,968.0,0.20655788,0.0
8524,1.5165426e+12,0.0002124,0.00021326,0.00021159,0.00021167,3654.0,1.5165429e+12,0.77556866,35.0,1177.0,0.2503832,0.0
8525,1.5165429e+12,0.00021167,0.000216,0.0002115,0.000216,5315.0,1.5165432e+12,1.13474701,47.0,4274.0,0.914532,0.0
8526,1.5165432e+12,0.00021309,0.000221,0.00021309,0.000221,17081.0,1.5165435e+12,3.71995153,102.0,13950.0,3.04670594,0.0
8527,1.5165435e+12,0.000221,0.0002306,0.0002199,0.00022988,59591.0,1.5165438e+12,13.50555957,412.0,39003.0,8.84890574,0.0
8528,1.5165438e+12,0.00023059,0.00023992,0.00022801,0.00023788,119508.0,1.5165441e+12,28.08264693,670.0,69009.0,16.24621094,0.0
8529,1.5165441e+12,0.00023788,0.0002489,0.000235,0.0002375,148017.0,1.5165444e+12,35.77925924,813.0,79548.0,19.25232364,0.0
8530,1.5165444e+12,0.000238,0.0002425,0.0002325,0.00024249,72691.0,1.5165447e+12,17.17180612,413.0,43399.0,10.25565383,0.0
8531,1.5165447e+12,0.00024025,0.00024733,0.00023821,0.000246,84593.0,1.516545e+12,20.67990508,480.0,42621.0,10.43005049,0.0
8532,1.516545e+12,0.000246,0.000246,0.000236,0.00023705,67993.0,1.5165453e+12,16.31190154,372.0,34326.0,8.22887243,0.0
8533,1.5165453e+12,0.00023705,0.0002378,0.0002261,0.0002286,84670.0,1.5165456e+12,19.65066509,354.0,24816.0,5.78245524,0.0
8534,1.5165456e+12,0.0002286,0.00023251,0.00022599,0.00023149,58503.0,1.5165459e+12,13.41449439,283.0,30228.0,6.94454823,0.0
8535,1.5165459e+12,0.00023148,0.000235,0.000229,0.00023011,39703.0,1.5165462e+12,9.18824331,221.0,17443.0,4.03567223,0.0
8536,1.5165462e+12,0.00023013,0.00023283,0.00023013,0.00023124,19460.0,1.5165465e+12,4.5014433,111.0,8038.0,1.85999683,0.0
8537,1.5165465e+12,0.00023121,0.00023238,0.00023018,0.00023033,9055.0,1.5165468e+12,2.08831566,73.0,3618.0,0.8364735,0.0
8538,1.5165468e+12,0.0002303,0.0002303,0.00022205,0.00022895,32004.0,1.5165471e+12,7.27626371,225.0,16197.0,3.67615575,0.0
8539,1.5165471e+12,0.00022895,0.000232,0.0002269,0.0002269,21016.0,1.5165474e+12,4.82967934,144.0,6714.0,1.54535783,0.0
8540,1.5165474e+12,0.00022787,0.00022799,0.000221,0.00022516,29407.0,1.5165477e+12,6.55291522,179.0,10355.0,2.31889396,0.0
8541,1.5165477e+12,0.000225,0.000225,0.00021897,0.00022032,24982.0,1.516548e+12,5.54583481,185.0,11613.0,2.58405963,0.0
8542,1.516548e+12,0.0002205,0.00022475,0.0002205,0.00022226,28144.0,1.5165483e+12,6.26531838,128.0,12913.0,2.8782136,0.0
8543,1.5165483e+12,0.00022305,0.00022305,0.00022052,0.000221,16049.0,1.5165486e+12,3.55431938,79.0,3138.0,0.69668496,0.0
8544,1.5165486e+12,0.0002214,0.000224,0.00021859,0.00021859,14346.0,1.5165489e+12,3.18365107,117.0,5371.0,1.19564637,0.0
8545,1.5165489e+12,0.00021857,0.00021904,0.00021637,0.00021872,18021.0,1.5165492e+12,3.92126922,146.0,6089.0,1.32625679,0.0
8546,1.5165492e+12,0.00021872,0.00021876,0.0002155,0.00021748,22902.0,1.5165495e+12,4.97668617,88.0,5018.0,1.09241813,0.0
8547,1.5165495e+12,0.00021747,0.00021904,0.0002165,0.00021826,9574.0,1.5165498e+12,2.08784968,68.0,6761.0,1.47638966,0.0
8548,1.5165498e+12,0.00021826,0.00021887,0.00021503,0.00021559,19753.0,1.5165501e+12,4.28681024,80.0,6720.0,1.45869722,0.0
8549,1.5165501e+12,0.00021648,0.00021648,0.000214,0.00021401,5151.0,1.5165504e+12,1.10797135,60.0,2157.0,0.46463174,0.0
8550,1.5165504e+12,0.00021401,0.00021401,0.00020625,0.00020711,32773.0,1.5165507e+12,6.85443657,192.0,11436.0,2.38588014,0.0
8551,1.5165507e+12,0.00020711,0.00021599,0.00020711,0.00020799,32877.0,1.516551e+12,6.8876856,187.0,16982.0,3.55730487,0.0
8552,1.516551e+12,0.00020744,0.00020902,0.000205,0.00020598,29148.0,1.5165513e+12,6.01019244,132.0,8600.0,1.7761056,0.0
8553,1.5165513e+12,0.00020504,0.00020896,0.00020426,0.00020647,9431.0,1.5165516e+12,1.94640695,80.0,5450.0,1.12784253,0.0
8554,1.5165516e+12,0.0002064,0.0002086,0.0002051,0.0002086,6474.0,1.5165519e+12,1.33560135,45.0,2997.0,0.61880805,0.0
8555,1.5165519e+12,0.00020783,0.00020783,0.000205,0.00020572,4821.0,1.5165522e+12,0.99122284,49.0,2913.0,0.59879214,0.0
8556,1.5165522e+12,0.00020575,0.0002142,0.0002035,0.00021336,43205.0,1.5165525e+12,9.01165332,146.0,26160.0,5.48323475,0.0
8557,1.5165525e+12,0.00021335,0.00021335,0.0002085,0.000212,7010.0,1.5165528e+12,1.47684784,75.0,2296.0,0.48499566,0.0
8558,1.5165528e+12,0.00021015,0.00021186,0.00020967,0.00021072,16768.0,1.5165531e+12,3.53631296,81.0,9791.0,2.06680623,0.0
8559,1.5165531e+12,0.00021073,0.00021167,0.00020917,0.00021044,4670.0,1.5165534e+12,0.9821707,53.0,1295.0,0.27197566,0.0
8560,1.5165534e+12,0.00021044,0.00021053,0.0002095,0.00021052,6165.0,1.5165537e+12,1.29403447,28.0,2455.0,0.5160698,0.0
8561,1.5165537e+12,0.00021052,0.00021052,0.00020788,0.00020909,5027.0,1.516554e+12,1.05120717,42.0,1376.0,0.28848386,0.0
8562,1.516554e+12,0.00020853,0.00021434,0.00020751,0.0002131,19705.0,1.5165543e+12,4.1440266,85.0,17562.0,3.69319884,0.0
8563,1.5165543e+12,0.0002131,0.00021337,0.00021114,0.00021337,6875.0,1.5165546e+12,1.45604934,44.0,1134.0,0.2413386,0.0
8564,1.5165546e+12,0.00021337,0.00021391,0.0002129,0.00021291,11778.0,1.5165549e+12,2.51015079,53.0,1709.0,0.36542462,0.0
8565,1.5165549e+12,0.00021366,0.00021366,0.0002129,0.0002129,3325.0,1.5165552e+12,0.70868116,25.0,1812.0,0.38655711,0.0
8566,1.5165552e+12,0.00021328,0.000215,0.0002129,0.0002138,4412.0,1.5165555e+12,0.94190287,34.0,4127.0,0.88102831,0.0
8567,1.5165555e+12,0.00021499,0.00022539,0.00021389,0.0002208,41250.0,1.5165558e+12,9.12773307,321.0,24803.0,5.47898654,0.0
8568,1.5165558e+12,0.00022081,0.000226,0.0002208,0.00022417,23213.0,1.5165561e+12,5.19366207,160.0,8115.0,1.81875131,0.0
8569,1.5165561e+12,0.00022422,0.000226,0.00020896,0.00021401,33118.0,1.5165564e+12,7.26629707,201.0,8556.0,1.90241815,0.0
8570,1.5165564e+12,0.00021401,0.00021869,0.00020444,0.00021075,21531.0,1.5165567e+12,4.53204739,116.0,5069.0,1.08502366,0.0
8571,1.5165567e+12,0.00021067,0.000213,0.00020799,0.000213,13658.0,1.516557e+12,2.86028319,125.0,6798.0,1.42816531,0.0
8572,1.516557e+12,0.00021353,0.00021353,0.00021,0.00021096,3418.0,1.5165573e+12,0.72347572,55.0,915.0,0.19411266,0.0
8573,1.5165573e+12,0.00021178,0.00021196,0.00021087,0.00021163,4100.0,1.5165576e+12,0.86655196,47.0,1667.0,0.35305189,0.0
8574,1.5165576e+12,0.00021088,0.00021164,0.00021085,0.00021086,4937.0,1.5165579e+12,1.04127392,61.0,2127.0,0.44872312,0.0
8575,1.5165579e+12,0.00021086,0.00021086,0.00020862,0.00020927,11538.0,1.5165582e+12,2.41879541,80.0,5852.0,1.22938181,0.0
8576,1.5165582e+12,0.00020928,0.000212,0.00020928,0.00021114,2564.0,1.5165585e+12,0.54099335,49.0,2408.0,0.50813417,0.0
8577,1.5165585e+12,0.000212,0.0002122,0.00021051,0.00021117,1814.0,1.5165588e+12,0.38313876,27.0,1474.0,0.31132835,0.0
8578,1.5165588e+12,0.00021117,0.00021117,0.00020914,0.00020955,5826.0,1.5165591e+12,1.22491658,73.0,1749.0,0.3682247,0.0
8579,1.5165591e+12,0.00020914,0.00020951,0.00020531,0.00020848,19793.0,1.5165594e+12,4.09379955,137.0,14220.0,2.93423776,0.0
8580,1.5165594e+12,0.00020848,0.00020955,0.00020848,0.0002094,2983.0,1.5165597e+12,0.62239682,39.0,710.0,0.14841303,0.0
8581,1.5165597e+12,0.00020856,0.00020856,0.00020538,0.000207,16955.0,1.51656e+12,3.49236886,103.0,4080.0,0.84087444,0.0
8582,1.51656e+12,0.00020699,0.000207,0.00020481,0.00020623,10359.0,1.5165603e+12,2.13172548,66.0,3419.0,0.70351011,0.0
8583,1.5165603e+12,0.00020496,0.0002069,0.00020449,0.00020616,7780.0,1.5165606e+12,1.60056482,69.0,4367.0,0.90087526,0.0
8584,1.5165606e+12,0.00020612,0.0002062,0.00020422,0.00020597,1596.0,1.5165609e+12,0.3277568,39.0,647.0,0.13331655,0.0
8585,1.5165609e+12,0.00020561,0.0002062,0.000205,0.0002062,3103.0,1.5165612e+12,0.63874674,51.0,2264.0,0.46648651,0.0
8586,1.5165612e+12,0.0002062,0.00020623,0.00020572,0.00020572,8940.0,1.5165615e+12,1.84194689,53.0,4637.0,0.95617657,0.0
8587,1.5165615e+12,0.00020572,0.00020622,0.00020572,0.00020622,1201.0,1.5165618e+12,0.24759309,26.0,994.0,0.20497722,0.0
8588,1.5165618e+12,0.00020622,0.00021035,0.00020622,0.00020761,7663.0,1.5165621e+12,1.59933269,57.0,5196.0,1.08518533,0.0
8589,1.5165621e+12,0.00020761,0.00020899,0.00020761,0.00020789,850.0,1.5165624e+12,0.17666273,16.0,472.0,0.098121,0.0
8590,1.5165624e+12,0.00020788,0.00020788,0.00020623,0.00020778,5437.0,1.5165627e+12,1.12683743,39.0,2082.0,0.43254326,0.0
8591,1.5165627e+12,0.0002082,0.0002082,0.00020714,0.000208,1497.0,1.516563e+12,0.31130764,20.0,1448.0,0.30115778,0.0
8592,1.516563e+12,0.00020798,0.000208,0.00020098,0.00020494,28560.0,1.5165633e+12,5.82927276,140.0,12345.0,2.52019346,0.0
8593,1.5165633e+12,0.0002048,0.00020486,0.00020192,0.00020486,9093.0,1.5165636e+12,1.84172419,112.0,6719.0,1.36098298,0.0
8594,1.5165636e+12,0.00020486,0.00020749,0.00020124,0.00020745,17994.0,1.5165639e+12,3.65205121,117.0,6792.0,1.38349201,0.0
8595,1.5165639e+12,0.00020745,0.00020745,0.0002029,0.00020477,9492.0,1.5165642e+12,1.93862036,97.0,1956.0,0.39978598,0.0
8596,1.5165642e+12,0.00020477,0.00020556,0.00020475,0.00020537,1006.0,1.5165645e+12,0.20622422,28.0,1006.0,0.20622422,0.0
8597,1.5165645e+12,0.00020537,0.00020561,0.00020372,0.00020561,1767.0,1.5165648e+12,0.36219056,23.0,1023.0,0.21013314,0.0
8598,1.5165648e+12,0.00020697,0.00020697,0.00020429,0.00020546,944.0,1.5165651e+12,0.19448069,29.0,568.0,0.11734479,0.0
8599,1.5165651e+12,0.00020545,0.00020545,0.00020378,0.00020446,1071.0,1.5165654e+12,0.21888099,19.0,294.0,0.06032003,0.0
8600,1.5165654e+12,0.00020535,0.00020535,0.00020451,0.00020532,5571.0,1.5165657e+12,1.14275163,29.0,2684.0,0.55111158,0.0
8601,1.5165657e+12,0.00020516,0.00020524,0.00020433,0.00020522,2102.0,1.516566e+12,0.43114351,19.0,193.0,0.03960919,0.0
8602,1.516566e+12,0.000205,0.000205,0.00020397,0.00020479,638.0,1.5165663e+12,0.13038624,13.0,234.0,0.04794376,0.0
8603,1.5165663e+12,0.00020398,0.00020455,0.00020355,0.00020356,5675.0,1.5165666e+12,1.15643629,37.0,873.0,0.17788672,0.0
8604,1.5165666e+12,0.00020356,0.00020357,0.00020208,0.00020273,3821.0,1.5165669e+12,0.77525158,63.0,1917.0,0.38910619,0.0
8605,1.5165669e+12,0.00020273,0.00020282,0.00020202,0.00020264,1318.0,1.5165672e+12,0.26706923,14.0,1041.0,0.21110969,0.0
8606,1.5165672e+12,0.0002025,0.00020281,0.00020201,0.00020281,12138.0,1.5165675e+12,2.45851274,25.0,10380.0,2.10253695,0.0
8607,1.5165675e+12,0.00020355,0.00020355,0.00020192,0.00020293,4191.0,1.5165678e+12,0.84811833,32.0,1864.0,0.37768572,0.0
8608,1.5165678e+12,0.00020291,0.00020291,0.00020199,0.00020199,450.0,1.5165681e+12,0.09112586,16.0,350.0,0.07092686,0.0
8609,1.5165681e+12,0.00020264,0.00020264,0.00020173,0.00020173,3592.0,1.5165684e+12,0.72520836,26.0,664.0,0.13406346,0.0
8610,1.5165684e+12,0.00020173,0.00020173,0.00019703,0.00019959,42233.0,1.5165687e+12,8.4417291,213.0,8613.0,1.71294978,0.0
8611,1.5165687e+12,0.00019826,0.00019997,0.00019749,0.00019946,9791.0,1.516569e+12,1.94418439,102.0,6323.0,1.25769982,0.0
8612,1.516569e+12,0.00019939,0.00019939,0.00019813,0.00019912,764.0,1.5165693e+12,0.15215815,10.0,576.0,0.11479503,0.0
8613,1.5165693e+12,0.00019828,0.00019982,0.0001978,0.00019851,4500.0,1.5165696e+12,0.89211588,47.0,2212.0,0.43907956,0.0
8614,1.5165696e+12,0.00019851,0.00019858,0.0001978,0.00019858,1914.0,1.5165699e+12,0.3792538,14.0,425.0,0.08439012,0.0
8615,1.5165699e+12,0.00019857,0.00020199,0.00019857,0.00020199,2003.0,1.5165702e+12,0.3999428,27.0,1415.0,0.28274368,0.0
8616,1.5165702e+12,0.000202,0.00020402,0.00019911,0.0002009,3311.0,1.5165705e+12,0.66695447,43.0,1940.0,0.39245769,0.0
8617,1.5165705e+12,0.00020091,0.00020374,0.0002008,0.00020091,2480.0,1.5165708e+12,0.50140962,25.0,1035.0,0.20927841,0.0
8618,1.5165708e+12,0.00020175,0.00020186,0.0002,0.00020186,2225.0,1.5165711e+12,0.44653848,20.0,226.0,0.04555799,0.0
8619,1.5165711e+12,0.00020029,0.00020269,0.00020012,0.00020203,4032.0,1.5165714e+12,0.81457707,25.0,3157.0,0.63932426,0.0
8620,1.5165714e+12,0.00020204,0.00020357,0.00020204,0.00020224,8082.0,1.5165717e+12,1.63848733,63.0,4761.0,0.96592714,0.0
8621,1.5165717e+12,0.00020267,0.00020454,0.00020214,0.00020395,7338.0,1.516572e+12,1.4947463,44.0,5658.0,1.15252526,0.0
8622,1.516572e+12,0.00020399,0.000204,0.00020399,0.00020399,1355.0,1.5165723e+12,0.27640763,17.0,159.0,0.03243559,0.0
8623,1.5165723e+12,0.00020241,0.0002039,0.00020241,0.00020271,1852.0,1.5165726e+12,0.37545198,13.0,60.0,0.01222454,0.0
8624,1.5165726e+12,0.00020271,0.00020281,0.00020271,0.00020276,512.0,1.5165729e+12,0.10380824,10.0,76.0,0.015409,0.0
8625,1.5165729e+12,0.00020276,0.00020276,0.00020262,0.00020262,264.0,1.5165732e+12,0.0534983,6.0,0.0,0.0,0.0
8626,1.5165732e+12,0.00020253,0.0002027,0.00020106,0.0002027,3716.0,1.5165735e+12,0.75205214,24.0,3347.0,0.67741612,0.0
8627,1.5165735e+12,0.0002027,0.00020302,0.0002027,0.00020287,550.0,1.5165738e+12,0.11158874,5.0,83.0,0.01685066,0.0
8628,1.5165738e+12,0.00020302,0.000204,0.00020291,0.00020383,3280.0,1.5165741e+12,0.66764653,21.0,1957.0,0.39905253,0.0
8629,1.5165741e+12,0.00020378,0.00020398,0.00020302,0.0002036,2359.0,1.5165744e+12,0.48065974,22.0,875.0,0.17846173,0.0
8630,1.5165744e+12,0.0002033,0.0002033,0.00020306,0.00020306,228.0,1.5165747e+12,0.04634736,3.0,0.0,0.0,0.0
8631,1.5165747e+12,0.00020291,0.00020389,0.00020291,0.00020307,879.0,1.516575e+12,0.17850101,28.0,685.0,0.13911279,0.0
8632,1.516575e+12,0.000203,0.000203,0.00020271,0.00020271,3773.0,1.5165753e+12,0.76563015,7.0,0.0,0.0,0.0
8633,1.5165753e+12,0.00020271,0.00020271,0.00020102,0.00020103,2176.0,1.5165756e+12,0.44027701,12.0,101.0,0.02046425,0.0
8634,1.5165756e+12,0.00020257,0.00020257,0.00020103,0.00020103,66.0,1.5165759e+12,0.01336654,3.0,64.0,0.01296448,0.0
8635,1.5165759e+12,0.00020112,0.00020112,0.00020104,0.00020112,2130.0,1.5165762e+12,0.42838062,29.0,1948.0,0.39178151,0.0
8636,1.5165762e+12,0.00020109,0.00020112,0.00020057,0.00020112,2405.0,1.5165765e+12,0.48318987,14.0,31.0,0.00623439,0.0
8637,1.5165765e+12,0.00020112,0.00020219,0.00020112,0.00020178,424.0,1.5165768e+12,0.08535432,7.0,424.0,0.08535432,0.0
8638,1.5165768e+12,0.00020176,0.00020219,0.00020176,0.00020176,267.0,1.5165771e+12,0.05387508,8.0,176.0,0.03551492,0.0
8639,1.5165771e+12,0.00020176,0.00020255,0.00020175,0.00020255,1115.0,1.5165774e+12,0.22557487,13.0,1023.0,0.20701314,0.0
8640,1.5165774e+12,0.00020255,0.00020265,0.00019791,0.00020188,4449.0,1.5165777e+12,0.89255273,21.0,241.0,0.04882655,0.0
8641,1.5165777e+12,0.00020099,0.00020135,0.0002003,0.00020044,1510.0,1.516578e+12,0.30266518,20.0,1510.0,0.30266518,0.0
8642,1.516578e+12,0.00020044,0.0002015,0.00019808,0.00020048,2699.0,1.5165783e+12,0.53926699,28.0,665.0,0.13345781,0.0
8643,1.5165783e+12,0.00020043,0.00020043,0.00019994,0.00020043,2976.0,1.5165786e+12,0.59602325,22.0,2943.0,0.58942523,0.0
8644,1.5165786e+12,0.00020033,0.00020098,0.00020016,0.00020024,1634.0,1.5165789e+12,0.32733499,16.0,1327.0,0.26584752,0.0
8645,1.5165789e+12,0.00020024,0.0002005,0.00020022,0.0002005,606.0,1.5165792e+12,0.12136315,7.0,233.0,0.04667152,0.0
8646,1.5165792e+12,0.0002005,0.0002005,0.00020001,0.00020001,3683.0,1.5165795e+12,0.73779701,12.0,1761.0,0.35299941,0.0
8647,1.5165795e+12,0.0002005,0.0002005,0.00019899,0.0001995,2868.0,1.5165798e+12,0.57241637,29.0,786.0,0.15688147,0.0
8648,1.5165798e+12,0.00019898,0.00020001,0.0001985,0.0002,1617.0,1.5165801e+12,0.32213589,19.0,1257.0,0.25054089,0.0
8649,1.5165801e+12,0.00019999,0.00019999,0.00019821,0.00019822,4919.0,1.5165804e+12,0.97549819,68.0,2656.0,0.52678291,0.0
8650,1.5165804e+12,0.0001982,0.00019822,0.000193,0.000194,34859.0,1.5165807e+12,6.8194942,179.0,13329.0,2.59910412,0.0
8651,1.5165807e+12,0.00019305,0.000194,0.00019289,0.00019398,25080.0,1.516581e+12,4.85491443,190.0,21146.0,4.09519517,0.0
8652,1.516581e+12,0.00019398,0.000194,0.00019361,0.00019399,8212.0,1.5165813e+12,1.59311023,68.0,8196.0,1.59001177,0.0
8653,1.5165813e+12,0.0001939,0.000194,0.0001923,0.000194,16062.0,1.5165816e+12,3.11190021,153.0,13216.0,2.5622681,0.0
8654,1.5165816e+12,0.000194,0.000194,0.00019356,0.000194,4413.0,1.5165819e+12,0.85589304,55.0,3893.0,0.75524184,0.0
8655,1.5165819e+12,0.000194,0.000194,0.00019369,0.000194,4164.0,1.5165822e+12,0.8076869,37.0,3734.0,0.724396,0.0
8656,1.5165822e+12,0.000194,0.000194,0.00019388,0.000194,9996.0,1.5165825e+12,1.93908106,46.0,8618.0,1.671892,0.0
8657,1.5165825e+12,0.00019399,0.000194,0.00019255,0.0001938,12038.0,1.5165828e+12,2.3332471,128.0,8988.0,1.74287053,0.0
8658,1.5165828e+12,0.00019379,0.000194,0.000193,0.000194,2400.0,1.5165831e+12,0.46459952,29.0,1216.0,0.23562166,0.0
8659,1.5165831e+12,0.000194,0.000194,0.00019325,0.000194,2749.0,1.5165834e+12,0.53198332,24.0,2437.0,0.4715509,0.0
8660,1.5165834e+12,0.000194,0.00019993,0.00019398,0.00019468,23311.0,1.5165837e+12,4.55327492,107.0,17454.0,3.39766481,0.0
8661,1.5165837e+12,0.00019536,0.00019712,0.00019536,0.00019585,1370.0,1.516584e+12,0.2686663,33.0,1169.0,0.22939101,0.0
8662,1.516584e+12,0.0001972,0.0001972,0.00019584,0.00019711,8097.0,1.5165843e+12,1.59578084,30.0,7722.0,1.5219723,0.0
8663,1.5165843e+12,0.00019714,0.00019715,0.00019398,0.00019593,17398.0,1.5165846e+12,3.42331212,40.0,4332.0,0.85310272,0.0
8664,1.5165846e+12,0.00019596,0.000196,0.00019503,0.00019599,23489.0,1.5165849e+12,4.60369598,22.0,23348.0,4.57617875,0.0
8665,1.5165849e+12,0.00019599,0.00019727,0.00019514,0.00019535,6395.0,1.5165852e+12,1.2514812,52.0,3724.0,0.72957569,0.0
8666,1.5165852e+12,0.00019535,0.00019535,0.00019398,0.00019398,6331.0,1.5165855e+12,1.23428141,49.0,1153.0,0.22485939,0.0
8667,1.5165855e+12,0.00019393,0.00019491,0.000192,0.0001944,6792.0,1.5165858e+12,1.30844123,45.0,3736.0,0.72067505,0.0
8668,1.5165858e+12,0.00019429,0.00019446,0.00019364,0.00019364,4267.0,1.5165861e+12,0.82907756,13.0,4091.0,0.7949934,0.0
8669,1.5165861e+12,0.0001936,0.0001936,0.00019321,0.0001936,227.0,1.5165864e+12,0.04391327,8.0,227.0,0.04391327,0.0
8670,1.5165864e+12,0.00019363,0.00019363,0.0001936,0.0001936,2574.0,1.5165867e+12,0.49834345,13.0,1044.0,0.20213545,0.0
8671,1.5165867e+12,0.0001932,0.0001932,0.00019201,0.00019202,4905.0,1.516587e+12,0.94581595,41.0,3277.0,0.63283286,0.0
8672,1.516587e+12,0.00019202,0.00019275,0.00019202,0.00019274,690.0,1.5165873e+12,0.1325336,5.0,55.0,0.0106009,0.0
8673,1.5165873e+12,0.0001927,0.0001927,0.00019116,0.00019249,4949.0,1.5165876e+12,0.95036161,52.0,1618.0,0.31117852,0.0
8674,1.5165876e+12,0.0001925,0.00019251,0.00019122,0.00019131,2340.0,1.5165879e+12,0.44847573,23.0,757.0,0.14546068,0.0
8675,1.5165879e+12,0.00019222,0.00019222,0.00019116,0.00019196,2510.0,1.5165882e+12,0.48142893,27.0,2062.0,0.39574899,0.0
8676,1.5165882e+12,0.00019169,0.00019169,0.000191,0.000191,2499.0,1.5165885e+12,0.47740544,10.0,59.0,0.01130956,0.0
8677,1.5165885e+12,0.00019168,0.00019259,0.00019126,0.00019133,7975.0,1.5165888e+12,1.53187361,24.0,4725.0,0.90805855,0.0
8678,1.5165888e+12,0.00019162,0.0001936,0.00019162,0.00019272,2995.0,1.5165891e+12,0.57643488,15.0,2796.0,0.53824506,0.0
8679,1.5165891e+12,0.00019272,0.0001936,0.00019271,0.00019314,3399.0,1.5165894e+12,0.65548852,13.0,2408.0,0.46450356,0.0
8680,1.5165894e+12,0.00019271,0.00019315,0.0001921,0.00019315,2214.0,1.5165897e+12,0.42659753,8.0,1031.0,0.19910765,0.0
8681,1.5165897e+12,0.00019315,0.00019443,0.00019313,0.00019443,3230.0,1.51659e+12,0.62428519,13.0,3230.0,0.62428519,0.0
8682,1.51659e+12,0.00019443,0.00019443,0.00019315,0.00019329,7561.0,1.5165903e+12,1.46339062,27.0,5454.0,1.05630014,0.0
8683,1.5165903e+12,0.00019428,0.00019428,0.00019357,0.00019427,2215.0,1.5165906e+12,0.42964276,13.0,2177.0,0.4222871,0.0
8684,1.5165906e+12,0.00019427,0.00019427,0.0001935,0.00019426,390.0,1.5165909e+12,0.07574748,9.0,367.0,0.07129698,0.0
8685,1.5165909e+12,0.00019426,0.00019426,0.00019105,0.00019297,8021.0,1.5165912e+12,1.54793261,40.0,4385.0,0.84768456,0.0
8686,1.5165912e+12,0.000192,0.00019402,0.000192,0.00019298,2369.0,1.5165915e+12,0.45734316,12.0,1298.0,0.25050174,0.0
8687,1.5165915e+12,0.00019191,0.00019295,0.00019147,0.00019223,3530.0,1.5165918e+12,0.67819675,13.0,1087.0,0.20971588,0.0
8688,1.5165918e+12,0.00019295,0.00019295,0.00019223,0.00019223,44.0,1.5165921e+12,0.00847612,2.0,25.0,0.00482375,0.0
8689,1.5165921e+12,0.00019277,0.000193,0.00019277,0.000193,2322.0,1.5165924e+12,0.44798746,11.0,2079.0,0.40109658,0.0
8690,1.5165924e+12,0.00019327,0.0001936,0.00019327,0.0001936,194.0,1.5165927e+12,0.03751844,7.0,194.0,0.03751844,0.0
8691,1.5165927e+12,0.0001936,0.00019361,0.0001936,0.00019361,382.0,1.516593e+12,0.0739586,6.0,382.0,0.0739586,0.0
8692,1.516593e+12,0.00019361,0.00019361,0.00019337,0.00019361,1247.0,1.5165933e+12,0.24140237,11.0,1134.0,0.21955141,0.0
8693,1.5165933e+12,0.00019361,0.00019361,0.00019168,0.00019169,3749.0,1.5165936e+12,0.72053421,23.0,1696.0,0.32630936,0.0
8694,1.5165936e+12,0.00019169,0.00019247,0.00019168,0.00019175,2320.0,1.5165939e+12,0.44507632,16.0,731.0,0.14043021,0.0
8695,1.5165939e+12,0.00019175,0.00019405,0.00019175,0.00019405,10736.0,1.5165942e+12,2.07103644,30.0,9361.0,1.80616134,0.0
8696,1.5165942e+12,0.00019405,0.00019405,0.00019247,0.00019396,9130.0,1.5165945e+12,1.76066359,20.0,1730.0,0.33474973,0.0
8697,1.5165945e+12,0.00019396,0.00019396,0.000187,0.00019219,28991.0,1.5165948e+12,5.4780028,58.0,4184.0,0.7841521,0.0
8698,1.5165948e+12,0.00019168,0.00019168,0.000188,0.00019106,5218.0,1.5165951e+12,0.99568256,54.0,3259.0,0.62296963,0.0
8699,1.5165951e+12,0.00019131,0.00019218,0.00019107,0.0001918,2301.0,1.5165954e+12,0.44092198,21.0,1983.0,0.38006071,0.0
8700,1.5165954e+12,0.00019218,0.0001976,0.0001919,0.000194,10081.0,1.5165957e+12,1.97303374,35.0,8692.0,1.70428797,0.0
8701,1.5165957e+12,0.000194,0.00019401,0.00019252,0.00019399,1680.0,1.516596e+12,0.3258711,12.0,108.0,0.02095271,0.0
8702,1.516596e+12,0.00019398,0.00019399,0.00019301,0.00019399,540.0,1.5165963e+12,0.10430501,5.0,71.0,0.01377309,0.0
8703,1.5165963e+12,0.00019399,0.00019604,0.00019322,0.00019332,1171.0,1.5165966e+12,0.22756584,15.0,68.0,0.01322631,0.0
8704,1.5165966e+12,0.00019322,0.00019336,0.00019322,0.00019334,345.0,1.5165969e+12,0.0666992,6.0,16.0,0.00309344,0.0
8705,1.5165969e+12,0.00019333,0.00019401,0.00019203,0.000194,2153.0,1.5165972e+12,0.41583675,11.0,581.0,0.11264214,0.0
8706,1.5165972e+12,0.00019271,0.00019399,0.00019227,0.00019383,732.0,1.5165975e+12,0.14157165,11.0,438.0,0.08488303,0.0
8707,1.5165975e+12,0.0001938,0.00019399,0.000193,0.00019399,650.0,1.5165978e+12,0.12562263,9.0,227.0,0.04395276,0.0
8708,1.5165978e+12,0.00019313,0.00019313,0.00019299,0.00019308,2112.0,1.5165981e+12,0.40772867,11.0,221.0,0.04267068,0.0
8709,1.5165981e+12,0.000193,0.00019411,0.000193,0.00019411,1401.0,1.5165984e+12,0.27057128,11.0,591.0,0.11417693,0.0
8710,1.5165984e+12,0.00019432,0.0001976,0.00019431,0.00019636,52194.0,1.5165987e+12,10.30243714,76.0,40517.0,8.00267133,0.0
8711,1.5165987e+12,0.00019626,0.00019685,0.00019539,0.00019553,4786.0,1.516599e+12,0.93726107,35.0,2081.0,0.40836866,0.0
8712,1.516599e+12,0.0001968,0.0001968,0.00019551,0.0001957,382.0,1.5165993e+12,0.07486183,5.0,127.0,0.0249936,0.0
8713,1.5165993e+12,0.0001957,0.00019685,0.0001957,0.00019684,4932.0,1.5165996e+12,0.96986867,29.0,2102.0,0.41311425,0.0
8714,1.5165996e+12,0.00019685,0.000201,0.00019685,0.00019868,4351.0,1.5165999e+12,0.8651026,62.0,1563.0,0.31140215,0.0
8715,1.5165999e+12,0.00019868,0.00020222,0.00019,0.00019275,31395.0,1.5166002e+12,6.1450736,275.0,4195.0,0.81395429,0.0
8716,1.5166002e+12,0.0001927,0.0001927,0.00019012,0.00019092,26049.0,1.5166005e+12,4.97873344,94.0,14454.0,2.76234156,0.0
8717,1.5166005e+12,0.00019092,0.000196,0.00019091,0.00019478,4043.0,1.5166008e+12,0.78191163,42.0,2830.0,0.54659786,0.0
8718,1.5166008e+12,0.00019478,0.00019479,0.00019112,0.00019274,5520.0,1.5166011e+12,1.06509663,45.0,1261.0,0.24303388,0.0
8719,1.5166011e+12,0.00019281,0.00019376,0.0001914,0.00019255,9924.0,1.5166014e+12,1.91223555,20.0,485.0,0.09353087,0.0
8720,1.5166014e+12,0.00019254,0.00019271,0.0001914,0.00019201,5377.0,1.5166017e+12,1.03198284,25.0,1215.0,0.23334503,0.0
8721,1.5166017e+12,0.00019201,0.00019271,0.00019201,0.0001927,110.0,1.516602e+12,0.02117998,6.0,85.0,0.01637973,0.0
8722,1.516602e+12,0.00019201,0.00019271,0.00019201,0.00019266,5563.0,1.5166023e+12,1.06962833,17.0,2084.0,0.40160264,0.0
8723,1.5166023e+12,0.00019266,0.00019266,0.00019201,0.0001926,3200.0,1.5166026e+12,0.61507526,19.0,1022.0,0.19686533,0.0
8724,1.5166026e+12,0.00019203,0.00019206,0.00019199,0.00019199,7628.0,1.5166029e+12,1.46464167,16.0,11.0,0.00211222,0.0
8725,1.5166029e+12,0.000192,0.000192,0.00018717,0.0001914,10841.0,1.5166032e+12,2.06615768,38.0,3725.0,0.70315635,0.0
8726,1.5166032e+12,0.00019059,0.0001915,0.00018933,0.0001915,5813.0,1.5166035e+12,1.10778676,53.0,3770.0,0.71965448,0.0
8727,1.5166035e+12,0.0001915,0.0001915,0.00019096,0.0001915,1752.0,1.5166038e+12,0.33483627,52.0,1752.0,0.33483627,0.0
8728,1.5166038e+12,0.0001915,0.00019245,0.00019025,0.00019224,1715.0,1.5166041e+12,0.32885154,18.0,1146.0,0.22034895,0.0
8729,1.5166041e+12,0.00019222,0.00019238,0.0001921,0.00019236,1522.0,1.5166044e+12,0.29276332,13.0,1522.0,0.29276332,0.0
8730,1.5166044e+12,0.0001921,0.00019235,0.000188,0.00018999,24131.0,1.5166047e+12,4.60164093,66.0,7670.0,1.4592352,0.0
8731,1.5166047e+12,0.00018998,0.00018999,0.00018716,0.00018959,4286.0,1.516605e+12,0.80865704,47.0,1805.0,0.34214363,0.0
8732,1.516605e+12,0.00018961,0.00019,0.00018944,0.0001897,4721.0,1.5166053e+12,0.89595861,57.0,4336.0,0.82301176,0.0
8733,1.5166053e+12,0.00018944,0.00019,0.00018944,0.00019,8555.0,1.5166056e+12,1.62499509,46.0,8454.0,1.60586165,0.0
8734,1.5166056e+12,0.00019,0.00019,0.00018793,0.0001899,4917.0,1.5166059e+12,0.93330307,26.0,3614.0,0.68655826,0.0
8735,1.5166059e+12,0.0001899,0.00019,0.00018911,0.00018911,11551.0,1.5166062e+12,2.19336704,31.0,9965.0,1.89321614,0.0
8736,1.5166062e+12,0.00019,0.00019,0.00018871,0.00019,6829.0,1.5166065e+12,1.29671117,26.0,6265.0,1.19027193,0.0
8737,1.5166065e+12,0.00019,0.00019,0.00018795,0.00018805,10483.0,1.5166068e+12,1.97898078,45.0,7580.0,1.43150307,0.0
8738,1.5166068e+12,0.00018887,0.00018998,0.00018794,0.00018998,11619.0,1.5166071e+12,2.19609914,55.0,4403.0,0.83280217,0.0
8739,1.5166071e+12,0.00018997,0.00019061,0.00018725,0.00019,31447.0,1.5166074e+12,5.93877357,86.0,22483.0,4.25029236,0.0
8740,1.5166074e+12,0.00019,0.0001906,0.00018839,0.00018839,3072.0,1.5166077e+12,0.58372561,17.0,514.0,0.09774586,0.0
8741,1.5166077e+12,0.00018901,0.00019,0.00018701,0.00018803,8681.0,1.516608e+12,1.63044659,55.0,3099.0,0.58409806,0.0
8742,1.516608e+12,0.00018803,0.00018803,0.00018101,0.00018791,39863.0,1.5166083e+12,7.35816628,132.0,8211.0,1.5388754,0.0
8743,1.5166083e+12,0.0001875,0.00018932,0.00018594,0.00018903,8560.0,1.5166086e+12,1.59958555,79.0,3904.0,0.72907703,0.0
8744,1.5166086e+12,0.00018894,0.00018935,0.00018803,0.00018933,5413.0,1.5166089e+12,1.01841524,34.0,4157.0,0.78222593,0.0
8745,1.5166089e+12,0.00018928,0.00018928,0.000189,0.00018921,5483.0,1.5166092e+12,1.03742142,14.0,3513.0,0.66469767,0.0
8746,1.5166092e+12,0.00018938,0.00018999,0.00018921,0.00018999,1253.0,1.5166095e+12,0.23785225,22.0,1240.0,0.23539234,0.0
8747,1.5166095e+12,0.0001893,0.00018999,0.0001893,0.00018998,1987.0,1.5166098e+12,0.37621342,11.0,108.0,0.02051872,0.0
8748,1.5166098e+12,0.0001893,0.00018999,0.00018469,0.00018904,4022.0,1.5166101e+12,0.75341164,43.0,1708.0,0.32306356,0.0
8749,1.5166101e+12,0.000189,0.00018999,0.00018897,0.00018999,1038.0,1.5166104e+12,0.19646229,9.0,1038.0,0.19646229,0.0
8750,1.5166104e+12,0.00018999,0.00019095,0.0001895,0.00018996,2542.0,1.5166107e+12,0.4827818,25.0,1490.0,0.28332697,0.0
8751,1.5166107e+12,0.0001899,0.00018996,0.0001895,0.0001895,1206.0,1.516611e+12,0.22893239,13.0,215.0,0.04082149,0.0
8752,1.516611e+12,0.00018996,0.00019095,0.0001892,0.00018937,4324.0,1.5166113e+12,0.82093306,19.0,1497.0,0.284827,0.0
8753,1.5166113e+12,0.00018953,0.00019081,0.00018953,0.00019072,2957.0,1.5166116e+12,0.56144533,24.0,2274.0,0.43178441,0.0
8754,1.5166116e+12,0.00019075,0.00019251,0.00018999,0.00019056,6092.0,1.5166119e+12,1.16512905,36.0,2473.0,0.47426233,0.0
8755,1.5166119e+12,0.00018982,0.00019073,0.00018972,0.00019073,7753.0,1.5166122e+12,1.47575704,38.0,5881.0,1.12018371,0.0
8756,1.5166122e+12,0.00019073,0.00019073,0.00019,0.00019001,2100.0,1.5166125e+12,0.40023761,10.0,1373.0,0.26184645,0.0
8757,1.5166125e+12,0.00019001,0.00019254,0.00019001,0.00019254,12131.0,1.5166128e+12,2.31985454,31.0,6103.0,1.16559224,0.0
8758,1.5166128e+12,0.00019259,0.00019271,0.00019254,0.00019271,2268.0,1.5166131e+12,0.43698388,16.0,1576.0,0.30370784,0.0
8759,1.5166131e+12,0.00019254,0.00019254,0.00019082,0.00019201,1052.0,1.5166134e+12,0.20162458,19.0,179.0,0.03438995,0.0
8760,1.5166134e+12,0.00019271,0.00019271,0.0001892,0.00019004,12555.0,1.5166137e+12,2.38514006,33.0,2406.0,0.45749025,0.0
8761,1.5166137e+12,0.00019002,0.00019093,0.000189,0.0001907,2681.0,1.516614e+12,0.50796443,15.0,708.0,0.13483447,0.0
8762,1.516614e+12,0.00019068,0.00019169,0.00019046,0.00019046,1160.0,1.5166143e+12,0.22118979,15.0,464.0,0.08862858,0.0
8763,1.5166143e+12,0.00019147,0.00019271,0.00019061,0.00019061,7811.0,1.5166146e+12,1.49984065,27.0,5289.0,1.0182237,0.0
8764,1.5166146e+12,0.00019153,0.00019153,0.00019152,0.00019152,1305.0,1.5166149e+12,0.2499346,11.0,1305.0,0.2499346,0.0
8765,1.5166149e+12,0.00019171,0.0001925,0.0001915,0.0001915,763.0,1.5166152e+12,0.14639024,7.0,353.0,0.0678735,0.0
8766,1.5166152e+12,0.0001917,0.0001925,0.0001917,0.0001925,698.0,1.5166155e+12,0.13429298,12.0,618.0,0.1189561,0.0
8767,1.5166155e+12,0.0001925,0.00019755,0.0001925,0.00019404,19206.0,1.5166158e+12,3.74176501,163.0,9509.0,1.84900078,0.0
8768,1.5166158e+12,0.00019408,0.00019487,0.00019381,0.00019381,6626.0,1.5166161e+12,1.28633613,77.0,1714.0,0.33343367,0.0
8769,1.5166161e+12,0.00019382,0.00019791,0.00019382,0.0001947,8947.0,1.5166164e+12,1.74861253,107.0,2587.0,0.50641482,0.0
8770,1.5166164e+12,0.00019459,0.0001948,0.00019445,0.00019474,3340.0,1.5166167e+12,0.64950045,39.0,279.0,0.05428634,0.0
8771,1.5166167e+12,0.0001946,0.00019579,0.00019447,0.00019477,2393.0,1.516617e+12,0.46568459,23.0,1129.0,0.21984273,0.0
8772,1.516617e+12,0.00019512,0.00019657,0.00019506,0.0001951,2558.0,1.5166173e+12,0.49930574,20.0,725.0,0.14174453,0.0
8773,1.5166173e+12,0.000196,0.00019616,0.00019527,0.00019612,4792.0,1.5166176e+12,0.93905508,26.0,2799.0,0.54852244,0.0
8774,1.5166176e+12,0.00019612,0.00019612,0.00019528,0.00019531,4843.0,1.5166179e+12,0.94600813,33.0,485.0,0.09472535,0.0
8775,1.5166179e+12,0.00019531,0.00019568,0.00019531,0.00019567,3488.0,1.5166182e+12,0.68193533,30.0,2153.0,0.42119637,0.0
8776,1.5166182e+12,0.00019565,0.00019584,0.00019532,0.00019532,1976.0,1.5166185e+12,0.38622676,14.0,442.0,0.08651525,0.0
8777,1.5166185e+12,0.00019532,0.00019654,0.00019529,0.00019555,1170.0,1.5166188e+12,0.22893805,16.0,980.0,0.191747,0.0
8778,1.5166188e+12,0.00019558,0.00019789,0.00019558,0.00019654,1284.0,1.5166191e+12,0.25292625,12.0,887.0,0.17505107,0.0
8779,1.5166191e+12,0.00019766,0.00019893,0.00019654,0.00019737,20902.0,1.5166194e+12,4.11837551,139.0,2333.0,0.46335166,0.0
8780,1.5166194e+12,0.00019676,0.00019676,0.0001939,0.0001939,4289.0,1.5166197e+12,0.834026,36.0,511.0,0.09927267,0.0
8781,1.5166197e+12,0.00019483,0.00019635,0.00019483,0.00019635,2505.0,1.51662e+12,0.49025571,14.0,2126.0,0.41594897,0.0
8782,1.51662e+12,0.00019608,0.00019608,0.00019482,0.00019602,1850.0,1.5166203e+12,0.36116219,14.0,1353.0,0.26403845,0.0
8783,1.5166203e+12,0.00019502,0.00019502,0.00019382,0.00019384,6273.0,1.5166206e+12,1.2188543,19.0,42.0,0.00814128,0.0
8784,1.5166206e+12,0.00019382,0.0001941,0.0001938,0.000194,720.0,1.5166209e+12,0.1396226,15.0,377.0,0.07314325,0.0
8785,1.5166209e+12,0.00019391,0.000194,0.00019274,0.00019274,6101.0,1.5166212e+12,1.18008751,41.0,3738.0,0.72403873,0.0
8786,1.5166212e+12,0.00019282,0.00019295,0.00018953,0.00019147,14922.0,1.5166215e+12,2.85592623,73.0,4803.0,0.92091608,0.0
8787,1.5166215e+12,0.00019143,0.00019143,0.00019025,0.00019096,3085.0,1.5166218e+12,0.58759188,24.0,977.0,0.18652387,0.0
8788,1.5166218e+12,0.0001907,0.0001907,0.00018985,0.00018985,1212.0,1.5166221e+12,0.23032885,16.0,970.0,0.18435781,0.0
8789,1.5166221e+12,0.00018999,0.00018999,0.00018982,0.00018986,3527.0,1.5166224e+12,0.66985181,41.0,2021.0,0.38395809,0.0
8790,1.5166224e+12,0.00018999,0.00019166,0.00018986,0.00019052,2103.0,1.5166227e+12,0.40001316,26.0,1348.0,0.25627256,0.0
8791,1.5166227e+12,0.00019051,0.00019187,0.00018763,0.00018951,3697.0,1.516623e+12,0.7013564,31.0,1271.0,0.24128352,0.0
8792,1.516623e+12,0.00018951,0.0001905,0.00018951,0.0001905,791.0,1.5166233e+12,0.14998723,11.0,791.0,0.14998723,0.0
8793,1.5166233e+12,0.0001905,0.00019051,0.0001892,0.00019001,498.0,1.5166236e+12,0.0946254,8.0,290.0,0.05511983,0.0
8794,1.5166236e+12,0.00019001,0.00019047,0.00018981,0.00018995,906.0,1.5166239e+12,0.1721932,9.0,189.0,0.03596858,0.0
8795,1.5166239e+12,0.00018995,0.00018995,0.00018872,0.00018988,1513.0,1.5166242e+12,0.28664374,22.0,247.0,0.04691296,0.0
8796,1.5166242e+12,0.00018988,0.00018988,0.00018861,0.00018889,2703.0,1.5166245e+12,0.510825,23.0,1247.0,0.23587644,0.0
8797,1.5166245e+12,0.00018896,0.00018994,0.00018756,0.00018799,7578.0,1.5166248e+12,1.42540694,44.0,5618.0,1.05641356,0.0
8798,1.5166248e+12,0.00018756,0.00019049,0.00018582,0.00018921,8268.0,1.5166251e+12,1.55330721,53.0,6282.0,1.18152629,0.0
8799,1.5166251e+12,0.0001886,0.00018993,0.0001886,0.00018993,1438.0,1.5166254e+12,0.27178411,14.0,1127.0,0.21312951,0.0
8800,1.5166254e+12,0.00018922,0.00018922,0.00018851,0.00018908,4767.0,1.5166257e+12,0.90118225,25.0,1291.0,0.24394229,0.0
8801,1.5166257e+12,0.00018908,0.00018908,0.00018853,0.00018871,556.0,1.516626e+12,0.10485008,10.0,530.0,0.09994468,0.0
8802,1.516626e+12,0.0001887,0.0001887,0.00018682,0.00018795,7589.0,1.5166263e+12,1.42208124,30.0,3340.0,0.62698456,0.0
8803,1.5166263e+12,0.00018755,0.00018789,0.00018575,0.00018669,12360.0,1.5166266e+12,2.30261041,98.0,8166.0,1.52199029,0.0
8804,1.5166266e+12,0.00018677,0.00018761,0.000186,0.00018678,8359.0,1.5166269e+12,1.55889202,39.0,1747.0,0.32648546,0.0
8805,1.5166269e+12,0.00018678,0.00019243,0.0001855,0.00018659,5534.0,1.5166272e+12,1.03193035,66.0,2753.0,0.51429885,0.0
8806,1.5166272e+12,0.00018657,0.00018684,0.0001853,0.0001868,6622.0,1.5166275e+12,1.23421057,47.0,2967.0,0.55360384,0.0
8807,1.5166275e+12,0.00018678,0.00018678,0.00018322,0.00018388,9699.0,1.5166278e+12,1.79128795,86.0,6175.0,1.14039578,0.0
8808,1.5166278e+12,0.0001838,0.00018929,0.00018333,0.000185,12156.0,1.5166281e+12,2.2532974,107.0,7823.0,1.4499212,0.0
8809,1.5166281e+12,0.00018483,0.00018498,0.00018436,0.0001845,15031.0,1.5166284e+12,2.7735587,63.0,12190.0,2.24954276,0.0
8810,1.5166284e+12,0.0001845,0.0001845,0.00018319,0.00018349,7805.0,1.5166287e+12,1.43835207,38.0,5438.0,1.00302933,0.0
8811,1.5166287e+12,0.00018367,0.0001845,0.00018334,0.00018448,2348.0,1.516629e+12,0.43246906,24.0,1518.0,0.27972565,0.0
8812,1.516629e+12,0.00018401,0.000185,0.0001834,0.0001834,15007.0,1.5166293e+12,2.76830402,48.0,10310.0,1.90450936,0.0
8813,1.5166293e+12,0.000184,0.000185,0.00018269,0.000183,37353.0,1.5166296e+12,6.88255992,69.0,28856.0,5.32602113,0.0
8814,1.5166296e+12,0.000183,0.000183,0.0001827,0.00018299,16745.0,1.5166299e+12,3.06423372,43.0,9076.0,1.66088932,0.0
8815,1.5166299e+12,0.00018299,0.00018299,0.00018294,0.00018299,12569.0,1.5166302e+12,2.2999559,32.0,11608.0,2.12414792,0.0
8816,1.5166302e+12,0.000183,0.000183,0.00018293,0.000183,20083.0,1.5166305e+12,3.67448804,50.0,8249.0,1.50942868,0.0
8817,1.5166305e+12,0.000183,0.000183,0.00018218,0.0001822,17823.0,1.5166308e+12,3.2606171,63.0,15620.0,2.85839479,0.0
8818,1.5166308e+12,0.00018299,0.000187,0.00018299,0.00018659,64672.0,1.5166311e+12,11.89439191,77.0,54483.0,10.00583825,0.0
8819,1.5166311e+12,0.0001853,0.00018773,0.0001853,0.0001877,6902.0,1.5166314e+12,1.29293465,64.0,4341.0,0.81453662,0.0
8820,1.5166314e+12,0.0001877,0.0001885,0.000187,0.0001877,22329.0,1.5166317e+12,4.19806974,66.0,12746.0,2.39705702,0.0
8821,1.5166317e+12,0.0001877,0.000189,0.000187,0.00018794,1641.0,1.516632e+12,0.30809969,29.0,1409.0,0.26471381,0.0
8822,1.516632e+12,0.00018802,0.00018898,0.0001853,0.00018885,27032.0,1.5166323e+12,5.0643952,69.0,10289.0,1.92619727,0.0
8823,1.5166323e+12,0.00018884,0.00018884,0.0001868,0.00018749,3663.0,1.5166326e+12,0.68697939,37.0,1322.0,0.2481162,0.0
8824,1.5166326e+12,0.00018749,0.0001875,0.00018604,0.00018744,7369.0,1.5166329e+12,1.37850648,29.0,3769.0,0.70585839,0.0
8825,1.5166329e+12,0.00018744,0.000189,0.0001867,0.00018795,1669.0,1.5166332e+12,0.31426402,16.0,1649.0,0.31051752,0.0
8826,1.5166332e+12,0.00018898,0.00018898,0.000187,0.00018719,8319.0,1.5166335e+12,1.55882204,17.0,1478.0,0.27789459,0.0
8827,1.5166335e+12,0.00018787,0.00018806,0.00018453,0.000186,19572.0,1.5166338e+12,3.6459273,56.0,2311.0,0.43355221,0.0
8828,1.5166338e+12,0.000186,0.00018669,0.00018573,0.00018648,2054.0,1.5166341e+12,0.38167446,16.0,290.0,0.05402805,0.0
8829,1.5166341e+12,0.00018632,0.00018638,0.0001857,0.00018633,7193.0,1.5166344e+12,1.33609289,24.0,444.0,0.08271368,0.0
8830,1.5166344e+12,0.0001866,0.000187,0.000186,0.000186,4313.0,1.5166347e+12,0.80510098,15.0,3878.0,0.72411698,0.0
8831,1.5166347e+12,0.0001865,0.00018715,0.0001865,0.00018711,2742.0,1.516635e+12,0.51285016,12.0,1969.0,0.36821413,0.0
8832,1.516635e+12,0.00018711,0.000188,0.0001865,0.00018706,2549.0,1.5166353e+12,0.47697362,21.0,2009.0,0.37598234,0.0
8833,1.5166353e+12,0.000188,0.00018807,0.000188,0.00018801,741.0,1.5166356e+12,0.13931184,15.0,599.0,0.1126152,0.0
8834,1.5166356e+12,0.00018806,0.0001882,0.000186,0.000186,6944.0,1.5166359e+12,1.29640166,45.0,1959.0,0.36613268,0.0
8835,1.5166359e+12,0.00018607,0.00018607,0.00018559,0.00018594,1803.0,1.5166362e+12,0.33522444,15.0,1023.0,0.19015103,0.0
8836,1.5166362e+12,0.00018592,0.00018592,0.00018354,0.00018392,11407.0,1.5166365e+12,2.10537947,59.0,4868.0,0.89975303,0.0
8837,1.5166365e+12,0.0001836,0.0001838,0.00018066,0.00018184,23534.0,1.5166368e+12,4.27942794,83.0,12810.0,2.3307479,0.0
8838,1.5166368e+12,0.00018281,0.000185,0.00018232,0.00018277,5873.0,1.5166371e+12,1.07201161,47.0,4279.0,0.78109249,0.0
8839,1.5166371e+12,0.00018277,0.00018599,0.00018153,0.00018217,2795.0,1.5166374e+12,0.51409778,21.0,451.0,0.08293376,0.0
8840,1.5166374e+12,0.00018304,0.00018324,0.00018122,0.00018159,1594.0,1.5166377e+12,0.29085125,28.0,558.0,0.10217111,0.0
8841,1.5166377e+12,0.000182,0.0001825,0.00018122,0.00018227,2875.0,1.516638e+12,0.52306965,15.0,686.0,0.12494087,0.0
8842,1.516638e+12,0.00018227,0.00018324,0.00018169,0.000183,2880.0,1.5166383e+12,0.52543834,21.0,1461.0,0.26702778,0.0
8843,1.5166383e+12,0.00018349,0.000186,0.00018349,0.00018396,8234.0,1.5166386e+12,1.51775789,26.0,5927.0,1.09288061,0.0
8844,1.5166386e+12,0.0001841,0.00018595,0.00018066,0.00018397,14313.0,1.5166389e+12,2.60267417,42.0,1805.0,0.33491746,0.0
8845,1.5166389e+12,0.00018398,0.000185,0.00018397,0.000185,747.0,1.5166392e+12,0.137491,10.0,266.0,0.04899428,0.0
8846,1.5166392e+12,0.000185,0.000185,0.000184,0.00018429,1475.0,1.5166395e+12,0.2716287,9.0,97.0,0.01794346,0.0
8847,1.5166395e+12,0.00018431,0.00018522,0.00018429,0.0001843,374.0,1.5166398e+12,0.06902613,12.0,12.0,0.00221156,0.0
8848,1.5166398e+12,0.0001843,0.00018563,0.0001843,0.00018563,3250.0,1.5166401e+12,0.60032606,22.0,585.0,0.10847475,0.0
8849,1.5166401e+12,0.00018539,0.00018554,0.00018538,0.00018552,2253.0,1.5166404e+12,0.41779393,10.0,2253.0,0.41779393,0.0
8850,1.5166404e+12,0.00018551,0.00018631,0.0001855,0.00018631,3305.0,1.5166407e+12,0.61406146,12.0,3305.0,0.61406146,0.0
8851,1.5166407e+12,0.0001873,0.0001883,0.00018633,0.00018727,9830.0,1.516641e+12,1.84619862,33.0,8525.0,1.60202568,0.0
8852,1.516641e+12,0.00018727,0.0001885,0.00018645,0.00018668,2492.0,1.5166413e+12,0.46861708,27.0,1626.0,0.30634795,0.0
8853,1.5166413e+12,0.00018689,0.00018878,0.00018653,0.00018878,799.0,1.5166416e+12,0.14988921,15.0,602.0,0.11307354,0.0
8854,1.5166416e+12,0.00018767,0.00018767,0.00018644,0.00018644,2370.0,1.5166419e+12,0.44290338,14.0,178.0,0.03321919,0.0
8855,1.5166419e+12,0.00018646,0.00018651,0.00018646,0.00018651,1778.0,1.5166422e+12,0.33160272,7.0,0.0,0.0,0.0
8856,1.5166422e+12,0.0001867,0.0001878,0.00018655,0.0001875,3748.0,1.5166425e+12,0.70145986,29.0,2226.0,0.41719302,0.0
8857,1.5166425e+12,0.0001875,0.0001875,0.00018674,0.00018679,1135.0,1.5166428e+12,0.21225553,19.0,539.0,0.10089813,0.0
8858,1.5166428e+12,0.00018699,0.0001892,0.00018655,0.00018655,21234.0,1.5166431e+12,3.99893805,68.0,17468.0,3.29359467,0.0
8859,1.5166431e+12,0.00018655,0.00018918,0.00018654,0.00018747,1350.0,1.5166434e+12,0.25230598,24.0,617.0,0.11551588,0.0
8860,1.5166434e+12,0.00018718,0.00018768,0.00018661,0.00018688,3752.0,1.5166437e+12,0.70133366,18.0,886.0,0.16576535,0.0
8861,1.5166437e+12,0.00018798,0.00018833,0.00018686,0.00018706,1268.0,1.516644e+12,0.23782723,18.0,810.0,0.152118,0.0
8862,1.516644e+12,0.0001882,0.0001882,0.00018683,0.00018683,6474.0,1.5166443e+12,1.2100777,19.0,678.0,0.12719836,0.0
8863,1.5166443e+12,0.00018684,0.00018739,0.00018683,0.00018683,2444.0,1.5166446e+12,0.45734442,19.0,1369.0,0.25629311,0.0
8864,1.5166446e+12,0.0001872,0.00018874,0.00018719,0.00018874,2371.0,1.5166449e+12,0.44392761,14.0,2271.0,0.42520739,0.0
8865,1.5166449e+12,0.00018741,0.00018875,0.0001865,0.00018775,5996.0,1.5166452e+12,1.1208694,20.0,349.0,0.06571326,0.0
8866,1.5166452e+12,0.00018758,0.00018758,0.00018746,0.00018746,31.0,1.5166455e+12,0.00581366,2.0,20.0,0.0037516,0.0
8867,1.5166455e+12,0.00018745,0.00018745,0.00018648,0.00018745,371.0,1.5166458e+12,0.06922579,4.0,43.0,0.00806035,0.0
8868,1.5166458e+12,0.00018651,0.0001875,0.0001865,0.0001865,603.0,1.5166461e+12,0.11270381,9.0,140.0,0.02624912,0.0
8869,1.5166461e+12,0.00018769,0.00018769,0.00018769,0.00018769,46.0,1.5166464e+12,0.00863374,2.0,46.0,0.00863374,0.0
8870,1.5166464e+12,0.000187,0.00018775,0.00018675,0.00018775,550.0,1.5166467e+12,0.10291856,7.0,155.0,0.02909931,0.0
8871,1.5166467e+12,0.00018849,0.00018854,0.00018647,0.00018797,1597.0,1.516647e+12,0.30038878,15.0,445.0,0.08383318,0.0
8872,1.516647e+12,0.0001875,0.00018845,0.00018643,0.00018756,1019.0,1.5166473e+12,0.19130701,11.0,746.0,0.14032223,0.0
8873,1.5166473e+12,0.00018738,0.00018738,0.00018643,0.00018643,5973.0,1.5166476e+12,1.11460707,16.0,600.0,0.11205234,0.0
8874,1.5166476e+12,0.0001866,0.0001866,0.0001855,0.00018551,2502.0,1.5166479e+12,0.46506926,11.0,386.0,0.07202589,0.0
8875,1.5166479e+12,0.00018551,0.00018845,0.000185,0.00018626,5865.0,1.5166482e+12,1.096759,33.0,4777.0,0.894956,0.0
8876,1.5166482e+12,0.00018678,0.00018827,0.00018677,0.00018707,632.0,1.5166485e+12,0.11839574,12.0,344.0,0.06455908,0.0
8877,1.5166485e+12,0.00018707,0.00018733,0.00018503,0.00018733,982.0,1.5166488e+12,0.18274528,7.0,154.0,0.02884882,0.0
8878,1.5166488e+12,0.00018666,0.00018707,0.00018639,0.00018645,295.0,1.5166491e+12,0.05506731,9.0,258.0,0.04816866,0.0
8879,1.5166491e+12,0.00018645,0.00018645,0.00018515,0.00018644,423.0,1.5166494e+12,0.07867765,9.0,130.0,0.0242372,0.0
8880,1.5166494e+12,0.00018543,0.00018644,0.000185,0.00018644,6037.0,1.5166497e+12,1.11815742,16.0,712.0,0.13273219,0.0
8881,1.5166497e+12,0.0001863,0.00018645,0.00018499,0.00018645,4586.0,1.51665e+12,0.84865566,15.0,2260.0,0.41829846,0.0
8882,1.51665e+12,0.00018645,0.00018697,0.00018645,0.00018697,37.0,1.5166503e+12,0.00690593,2.0,37.0,0.00690593,0.0
8883,1.5166503e+12,0.00018733,0.00018733,0.00018645,0.00018645,62.0,1.5166506e+12,0.01157046,2.0,12.0,0.00224796,0.0
8884,1.5166506e+12,0.00018675,0.00018675,0.00018469,0.00018625,722.0,1.5166509e+12,0.13414579,12.0,289.0,0.05388325,0.0
8885,1.5166509e+12,0.00018494,0.00018601,0.00018494,0.00018601,170.0,1.5166512e+12,0.03159495,4.0,145.0,0.02697145,0.0
8886,1.5166512e+12,0.00018601,0.00018601,0.00018525,0.00018525,1913.0,1.5166515e+12,0.35446566,13.0,101.0,0.01878701,0.0
8887,1.5166515e+12,0.00018519,0.00018601,0.00018513,0.00018513,1854.0,1.5166518e+12,0.34330088,5.0,2.0,0.00037202,0.0
8888,1.5166518e+12,0.00018513,0.00018696,0.00018457,0.00018696,1686.0,1.5166521e+12,0.31393031,19.0,1063.0,0.19853602,0.0
8889,1.5166521e+12,0.00018541,0.00018684,0.00018541,0.00018581,622.0,1.5166524e+12,0.11581815,18.0,251.0,0.04689684,0.0
8890,1.5166524e+12,0.00018581,0.00018689,0.00018581,0.00018581,725.0,1.5166527e+12,0.13480377,9.0,88.0,0.0164428,0.0
8891,1.5166527e+12,0.00018581,0.00018677,0.00018581,0.00018671,3584.0,1.516653e+12,0.66898636,10.0,188.0,0.0351037,0.0
8892,1.516653e+12,0.00018523,0.00018645,0.00018402,0.00018404,441.0,1.5166533e+12,0.08138101,13.0,11.0,0.00205095,0.0
8893,1.5166533e+12,0.00018411,0.00018589,0.00018411,0.00018556,502.0,1.5166536e+12,0.09310411,8.0,206.0,0.0382349,0.0
8894,1.5166536e+12,0.00018556,0.00018556,0.00018556,0.00018556,93.0,1.5166539e+12,0.01725708,3.0,0.0,0.0,0.0
8895,1.5166539e+12,0.00018556,0.00018556,0.00018397,0.00018397,2360.0,1.5166542e+12,0.43428391,17.0,46.0,0.00849459,0.0
8896,1.5166542e+12,0.00018344,0.00018557,0.0001829,0.00018557,3466.0,1.5166545e+12,0.63615231,39.0,1008.0,0.18527514,0.0
8897,1.5166545e+12,0.00018571,0.00018678,0.00018297,0.00018544,1143.0,1.5166548e+12,0.21162933,28.0,454.0,0.08421345,0.0
8898,1.5166548e+12,0.00018549,0.00018549,0.00018373,0.00018373,569.0,1.5166551e+12,0.10513988,12.0,224.0,0.04140935,0.0
8899,1.5166551e+12,0.00018488,0.00018539,0.00018488,0.00018535,1034.0,1.5166554e+12,0.19157517,10.0,795.0,0.14726696,0.0
8900,1.5166554e+12,0.00018388,0.00018539,0.00018338,0.00018524,554.0,1.5166557e+12,0.10212904,14.0,67.0,0.0124169,0.0
8901,1.5166557e+12,0.00018329,0.00018522,0.00018329,0.00018495,826.0,1.516656e+12,0.15208244,12.0,772.0,0.14214914,0.0
8902,1.516656e+12,0.00018403,0.0001844,0.0001822,0.0001844,2358.0,1.5166563e+12,0.43266498,25.0,389.0,0.07149803,0.0
8903,1.5166563e+12,0.00018441,0.00018471,0.00018441,0.00018471,266.0,1.5166566e+12,0.04911336,6.0,232.0,0.04283322,0.0
